P06T24,MidHip,662.701,292.456,572.6,496.132,725.362,509.847,0.0,687.9872266227336,249.98217312068994
P06T24,Other,664.54,288.576,572.516,484.382,725.412,505.911,0.0,148.6287759146348,652.4750202266508
P06T24,Other,662.681,288.403,572.543,492.197,729.319,496.22,0.0,687.5719631957371,250.96813994935326
P06T24,Other,662.691,288.4,572.5,490.282,729.246,496.226,0.0,148.6287759146348,652.4750202266508
P06T24,LElbow,662.67,288.407,572.568,490.218,729.224,496.153,0.0,688.0753165569458,251.9235142536078
P06T24,LElbow,660.76,286.458,572.495,478.552,729.285,484.41,0.0,148.6287759146348,652.4750202266508
P06T24,Other,662.701,278.742,574.548,480.454,731.312,490.304,0.0,688.5795347552355,253.2245423906301
P06T24,Other,664.734,282.584,580.406,476.525,739.06,486.389,0.0,148.6287759146348,652.4750202266508
P06T24,Other,670.527,288.462,588.161,480.465,745.026,498.158,0.0,688.092845047553,253.5799499159364
P06T24,Other,680.294,292.372,594.111,492.271,758.596,500.102,0.0,148.6287759146348,652.4750202266508
P06T24,Other,686.22,298.309,604.02,494.178,766.489,505.97,0.0,688.5563530938424,253.77907336899904
P06T24,Other,697.967,304.214,619.639,498.153,778.317,507.975,0.0,689.456860085,255.17481961736414
P06T24,Other,711.691,306.223,633.244,503.961,790.044,517.684,4.0,148.23654270508374,654.8878859027392
P06T24,Other,715.568,310.027,635.305,498.144,795.874,519.658,0.0,689.2837669320362,255.42350166114593
P06T24,Other,717.522,311.977,635.361,504.001,793.942,517.723,0.0,148.23654270508374,654.8878859027392
P06T24,Other,713.63,319.733,633.33,507.953,787.997,523.605,3.0,689.6375153631419,255.6821764034463
P06T24,Other,709.692,321.789,623.497,509.885,776.286,527.526,2.0,148.23654270508374,654.8878859027392
P06T24,Other,696.037,323.77,611.75,509.889,772.339,529.471,2.0,691.1324997379184,256.60741660326016
P06T24,Other,682.287,329.61,602.04,513.834,758.598,539.196,2.0,148.23654270508374,654.8878859027392
P06T24,Other,670.524,331.536,590.236,523.642,748.87,537.278,4.0,690.2904676180582,257.78245779761545
P06T24,Other,662.705,331.624,580.401,523.587,741.009,541.205,2.0,148.23654270508374,654.8878859027392
P06T24,Other,650.919,335.453,572.551,527.478,729.214,537.321,4.0,690.6694181421126,256.5926456686777
P06T24,Other,646.986,335.49,570.506,529.441,725.357,539.22,2.0,148.23654270508374,654.8878859027392
P06T24,Other,635.265,335.487,560.831,527.579,721.483,537.284,2.0,690.7226606366488,256.1789711025308
P06T24,Other,633.248,335.481,556.964,533.397,715.622,527.522,6.0,148.23654270508374,654.8878859027392
P06T24,Other,623.471,335.438,556.837,529.445,711.732,529.452,2.0,691.0084171748422,257.023353310851
P06T24,LElbow,625.447,261.061,553.008,460.837,709.673,466.789,0.0,148.23654270508374,654.8878859027392
P06T24,Other,625.44,259.119,554.931,449.201,703.801,466.794,0.0,690.263469550012,255.40220317148132
P06T24,LElbow,625.492,259.096,554.949,451.11,709.736,468.74,0.0,148.23654270508374,654.8878859027392
P06T24,LElbow,629.327,259.053,554.915,453.052,707.739,464.813,0.0,691.8095966873035,256.99341614919
P06T24,Other,625.475,259.058,552.899,460.826,705.758,462.862,0.0,148.23654270508374,654.8878859027392
P06T24,Other,621.584,259.122,545.132,460.853,699.891,462.919,0.0,691.667857551164,256.4587830445731
P06T24,Other,619.558,261.072,541.293,458.888,697.893,462.924,0.0,489.9116163983472,389.2318048864956
P06T24,LElbow,617.695,263.037,541.276,462.902,697.995,468.7,0.0,692.5496398640123,257.08809026965747
P06T24,LElbow,617.656,265.004,541.207,460.865,696.059,470.704,0.0,148.23654270508374,654.8878859027392
P06T24,Other,617.623,266.923,541.193,458.956,694.026,468.763,0.0,692.9769604419714,257.48853759484115
P06T24,Other,617.557,264.966,541.15,464.784,694.012,466.812,0.0,148.23654270508374,654.8878859027392
P06T24,Other,615.686,264.954,539.262,462.817,692.056,472.674,0.0,694.5275541162966,259.37927167437994
P06T24,Other,611.78,266.925,537.26,468.697,686.182,476.631,0.0,148.23654270508374,654.8878859027392
P06T24,Other,605.865,270.83,531.393,464.832,684.235,462.848,0.0,694.4308696397088,260.4775618122651
P06T24,Other,603.894,272.785,525.644,468.706,684.258,472.637,0.0,148.23654270508374,654.8878859027392
P06T24,Other,602.022,272.897,525.651,474.634,682.271,476.551,0.0,694.7605595717973,260.86955845800827
P06T24,Other,601.996,274.707,525.541,474.59,680.36,478.573,0.0,148.23654270508374,654.8878859027392
P06T24,Other,602.011,274.764,525.628,476.536,682.24,478.576,0.0,695.646982894024,261.7238644003329
P06T24,Other,602.036,274.791,525.655,474.608,684.211,474.605,0.0,148.23654270508374,654.8878859027392
P06T24,Other,602.031,274.881,525.639,472.678,684.271,476.539,0.0,695.9731219561982,262.7548353523536
P06T24,Other,603.834,284.546,525.626,484.421,684.223,484.406,0.0,148.23654270508374,654.8878859027392
P06T24,Other,603.884,288.42,527.576,480.496,682.352,490.268,0.0,696.9869214852338,263.32240897328376
P06T24,Other,604.018,290.416,537.278,492.192,688.187,490.282,0.0,148.23654270508374,654.8878859027392
P06T24,Other,607.83,290.567,537.317,492.219,688.141,496.138,1.0,697.0133706457609,262.8847355036043
P06T24,Other,609.76,292.445,537.297,492.3,690.125,496.183,0.0,148.23654270508374,654.8878859027392
P06T24,Other,617.527,292.481,541.272,498.114,695.965,502.027,1.0,698.508490159712,262.1776071799366
P06T24,Other,617.682,294.419,541.319,494.209,705.801,494.178,0.0,148.23654270508374,654.8878859027392
P06T24,Other,619.497,298.271,541.297,494.206,696.026,505.913,0.0,698.5324493507322,261.2112423719325
P06T24,MidHip,619.532,302.177,543.177,498.128,697.968,507.852,0.0,148.23654270508374,654.8878859027392
P06T24,MidHip,619.619,304.139,543.206,498.114,697.94,507.926,0.0,698.2109675948681,260.0396635262741
P06T24,LElbow,621.521,306.032,545.112,502.018,697.947,507.952,0.0,148.23654270508374,654.8878859027392
P06T24,Other,623.483,306.21,549.032,500.084,698.047,505.973,0.0,699.0537685146553,258.2797673075457
P06T24,Other,625.451,308.069,550.983,500.067,699.891,511.835,0.0,148.23654270508374,654.8878859027392
P06T24,Neck,627.398,308.086,554.904,505.921,701.897,513.826,0.0,700.0257951240498,256.1047423463992
P06T24,Other,629.339,308.148,554.927,507.908,701.913,515.729,0.0,148.23654270508374,654.8878859027392
P06T24,LElbow,629.374,310.045,554.903,505.901,705.755,511.828,0.0,700.4808792841086,253.89285860349085
P06T24,Other,629.414,311.994,554.924,507.943,699.934,515.752,3.0,148.23654270508374,654.8878859027392
P06T24,LElbow,631.296,311.975,554.974,509.844,709.683,515.776,3.0,700.5107973191484,251.55451083000852
P06T24,LElbow,631.362,311.974,556.823,509.872,707.713,519.632,3.0,148.23654270508374,654.8878859027392
P06T24,Other,633.202,313.937,556.883,509.839,709.629,521.586,0.0,700.5541911245443,249.6472800502551
P06T24,Other,633.209,315.931,556.874,511.808,709.686,513.806,0.0,148.23654270508374,654.8878859027392
P06T24,LElbow,633.206,317.896,556.862,511.87,707.709,515.786,3.0,703.0796861777114,248.16387036774938
P06T24,LElbow,633.209,319.741,556.901,513.792,709.648,515.758,3.0,148.23654270508374,654.8878859027392
P06T24,LElbow,633.232,319.742,556.931,513.805,709.656,515.748,3.0,704.4285997021022,246.40505690241835
P06T24,Other,633.307,319.726,556.892,513.827,711.558,519.671,3.0,148.23654270508374,654.8878859027392
P06T24,Other,635.174,317.858,556.867,509.809,711.582,521.637,3.0,705.9844117368525,245.31664892715625
P06T24,Other,635.186,315.943,557.003,513.804,711.58,523.648,2.0,148.23654270508374,654.8878859027392
P06T24,LElbow,633.386,315.882,556.963,517.691,709.673,521.639,3.0,709.3132911371595,245.54743824657527
P06T24,Other,633.364,315.952,556.898,511.886,709.636,523.526,0.0,148.23654270508374,654.8878859027392
P06T24,Other,633.343,317.903,555.007,511.872,707.749,521.634,0.0,710.0159253904166,243.92561275564032
P06T24,Other,635.176,319.78,556.956,515.778,711.56,517.726,0.0,148.23654270508374,654.8878859027392
P06T24,Other,635.301,319.801,558.834,515.746,711.634,525.54,0.0,713.1298869657211,242.90119698606858
P06T24,Other,635.317,319.867,556.909,515.776,711.62,525.55,0.0,148.23654270508374,654.8878859027392
P06T24,Other,635.253,319.9,556.967,517.727,709.651,523.505,2.0,716.3852762029306,241.7543423569308
P06T24,Other,633.352,321.713,555.007,513.789,705.773,525.587,2.0,148.23654270508374,654.8878859027392
P06T24,Other,633.344,321.745,554.946,511.87,705.763,527.489,4.0,718.1051364119865,239.64968669559133
P06T24,Other,633.318,321.758,554.859,507.931,701.908,523.601,4.0,148.23654270508374,654.8878859027392
P06T24,Other,633.273,321.747,553.006,511.834,703.844,525.609,2.0,720.9263488561649,237.01124030477754
P06T24,Other,631.367,321.787,554.853,521.582,703.831,525.565,0.0,148.23654270508374,654.8878859027392
P06T24,Other,631.347,321.824,554.89,523.548,699.94,525.63,0.0,723.3619447640299,234.95746690474164
P06T24,Other,631.321,321.825,553.013,521.643,699.965,523.626,0.0,148.23654270508374,654.8878859027392
P06T24,Other,631.309,321.824,552.969,519.693,698.048,525.497,0.0,727.6555551116787,232.0034024059558
P06T24,Other,631.298,321.84,549.088,513.807,699.983,523.549,0.0,148.23654270508374,654.8878859027392
P06T24,Other,631.322,325.754,547.084,525.612,711.636,541.182,2.0,730.1131819022645,229.34563453415618
P06T24,Other,631.266,327.655,545.139,523.559,711.622,537.271,4.0,148.23654270508374,654.8878859027392
P06T24,Other,631.278,325.735,543.154,519.697,711.565,537.335,4.0,734.4620675876572,228.53606521238035
P06T24,Other,631.298,323.823,543.194,519.68,713.69,525.616,4.0,148.23654270508374,654.8878859027392
P06T24,Other,631.334,323.784,543.149,509.922,713.646,525.572,0.0,737.0141249685809,226.7861906082728
P06T24,Other,631.356,323.76,541.204,509.86,715.586,527.56,1.0,148.23654270508374,654.8878859027392
P06T24,Other,631.353,323.784,541.188,507.989,715.596,529.479,3.0,739.1084297443413,226.0773383080148
P06T24,Other,631.304,323.82,539.258,509.847,715.656,531.395,2.0,148.23654270508374,654.8878859027392
P06T24,Other,631.291,325.762,535.316,513.787,721.463,527.522,3.0,742.2375757700776,225.762844564715
P06T24,Other,631.302,329.613,529.501,515.745,717.529,529.47,4.0,148.23654270508374,654.8878859027392
P06T24,Other,631.276,331.584,529.483,523.527,725.321,539.258,3.0,745.6290780798959,225.00259500772086
P06T24,Other,631.288,333.475,527.559,523.536,725.332,537.308,6.0,148.23654270508374,654.8878859027392
P06T24,Other,625.501,327.695,529.494,519.652,725.384,539.245,5.0,747.6001650901874,224.3859626117367
P06T24,Other,625.46,327.67,525.631,523.538,723.405,537.325,4.0,148.23654270508374,654.8878859027392
P06T24,Other,623.492,329.601,527.486,523.503,721.426,539.22,4.0,750.1754221577038,224.65643472068342
P06T24,Other,619.555,331.606,529.507,525.624,719.519,547.097,4.0,148.23654270508374,654.8878859027392
P06T24,Other,617.707,333.529,525.638,523.568,713.692,541.197,4.0,750.4261640716677,223.59027934994205
P06T24,Other,617.638,335.435,525.562,527.471,713.701,541.306,4.0,148.23654270508374,654.8878859027392
P06T24,Other,617.608,335.492,527.54,523.526,711.579,539.181,3.0,751.8068087077702,225.53315264610512
P06T24,Other,617.608,335.487,525.614,525.619,711.58,539.318,4.0,148.23654270508374,654.8878859027392
P06T24,Other,617.609,335.477,527.473,525.513,709.703,539.261,6.0,752.1652002179378,224.35809530904652
P06T24,Other,617.577,335.467,527.513,521.659,705.794,539.264,3.0,148.23654270508374,654.8878859027392
P06T24,Other,617.548,333.582,529.497,523.587,707.751,535.341,4.0,752.1576858620186,224.37885044060002
P06T24,Other,615.679,333.585,529.443,523.554,703.847,529.444,5.0,148.23654270508374,654.8878859027392
P06T24,Other,615.65,335.449,529.509,525.575,699.983,539.308,7.0,751.4595589332955,223.7531698046747
P06T24,Other,615.651,335.446,533.375,525.489,701.898,537.33,2.0,680.9081431157258,371.4237696185402
P06T24,Other,615.69,335.534,535.343,523.608,699.964,541.286,2.0,750.1404062659335,221.58713719764103
P06T24,Other,615.695,335.544,535.346,521.663,697.948,539.247,2.0,148.23654270508374,654.8878859027392
P06T24,Other,615.658,335.56,533.394,525.56,696.016,533.385,2.0,748.6941444359079,220.9280906636522
P06T24,Other,615.599,335.473,529.476,523.638,695.901,533.366,4.0,148.23654270508374,654.8878859027392
P06T24,Other,613.67,335.404,529.454,523.507,696.002,533.401,8.0,747.0180076946798,219.89848234202623
P06T24,Other,613.693,331.602,529.44,519.664,696.073,529.499,2.0,148.23654270508374,654.8878859027392
P06T24,Other,613.659,329.599,527.578,511.807,696.044,523.547,4.0,744.5038350389616,219.73299343164248
P06T24,Other,611.755,325.742,527.511,509.963,696.018,529.485,2.0,148.23654270508374,654.8878859027392
P06T24,Other,611.727,325.697,525.639,511.898,695.921,523.579,3.0,740.9423243138274,218.04224246866602
P06T24,Other,609.821,325.699,525.636,515.734,694.065,527.475,2.0,148.23654270508374,654.8878859027392
P06T24,Other,609.773,325.713,525.577,513.768,695.95,525.492,4.0,737.5354652659057,218.00539398370276
P06T24,Other,609.759,323.835,525.646,509.892,695.922,521.577,0.0,148.23654270508374,654.8878859027392
P06T24,Other,611.729,323.764,527.524,511.841,695.93,523.52,1.0,733.6168090972976,216.26981841719254
P06T24,Other,611.776,321.821,527.504,513.779,695.988,525.514,1.0,148.23654270508374,654.8878859027392
P06T24,Other,611.762,321.746,525.521,509.855,697.87,523.608,0.0,148.23654270508374,654.8878859027392
P06T24,Other,611.768,319.909,523.574,509.801,697.998,523.569,2.0,729.9499632789846,216.82893960150383
P06T24,Other,615.589,319.868,513.792,509.939,711.685,527.529,4.0,726.1084016071027,215.50898189705046
P06T24,Other,615.606,319.861,513.781,509.83,713.718,515.732,4.0,148.23654270508374,654.8878859027392
P06T24,Other,615.622,319.858,496.159,505.955,737.092,521.574,4.0,723.2480590928405,216.22937141082897
P06T24,Other,613.732,319.856,480.455,496.154,744.99,511.806,2.0,148.23654270508374,654.8878859027392
P06T24,Other,613.658,319.852,476.637,496.221,758.661,507.847,4.0,718.9712188555602,215.51387060354625
P06T24,Other,609.818,319.819,462.936,492.298,760.69,496.204,2.0,148.23654270508374,654.8878859027392
P06T24,Other,609.779,319.914,464.793,492.168,768.502,492.164,1.0,714.2666180455963,213.30246627335643
P06T24,Other,609.828,321.74,445.207,466.786,776.325,482.468,4.0,148.23654270508374,654.8878859027392
P06T24,Other,611.716,321.804,431.569,462.889,784.163,474.555,5.0,710.4796956228395,213.37174591160615
P06T24,Other,611.711,323.741,427.58,460.797,790.035,464.796,5.0,148.23654270508374,654.8878859027392
P06T24,Other,609.774,323.769,429.485,449.191,790.047,458.896,4.0,706.0193101254639,213.5977088633396
P06T24,Other,607.841,323.77,425.625,447.206,790.02,449.215,5.0,148.23654270508374,654.8878859027392
P06T24,Other,607.811,323.793,417.766,449.148,792.017,445.272,7.0,703.403627527335,213.01294490081682
P06T24,Other,607.808,323.824,419.746,443.246,794.003,441.328,7.0,148.23654270508374,654.8878859027392
P06T24,Other,605.918,323.828,419.755,437.363,799.852,435.392,4.0,699.9425336249452,213.6704787159251
P06T24,Other,605.866,323.836,415.816,433.434,803.711,431.621,5.0,148.23654270508374,654.8878859027392
P06T24,Other,604.019,325.682,409.921,439.328,805.712,431.51,4.0,697.2896131057266,214.59884892794062
P06T24,Other,603.96,323.83,413.882,439.312,807.603,429.636,3.0,148.23654270508374,654.8878859027392
P06T24,Other,603.917,323.826,408.013,435.421,809.635,429.599,3.0,694.0400505902271,215.23971724177656
P06T24,Other,603.926,325.7,409.978,439.329,807.67,431.458,4.0,148.23654270508374,654.8878859027392
P06T24,Other,603.847,333.505,478.471,445.253,737.11,433.518,2.0,692.241354762298,216.27723937023643
P06T24,Other,603.841,333.52,507.831,447.137,699.946,439.351,2.0,148.23654270508374,654.8878859027392
P06T24,Other,603.837,335.485,599.954,451.093,617.591,429.634,5.0,690.0848442873532,217.50156506909218
P06T24,Other,603.846,337.406,584.294,458.939,619.557,431.464,7.0,148.23654270508374,654.8878859027392
P06T24,Other,602.022,339.453,582.386,447.212,633.24,449.151,8.0,687.863599479381,218.8361776084269
P06T24,Other,601.855,341.39,586.33,447.221,623.498,460.946,7.0,148.23654270508374,654.8878859027392
P06T24,Other,599.968,341.419,586.309,447.244,619.627,460.946,7.0,686.2546707067427,219.51089104864766
P06T24,Other,599.95,341.394,586.334,447.234,619.599,460.962,7.0,148.23654270508374,654.8878859027392
P06T24,Other,600.032,341.394,586.351,449.202,621.572,462.771,7.0,683.4518685103626,220.6419874015804
P06T24,Other,601.937,339.48,588.305,449.139,623.533,460.934,7.0,490.915817181276,370.02313683435796
P06T24,Other,598.037,339.439,574.544,460.874,633.295,462.908,6.0,681.4187032294477,221.8249798223136
P06T24,Other,592.182,337.542,566.714,476.496,639.217,476.509,6.0,148.23654270508374,654.8878859027392
P06T24,Other,590.247,337.51,558.845,492.169,646.969,482.475,7.0,680.47648760742,223.11946431852434
P06T24,Other,590.212,337.496,554.947,507.923,650.915,492.301,8.0,148.23654270508374,654.8878859027392
P06T24,Other,592.137,337.503,550.966,523.535,650.893,521.64,8.0,677.4000099847135,222.9600354481998
P06T24,Other,596.072,337.465,539.316,533.409,662.682,525.507,8.0,148.23654270508374,654.8878859027392
P06T24,Other,598.036,337.436,527.551,539.203,678.367,525.532,8.0,676.9738889320785,223.36804129849696
P06T24,Other,598.067,337.403,523.612,541.27,678.295,541.208,7.0,148.23654270508374,654.8878859027392
P06T24,Other,596.069,335.571,515.778,539.278,678.383,541.275,7.0,674.4900914216607,223.33879463676956
P06T24,Other,592.162,335.54,509.862,543.206,680.302,539.282,7.0,148.23654270508374,654.8878859027392
P06T24,Other,588.268,335.589,507.864,543.237,694.047,550.987,6.0,672.2804122606678,223.9190158985067
P06T24,Other,586.319,337.532,496.16,539.18,686.203,552.93,7.0,148.23654270508374,654.8878859027392
P06T24,Other,586.262,339.39,500.086,539.312,695.953,549.065,7.0,671.0849801990078,224.93738079417494
P06T24,Other,586.256,339.395,498.123,539.253,695.991,543.213,6.0,148.23654270508374,654.8878859027392
P06T24,Other,584.32,337.511,492.254,529.459,690.141,545.156,7.0,670.3923375631688,225.40877114350042
P06T24,Other,582.339,337.528,490.278,525.537,694.066,545.113,7.0,148.23654270508374,654.8878859027392
P06T24,Other,578.482,339.448,492.144,521.647,692.048,541.209,7.0,668.0392633942442,225.85949377910993
P06T24,Other,578.419,339.509,484.437,527.535,694.002,549.031,7.0,148.23654270508374,654.8878859027392
P06T24,Other,576.526,341.381,492.145,525.545,692.104,547.123,7.0,666.4075555637257,226.17579696342543
P06T24,Other,576.521,341.384,490.232,527.486,694.012,549.075,7.0,148.23654270508374,654.8878859027392
P06T24,Other,578.434,341.374,486.352,525.517,690.123,543.223,7.0,666.4418344974818,228.76636359378696
P06T24,Other,578.459,341.365,478.563,527.528,694.039,547.07,7.0,148.23654270508374,654.8878859027392
P06T24,Other,580.375,339.501,490.231,529.469,693.987,545.156,6.0,665.2761926684786,229.88330707225938
P06T24,Other,578.477,341.355,496.149,539.29,684.225,545.127,6.0,148.23654270508374,654.8878859027392
P06T24,Other,578.48,343.33,498.165,541.227,688.153,556.853,7.0,664.0860290433297,231.54347058202904
P06T24,Other,580.363,347.214,498.154,543.172,678.358,545.113,7.0,148.23654270508374,654.8878859027392
P06T24,Other,574.565,349.189,498.127,545.185,666.656,556.901,7.0,663.4077254343406,233.09902001079357
P06T24,Other,572.656,351.091,498.137,549.032,660.715,554.893,8.0,148.23654270508374,654.8878859027392
P06T24,Other,574.512,351.123,505.894,549.074,658.768,554.997,7.0,662.1620830734716,234.39392624471387
P06T24,Other,576.505,351.084,505.975,547.085,664.553,554.863,7.0,148.23654270508374,654.8878859027392
P06T24,Other,582.341,349.161,505.989,547.084,664.614,554.862,7.0,660.5279117874661,235.95047965027288
P06T24,Other,582.381,347.272,505.924,543.224,676.402,560.817,6.0,148.23654270508374,654.8878859027392
P06T24,Other,582.382,345.332,503.952,541.217,674.452,558.862,7.0,661.2747059622252,237.2812815632899
P06T24,Other,584.257,345.297,505.889,545.111,672.458,554.989,6.0,148.23654270508374,654.8878859027392
P06T24,Other,584.309,345.315,500.1,541.291,666.668,545.133,6.0,660.2715809223967,237.3219668332492
P06T24,Other,584.325,345.337,502.04,543.22,684.244,558.878,7.0,148.23654270508374,654.8878859027392
P06T24,Other,584.32,349.146,500.065,543.232,688.156,562.771,7.0,658.9282061114601,238.746832843831
P06T24,Other,584.303,349.198,498.12,539.244,682.215,552.967,8.0,148.23654270508374,654.8878859027392
P06T24,Other,584.297,349.229,500.071,541.245,684.203,554.926,8.0,659.4771560749766,239.4820322624631
P06T24,Other,584.294,349.217,498.144,541.156,680.372,550.992,8.0,148.23654270508374,654.8878859027392
P06T24,Other,584.306,349.229,498.144,541.265,680.258,552.931,8.0,658.489254120374,240.67969063031796
P06T24,Other,584.341,349.199,500.083,539.276,678.336,552.914,8.0,148.23654270508374,654.8878859027392
P06T24,Other,586.185,349.224,498.15,541.183,682.226,554.899,8.0,661.1376932693104,247.86844498854546
P06T24,Other,586.222,349.195,502.01,543.234,686.218,554.896,7.0,148.23654270508374,654.8878859027392
P06T24,Other,586.258,349.23,504.006,545.163,688.133,552.997,7.0,657.3302762577929,241.29162812081037
P06T24,Other,586.295,349.25,507.831,547.113,692.044,556.946,8.0,148.23654270508374,654.8878859027392
P06T24,Other,586.3,351.111,507.838,550.983,684.282,554.88,8.0,658.0967630326444,241.83440415856376
P06T24,Other,586.319,351.14,507.879,543.23,694.014,568.613,8.0,148.23654270508374,654.8878859027392
P06T24,Other,586.341,351.169,509.822,547.084,692.044,564.731,8.0,656.0309472643756,241.95405808082754
P06T24,Other,586.365,351.187,507.986,545.113,670.538,552.923,8.0,173.36631253490827,487.5213708479123
P06T24,Other,588.156,351.2,507.882,547.091,678.346,552.979,8.0,658.7634688860974,249.26782025722412
P06T24,Other,588.16,351.222,507.864,547.094,678.353,554.882,8.0,148.23654270508374,654.8878859027392
P06T24,Other,588.153,351.265,503.969,543.236,678.332,554.924,8.0,655.8347517155357,243.2215999144584
P06T24,Other,586.346,351.275,509.915,554.948,680.256,554.937,8.0,148.23654270508374,654.8878859027392
P06T24,Other,586.364,353.052,509.87,554.928,680.274,556.9,8.0,658.6380927991083,251.03025675297954
P06T24,Other,588.182,353.078,509.897,554.907,680.365,558.838,8.0,148.23654270508374,654.8878859027392
P06T24,Other,588.246,353.08,509.964,550.987,680.383,556.92,8.0,148.23654270508374,654.8878859027392
P06T24,Other,588.312,353.064,509.88,547.127,680.296,558.835,8.0,654.4837259334121,244.22476978394798
P06T24,Other,588.35,353.064,509.802,543.182,682.245,558.91,8.0,653.727645145482,243.56559687734668
P06T24,Other,590.198,353.055,511.802,547.125,690.095,568.657,8.0,148.23654270508374,654.8878859027392
P06T24,Other,590.222,353.056,511.809,545.173,688.169,566.709,8.0,654.8955418397647,243.3961800598562
P06T24,Other,590.195,353.069,511.799,545.18,686.207,564.724,8.0,148.23654270508374,654.8878859027392
P06T24,Other,590.19,353.063,509.898,545.133,684.259,558.877,8.0,657.3580386996591,250.73634048069877
P06T24,Other,588.353,353.074,511.81,554.973,680.297,558.836,8.0,148.23654270508374,654.8878859027392
P06T24,Other,588.273,353.1,511.829,554.971,684.261,562.797,8.0,659.7282724127317,257.54777847565623
P06T24,Other,588.22,353.103,509.934,552.926,680.329,560.814,8.0,148.23654270508374,654.8878859027392
P06T24,Other,588.158,353.096,509.959,556.834,695.992,568.66,8.0,669.732368241325,261.4639841022287
P06T24,Other,586.365,353.1,509.832,554.964,680.343,558.851,8.0,148.23654270508374,654.8878859027392
P06T24,Other,586.365,353.11,509.86,556.87,682.265,558.899,8.0,671.6355330196762,268.6931771551828
P06T24,Other,588.158,353.113,509.902,556.858,680.258,556.944,8.0,148.23654270508374,654.8878859027392
P06T24,Other,588.148,353.106,509.863,556.855,680.304,558.842,8.0,674.203164164762,275.7770620395456
P06T24,Other,586.335,353.103,507.897,552.966,682.336,564.717,8.0,148.23654270508374,654.8878859027392
P06T24,Other,586.281,353.124,507.906,552.951,680.372,558.871,8.0,1073.2533651544463,481.1982877912763
P06T24,Other,586.285,353.176,507.822,552.969,674.439,558.906,8.0,148.23654270508374,654.8878859027392
P06T24,Other,586.241,355.117,507.842,556.889,668.55,556.887,8.0,1073.2533651544463,481.1982877912763
P06T24,Other,586.173,355.179,504.017,552.977,684.264,572.549,8.0,148.23654270508374,654.8878859027392
P06T24,Other,584.348,357.101,504.017,558.823,684.224,570.617,8.0,1073.2533651544463,481.1982877912763
P06T24,Other,586.164,357.08,505.9,556.907,684.227,572.577,8.0,148.23654270508374,654.8878859027392
P06T24,Other,586.208,357.032,505.945,554.952,680.369,570.566,8.0,1073.2533651544463,481.1982877912763
P06T24,Other,586.276,355.161,507.889,556.85,678.315,566.699,8.0,148.23654270508374,654.8878859027392
P06T24,Other,586.304,353.199,507.853,556.854,680.246,560.84,8.0,1073.2533651544463,481.1982877912763
P06T24,Other,586.288,353.2,507.86,556.935,666.533,558.918,8.0,148.23654270508374,654.8878859027392
P06T24,Other,586.275,353.191,507.868,556.948,666.557,556.926,8.0,1073.2533651544463,481.1982877912763
P06T24,Other,586.269,353.177,507.926,556.842,670.493,554.974,8.0,148.23654270508374,654.8878859027392
P06T24,Other,586.274,353.177,507.911,556.931,668.599,554.991,8.0,1073.2533651544463,481.1982877912763
P06T24,Other,586.266,353.168,503.957,552.992,676.353,554.974,8.0,148.23654270508374,654.8878859027392
P06T24,Other,586.243,353.188,505.908,554.964,674.47,560.788,8.0,1073.2533651544463,481.1982877912763
P06T24,Other,586.219,353.197,502.039,547.103,668.618,558.85,8.0,148.23654270508374,654.8878859027392
P06T24,Other,586.216,353.218,503.982,552.929,664.722,558.856,8.0,730.0326858456737,229.50841308777004
P06T24,Other,586.245,353.212,505.916,556.872,672.509,556.965,8.0,148.23654270508374,654.8878859027392
P06T24,Other,586.256,353.198,502.05,554.886,668.597,560.809,8.0,763.8562275662251,183.06156463047253
P06T24,Other,586.259,353.199,503.986,554.932,668.627,558.891,8.0,148.23654270508374,654.8878859027392
P06T24,Other,586.251,353.19,505.911,554.973,668.597,558.877,8.0,148.23654270508374,654.8878859027392
P06T24,Other,586.257,353.196,507.835,556.965,666.663,558.871,8.0,720.9766817848893,278.4024196056816
P06T24,Other,586.262,353.219,507.846,556.959,666.652,560.848,8.0,148.23654270508374,654.8878859027392
P06T24,Other,586.278,353.237,507.842,556.92,668.633,560.839,8.0,656.5496056737403,297.915105963679
P06T24,Other,586.285,353.225,507.931,558.835,676.38,562.751,8.0,528.1011454565505,164.49259152767664
P06T24,Other,586.3,353.225,507.864,554.994,678.295,562.744,8.0,653.8436664715366,299.91888640817496
P06T24,Other,586.305,353.216,507.927,556.892,676.361,560.821,8.0,148.23654270508374,654.8878859027392
P06T24,Other,586.304,353.226,507.913,556.901,668.616,560.781,8.0,661.1745043497058,297.758843161531
P06T24,Other,586.302,353.23,507.946,556.959,674.417,560.784,8.0,667.2877418718703,296.1752450657732
P06T24,Other,586.31,355.07,507.949,558.899,678.336,556.951,8.0,148.23654270508374,654.8878859027392
P06T24,Other,586.302,355.136,507.88,558.838,678.38,560.796,8.0,674.6320161776866,276.6218619291475
P06T24,Other,586.283,355.119,507.882,556.902,670.538,560.789,8.0,148.23654270508374,654.8878859027392
P06T24,Other,586.299,355.113,507.857,558.819,676.363,558.86,8.0,665.7900735537289,282.21295982635684
P06T24,Other,586.317,353.184,509.828,556.893,672.45,562.739,8.0,148.23654270508374,654.8878859027392
P06T24,Other,586.308,353.216,507.94,554.952,678.298,562.745,8.0,665.7349455590509,282.8921549304364
P06T24,Other,586.308,353.24,509.808,558.873,676.37,562.758,8.0,148.23654270508374,654.8878859027392
P06T24,Other,586.315,355.071,509.81,560.796,680.297,566.713,8.0,665.0594740580957,283.81447411591313
P06T24,Other,586.318,355.095,507.98,558.846,680.371,570.567,8.0,148.23654270508374,654.8878859027392
P06T24,Other,586.32,355.121,507.893,554.877,682.232,570.583,8.0,664.3743040455132,284.7503280553647
P06T24,Other,586.328,355.145,507.925,556.884,680.269,568.614,8.0,148.23654270508374,654.8878859027392
P06T24,Other,586.328,355.138,507.914,556.849,680.343,568.652,8.0,663.688017643879,285.688012565404
P06T24,Other,586.326,355.108,507.949,558.873,676.39,560.838,8.0,148.23654270508374,654.8878859027392
P06T24,Other,586.319,355.101,507.943,560.842,676.401,564.746,8.0,663.0041976164123,286.62264230653017
P06T24,Other,586.32,355.095,507.977,560.844,682.221,568.661,8.0,148.23654270508374,654.8878859027392
P06T24,Other,586.344,355.07,509.796,560.833,680.264,564.742,8.0,663.4299590533386,269.6183897436746
P06T24,Other,586.359,353.207,507.898,554.985,676.393,556.964,8.0,148.23654270508374,654.8878859027392
P06T24,Other,586.334,351.214,507.859,552.953,666.6,558.872,8.0,659.7827526743506,258.31409475846476
P06T24,Other,586.317,351.192,505.911,552.994,666.596,558.852,8.0,148.23654270508374,654.8878859027392
P06T24,Other,586.29,351.189,505.9,541.259,664.679,556.903,8.0,662.8482819271264,264.3939898174486
P06T24,Neck,586.271,351.166,503.973,543.218,666.54,552.965,8.0,128000.0,72000.0
P06T24,Other,586.243,351.129,500.115,543.18,664.69,554.98,8.0,662.9748473351236,267.6663214118012
P06T24,Other,586.251,351.081,502.014,547.071,666.58,554.935,8.0,148.23654270508374,654.8878859027392
P06T24,Other,586.275,349.251,502.05,549.055,666.626,556.836,8.0,665.4088476238724,275.5515322040423
P06T24,Neck,586.298,349.194,503.968,549.026,664.547,556.828,8.0,148.23654270508374,654.8878859027392
P06T24,Neck,588.146,347.28,503.995,545.159,664.681,555.0,8.0,664.5069770951986,275.68750654847884
P06T24,Other,588.166,347.284,503.977,545.13,664.577,554.873,7.0,148.23654270508374,654.8878859027392
P06T24,Other,588.146,347.267,502.016,541.203,662.721,549.052,7.0,664.3568654973695,269.8704853543551
P06T24,Other,586.37,347.252,503.953,541.236,664.618,552.993,8.0,148.23654270508374,654.8878859027392
P06T24,Other,586.361,345.306,500.09,537.283,662.705,547.106,7.0,664.2541318481537,268.91183863618505
P06T24,Other,586.337,341.364,502.006,529.504,658.779,554.856,2.0,148.23654270508374,654.8878859027392
P06T24,Other,586.335,339.491,498.14,529.474,662.661,552.973,5.0,664.9106104016357,269.7274761263929
P06T24,Other,586.257,339.486,494.204,525.583,662.642,549.028,2.0,148.23654270508374,654.8878859027392
P06T24,Other,586.213,341.37,492.301,531.453,662.647,541.192,2.0,665.0113483276708,272.57552679307423
P06T24,Other,584.289,341.413,494.133,541.199,654.893,554.858,2.0,148.23654270508374,654.8878859027392
P06T24,Other,578.474,339.471,492.239,525.611,654.857,541.295,2.0,664.9137498263574,273.13007153930687
P06T24,Other,580.37,337.584,492.149,523.62,660.718,541.278,1.0,148.23654270508374,654.8878859027392
P06T24,Other,578.477,335.475,490.246,519.635,652.879,537.285,2.0,664.476875233727,273.66539829963085
P06T24,Other,578.42,331.555,488.352,515.746,650.875,539.201,0.0,148.23654270508374,654.8878859027392
P06T24,Neck,576.452,323.745,492.269,509.834,654.824,525.618,0.0,665.1232783730608,276.1684314751575
P06T24,Neck,572.659,319.864,486.361,511.838,650.998,513.818,0.0,148.23654270508374,654.8878859027392
P06T24,Other,572.655,319.748,484.427,509.901,662.663,521.624,0.0,665.381682845279,276.7819524691362
P06T24,Neck,572.681,319.743,486.371,509.931,660.713,525.576,0.0,148.23654270508374,654.8878859027392
P06T24,Neck,574.593,319.792,488.344,507.892,664.685,525.515,0.0,665.6971528053396,277.97945940064346
P06T24,Other,578.42,319.867,494.212,509.804,662.694,527.471,0.0,148.23654270508374,654.8878859027392
P06T24,Other,582.31,321.74,494.248,517.739,666.621,523.546,0.0,665.6216810417893,280.0908562852081
P06T24,Other,584.292,321.832,494.284,505.977,668.566,525.616,0.0,148.23654270508374,654.8878859027392
P06T24,Neck,586.209,325.717,503.947,509.848,666.577,535.31,0.0,665.9898392106835,280.7745556659645
P06T24,Other,586.249,331.618,505.949,519.626,664.55,539.278,2.0,148.23654270508374,654.8878859027392
P06T24,Other,586.211,335.411,505.938,517.693,676.371,541.157,2.0,666.2728355584444,282.78130737951943
P06T24,Other,584.252,335.412,505.909,519.644,676.39,539.243,2.0,148.23654270508374,654.8878859027392
P06T24,Other,578.478,335.537,505.935,525.479,668.609,535.329,2.0,666.2203497749199,283.78424969165025
P06T24,Other,574.505,339.487,494.254,527.521,672.481,541.287,6.0,148.23654270508374,654.8878859027392
P06T24,Other,570.633,351.268,496.203,552.968,664.713,543.21,4.0,666.738160833424,284.6676420022208
P06T24,Other,564.714,357.033,490.217,554.888,666.695,556.89,4.0,148.23654270508374,654.8878859027392
P06T24,Other,554.921,406.052,490.216,601.889,650.883,605.871,8.0,668.164019043191,284.3930670273097
P06T24,Other,552.957,413.792,482.428,609.764,649.006,601.972,8.0,148.23654270508374,654.8878859027392
P06T24,Other,551.004,413.772,480.451,602.019,651.013,613.697,8.0,666.3446772620408,285.15103258889394
P06T24,Other,551.006,407.969,480.536,607.806,648.927,609.813,8.0,148.23654270508374,654.8878859027392
P06T24,Other,551.031,400.144,480.565,602.017,650.971,601.934,8.0,667.4720027054694,285.93977589113166
P06T24,Other,552.93,398.12,482.49,598.056,648.895,601.902,8.0,148.23654270508374,654.8878859027392
P06T24,Other,554.85,396.249,490.284,600.005,647.006,605.868,8.0,667.6003186925366,286.7024899931588
P06T24,Other,556.802,398.117,492.177,596.071,650.978,603.907,8.0,148.23654270508374,654.8878859027392
P06T24,Other,558.872,398.144,494.303,590.252,654.851,594.119,8.0,667.640414112833,286.7330357917504
P06T24,Other,570.543,398.11,507.816,586.189,666.552,600.019,8.0,133.7192736433062,88.39437229316856
P06T24,Other,574.607,392.361,509.829,572.637,674.474,590.192,8.0,666.7598963007347,287.0890020245708
P06T24,Other,584.293,386.42,511.875,560.817,680.326,586.238,8.0,148.23654270508374,654.8878859027392
P06T24,Other,586.221,384.562,509.954,556.897,682.311,584.303,8.0,667.64759975467,287.5778920573613
P06T24,Other,588.221,400.18,527.512,523.614,682.218,590.158,8.0,148.23654270508374,654.8878859027392
P06T24,Other,588.198,415.757,523.607,509.843,682.238,588.287,9.0,666.866976206426,286.55087059097923
P06T24,Other,586.321,417.759,515.767,496.19,668.571,590.224,10.0,148.23654270508374,654.8878859027392
P06T24,Other,586.216,421.723,507.807,494.209,662.661,599.93,10.0,667.129964387623,286.6212416247332
P06T24,Other,584.356,415.946,503.961,472.616,660.708,594.13,10.0,148.23654270508374,654.8878859027392
P06T24,Other,586.26,411.838,498.117,460.868,647.029,594.131,10.0,667.7239671973872,286.0427077686821
P06T24,Other,590.222,398.197,500.083,441.271,649.038,588.276,10.0,148.23654270508374,654.8878859027392
P06T24,Other,600.023,388.384,505.967,421.73,649.039,588.323,10.0,148.23654270508374,654.8878859027392
P06T24,Other,601.929,384.552,509.86,429.513,635.352,601.876,10.0,667.4630258481093,288.65214307479545
P06T24,Other,601.898,384.478,507.961,415.785,635.183,605.853,10.0,148.23654270508374,654.8878859027392
P06T24,Other,600.032,384.446,509.833,433.531,631.297,615.645,10.0,667.2828075450075,288.8455171666083
P06T24,Other,600.003,382.56,507.894,447.183,623.475,619.673,10.0,667.1410138483598,288.11402500081505
P06T24,Other,601.912,374.661,507.889,453.054,619.645,631.276,10.0,148.23654270508374,654.8878859027392
P06T24,Other,619.609,372.725,527.524,496.163,646.999,666.625,11.0,668.2831626895172,288.7453191593659
P06T24,Other,619.632,382.582,539.171,486.394,627.408,682.305,10.0,148.23654270508374,654.8878859027392
P06T24,Other,617.584,392.35,505.936,543.159,631.347,682.288,12.0,668.8877139644204,288.357613181302
P06T24,Other,607.831,392.332,507.946,596.069,660.713,670.523,13.0,148.23654270508374,654.8878859027392
P06T24,Other,602.033,388.401,447.173,715.614,0.0,0.0,14.0,668.97096073002,290.0616547671913
P06T24,Other,601.956,384.416,0.0,0.0,692.037,631.338,14.0,148.23654270508374,654.8878859027392
P06T24,Other,601.924,382.415,0.0,0.0,0.0,0.0,15.0,669.3249930219048,288.58668937398494
P06T24,Other,590.232,382.553,0.0,0.0,672.474,603.892,14.0,148.23654270508374,654.8878859027392
P06T24,Other,574.491,384.587,0.0,0.0,680.339,598.054,15.0,671.0368172941946,289.0745300438042
P06T24,Other,556.898,400.146,0.0,0.0,690.096,590.197,15.0,148.23654270508374,654.8878859027392
P06T24,Other,543.149,425.659,0.0,0.0,713.649,601.949,15.0,670.1989444095154,289.95566922495084
P06T24,Other,527.528,451.126,0.0,0.0,743.018,601.964,15.0,148.23654270508374,654.8878859027392
P06T24,Other,507.963,478.491,0.0,0.0,780.242,601.934,15.0,671.605547829664,289.94899306055424
P06T24,Other,484.404,494.161,0.0,0.0,0.0,0.0,17.0,148.23654270508374,654.8878859027392
P06T24,Other,476.559,490.256,0.0,0.0,0.0,0.0,17.0,671.1564741649676,290.5132082377071
P06T24,Other,476.591,492.154,0.0,0.0,0.0,0.0,17.0,148.23654270508374,654.8878859027392
P06T24,Other,470.661,507.944,0.0,0.0,817.439,633.303,15.0,671.8672701111045,290.11564638238616
P06T24,Other,464.804,527.509,0.0,0.0,0.0,0.0,17.0,148.23654270508374,654.8878859027392
P06T24,Other,468.716,545.127,0.0,0.0,0.0,0.0,17.0,671.8280956878464,288.99703602672565
P06T24,Other,478.597,556.939,0.0,0.0,0.0,0.0,18.0,148.23654270508374,654.8878859027392
P06T24,Other,490.246,554.936,0.0,0.0,0.0,0.0,19.0,672.0440413208694,289.36170788288655
P06T24,Other,492.252,541.19,0.0,0.0,0.0,0.0,18.0,148.23654270508374,654.8878859027392
P06T24,Other,486.371,539.244,0.0,0.0,0.0,0.0,18.0,670.9232240019935,289.76563296284075
P06T24,Other,476.552,541.158,0.0,0.0,0.0,0.0,18.0,148.23654270508374,654.8878859027392
P06T24,Other,476.533,539.204,0.0,0.0,0.0,0.0,18.0,670.4730966342593,289.5099365563504
P06T24,Other,478.463,545.144,0.0,0.0,0.0,0.0,18.0,148.23654270508374,654.8878859027392
P06T24,Other,476.491,551.03,0.0,0.0,0.0,0.0,18.0,669.9504707239341,289.8651934932463
P06T24,Other,468.758,543.151,0.0,0.0,0.0,0.0,18.0,148.23654270508374,654.8878859027392
P06T24,Other,490.263,537.239,0.0,0.0,0.0,0.0,17.0,670.1998894775043,289.76884578493525
P06T24,Other,519.669,523.588,0.0,0.0,0.0,0.0,18.0,148.23654270508374,654.8878859027392
P06T24,Other,549.049,507.835,0.0,0.0,0.0,0.0,17.0,669.5907723217388,290.3893069948811
P06T24,Other,586.208,492.266,0.0,0.0,0.0,0.0,17.0,148.23654270508374,654.8878859027392
P06T24,Other,619.665,480.536,0.0,0.0,0.0,0.0,17.0,667.9372692926235,289.62781058508295
P06T24,Other,662.705,492.168,0.0,0.0,0.0,0.0,17.0,148.23654270508374,654.8878859027392
P06T24,Other,686.233,511.874,0.0,0.0,0.0,0.0,18.0,667.7173733084326,290.1564903621969
P06T24,Other,713.573,539.193,0.0,0.0,0.0,0.0,18.0,148.23654270508374,654.8878859027392
P06T24,Other,727.298,554.943,0.0,0.0,0.0,0.0,18.0,667.0949530981893,289.9445074092024
P06T24,Other,727.343,554.939,0.0,0.0,0.0,0.0,17.0,148.23654270508374,654.8878859027392
P06T24,Other,711.681,541.155,0.0,0.0,0.0,0.0,17.0,666.7209382930789,289.565439483172
P06T24,Other,682.234,511.858,0.0,0.0,0.0,0.0,17.0,148.23654270508374,654.8878859027392
P06T24,Other,623.489,417.858,0.0,0.0,0.0,0.0,17.0,665.5791879681352,289.73319026319376
P06T24,Other,609.786,398.278,0.0,0.0,0.0,0.0,17.0,148.23654270508374,654.8878859027392
P06T24,Other,586.19,374.674,0.0,0.0,0.0,0.0,17.0,665.6246446329478,289.4533745526232
P06T24,Other,568.601,364.831,0.0,0.0,0.0,0.0,17.0,148.23654270508374,654.8878859027392
P06T24,Other,560.801,362.943,0.0,0.0,0.0,0.0,17.0,664.633261043382,289.57156947824325
P06T24,Neck,568.609,366.782,0.0,0.0,0.0,0.0,17.0,148.23654270508374,654.8878859027392
P06T24,Other,586.25,370.789,0.0,0.0,0.0,0.0,16.0,664.7890296054181,289.09735612088235
P06T24,Other,619.57,398.116,0.0,0.0,0.0,0.0,16.0,148.23654270508374,654.8878859027392
P06T24,Other,650.917,425.625,0.0,0.0,0.0,0.0,16.0,662.6142839720026,288.3919991802819
P06T24,Other,666.628,464.798,386.473,715.593,0.0,0.0,15.0,148.23654270508374,654.8878859027392
P06T24,Other,662.628,507.847,398.159,715.628,0.0,0.0,15.0,662.8859216763485,289.1699233008852
P06T24,Other,647.005,535.369,290.437,705.803,0.0,0.0,15.0,148.23654270508374,654.8878859027392
P06T24,Other,631.329,533.381,268.889,696.023,0.0,0.0,15.0,663.2504311681981,288.839030620962
P06T24,Other,615.636,521.645,0.0,0.0,0.0,0.0,16.0,148.23654270508374,654.8878859027392
P06T24,Other,596.076,509.911,243.431,664.646,0.0,0.0,15.0,661.3933692404228,288.76927741575656
P06T24,Other,588.254,504.0,0.0,0.0,0.0,0.0,16.0,148.23654270508374,654.8878859027392
P06T24,Other,601.893,476.493,0.0,0.0,0.0,0.0,16.0,661.4028989085302,288.62449144311927
P06T24,Other,619.554,445.281,284.547,664.688,0.0,0.0,15.0,148.23654270508374,654.8878859027392
P06T24,Other,633.223,413.811,274.833,652.867,0.0,0.0,15.0,661.1133848602819,288.5810954747508
P06T24,Neck,613.737,376.635,196.428,476.612,0.0,0.0,15.0,148.23654270508374,654.8878859027392
P06T24,Neck,584.322,353.114,192.469,455.007,0.0,0.0,15.0,661.1920519326218,288.2801029009523
P06T24,Neck,543.228,351.09,0.0,0.0,0.0,0.0,17.0,148.23654270508374,654.8878859027392
P06T24,Neck,507.873,341.398,0.0,0.0,0.0,0.0,16.0,660.415868738151,288.1611980390962
P06T24,Other,462.895,331.579,33.831,439.35,0.0,0.0,15.0,148.23654270508374,654.8878859027392
P06T24,Neck,443.254,321.861,0.0,0.0,0.0,0.0,16.0,661.4836108124475,289.4009218110424
P06T24,Nose,431.473,321.843,0.0,0.0,0.0,0.0,16.0,148.23654270508374,654.8878859027392
P06T24,Nose,415.869,317.815,0.0,0.0,0.0,0.0,16.0,660.3702416857109,289.40352492108605
P06T24,Nose,400.256,308.063,0.0,0.0,0.0,0.0,15.0,148.23654270508374,654.8878859027392
P06T24,MidHip,408.004,355.084,0.0,0.0,948.779,603.897,15.0,659.3556045456625,288.5451603119041
P06T24,Nose,421.688,386.483,0.0,0.0,0.0,0.0,16.0,148.23654270508374,654.8878859027392
P06T24,Nose,462.785,415.81,0.0,0.0,0.0,0.0,18.0,657.5013763527495,287.5184337743551
P06T24,Nose,507.964,427.531,0.0,0.0,0.0,0.0,18.0,35.139253915122254,562.5375395258711
P06T24,Nose,543.178,445.23,0.0,0.0,0.0,0.0,18.0,659.0295680914132,287.53052527409847
P06T24,Other,576.493,462.943,0.0,0.0,0.0,0.0,17.0,148.23654270508374,654.8878859027392
P06T24,Other,619.528,474.562,0.0,0.0,0.0,0.0,17.0,658.8467163388317,287.29500507622
P06T24,Other,668.623,464.851,0.0,0.0,0.0,0.0,17.0,148.23654270508374,654.8878859027392
P06T24,Other,742.942,504.005,0.0,0.0,0.0,0.0,17.0,658.1899888357548,288.00523290728313
P06T24,Other,799.823,541.186,0.0,0.0,0.0,0.0,19.0,148.23654270508374,654.8878859027392
P06T24,Other,852.73,527.478,0.0,0.0,0.0,0.0,17.0,657.8660945130437,288.0043521032472
P06T24,Other,827.286,515.763,0.0,0.0,0.0,0.0,17.0,148.23654270508374,654.8878859027392
P06T24,Other,811.613,539.258,0.0,0.0,0.0,0.0,18.0,657.9609209552552,288.5120620519979
P06T24,Other,809.6,560.837,0.0,0.0,0.0,0.0,19.0,148.23654270508374,654.8878859027392
P06T24,Other,805.696,564.758,0.0,0.0,0.0,0.0,18.0,656.9240129373563,288.7245163958727
P06T24,Other,821.392,533.391,0.0,0.0,0.0,0.0,18.0,148.23654270508374,654.8878859027392
P06T24,Other,831.19,513.79,0.0,0.0,0.0,0.0,18.0,656.6602277643549,288.0940988365854
P06T24,Other,848.766,513.77,0.0,0.0,0.0,0.0,18.0,128000.0,72000.0
P06T24,Other,870.306,527.475,0.0,0.0,0.0,0.0,18.0,657.3822641543569,289.65738434086376
P06T24,Other,882.069,515.75,0.0,0.0,0.0,0.0,18.0,117.15679397924484,381.2452963435118
P06T24,Other,874.281,492.294,0.0,0.0,0.0,0.0,18.0,656.3794387979572,289.66185232592755
P06T24,Other,840.965,476.516,0.0,0.0,0.0,0.0,18.0,134.3404064079731,493.9092558692225
P06T24,Other,805.693,478.51,0.0,0.0,0.0,0.0,18.0,656.6157204380573,289.6379289354835
P06T24,Nose,776.326,492.243,0.0,0.0,0.0,0.0,18.0,148.23654270508374,654.8878859027392
P06T24,Other,772.39,551.02,0.0,0.0,0.0,0.0,18.0,655.4554668268956,290.3003064458717
P06T24,Other,809.605,666.634,0.0,0.0,0.0,0.0,21.0,128000.0,72000.0
P06T24,Other,0.0,0.0,562.776,376.65,0.0,0.0,7.0,654.4800033985912,289.9775596091454
P06T24,Other,nan,nan,nan,nan,nan,nan,nan,148.23654270508374,654.8878859027392
P06T24,Other,nan,nan,nan,nan,nan,nan,nan,653.4045571166316,289.0453802841372
P06T24,Nose,nan,nan,nan,nan,nan,nan,nan,148.23654270508374,654.8878859027392
P06T24,Other,nan,nan,nan,nan,nan,nan,nan,664.5078327984357,284.0862886534589
P06T24,Other,nan,nan,nan,nan,nan,nan,nan,148.23654270508374,654.8878859027392
P06T24,Other,nan,nan,nan,nan,nan,nan,nan,673.2062646321855,282.5061151375521
P06T24,Other,nan,nan,nan,nan,nan,nan,nan,148.23654270508374,654.8878859027392
P06T24,Other,nan,nan,nan,nan,nan,nan,nan,669.7733579099634,284.867132540609
P06T24,Nose,nan,nan,nan,nan,nan,nan,nan,148.23654270508374,654.8878859027392
P06T24,Nose,nan,nan,nan,nan,nan,nan,nan,662.776189235328,284.00358027302104
P06T24,Nose,1062.33,368.824,0.0,0.0,0.0,0.0,22.0,148.23654270508374,654.8878859027392
P06T24,Other,989.875,517.718,0.0,0.0,0.0,0.0,20.0,663.1547254010152,283.6696451889734
P06T24,Other,978.084,507.864,0.0,0.0,0.0,0.0,21.0,148.23654270508374,654.8878859027392
P06T24,Nose,831.183,460.918,0.0,0.0,0.0,0.0,22.0,664.3104142470476,284.1392592080087
P06T24,Nose,841.001,441.326,0.0,0.0,0.0,0.0,22.0,148.23654270508374,654.8878859027392
P06T24,Other,1019.25,482.47,0.0,0.0,0.0,0.0,20.0,21.179163461334383,450.69031592795136
P06T24,Other,1040.73,453.056,0.0,0.0,0.0,0.0,20.0,661.8853562969516,282.7659953262482
P06T24,Other,950.697,360.994,0.0,0.0,0.0,0.0,22.0,148.23654270508374,654.8878859027392
P06T24,Other,968.297,290.486,0.0,0.0,0.0,0.0,18.0,661.4948604826417,283.65257611348113
P06T24,Other,1011.4,261.103,0.0,0.0,0.0,0.0,18.0,148.23654270508374,654.8878859027392
P06T24,Other,1021.17,178.765,0.0,0.0,0.0,0.0,18.0,659.2913154477462,282.08905159336393
P06T24,Other,987.872,112.138,0.0,0.0,0.0,0.0,18.0,148.23654270508374,654.8878859027392
P06T24,Other,229.796,16.1386,0.0,0.0,0.0,0.0,5.0,658.2618578000472,282.55933566287774
P06T24,Other,870.369,47.497,0.0,0.0,0.0,0.0,17.0,148.23654270508374,654.8878859027392
P06T24,Other,772.381,37.6852,0.0,0.0,0.0,0.0,21.0,658.2958302057918,281.602594271078
P06T24,Other,717.573,55.3202,0.0,0.0,0.0,0.0,20.0,148.23654270508374,654.8878859027392
P06T24,RElbow,654.847,86.7143,0.0,0.0,0.0,0.0,17.0,656.5877664472837,281.7082854175096
P06T24,RElbow,621.59,145.5,0.0,0.0,0.0,0.0,16.0,3.169273266668938,284.00562626079
P06T24,RKnee,366.891,55.2948,335.526,133.735,368.825,131.774,7.0,656.281728796645,282.3866136074161
P06T24,Other,400.137,71.0618,368.822,133.699,400.161,135.663,9.0,656.1039911302466,282.2554764706884
P06T24,Other,429.637,71.0234,384.482,129.823,0.0,0.0,10.0,148.23654270508374,654.8878859027392
P06T24,Other,460.863,67.1284,419.744,123.941,0.0,0.0,10.0,656.7199715591003,281.36103420406107
P06T24,Other,486.389,59.2475,441.327,119.996,0.0,0.0,6.0,148.23654270508374,654.8878859027392
P06T24,Other,509.878,51.4121,472.651,108.273,0.0,0.0,3.0,655.6441986902154,282.9080874828509
P06T24,Other,882.131,366.795,0.0,0.0,0.0,0.0,18.0,148.23654270508374,654.8878859027392
P06T24,Other,948.744,349.224,0.0,0.0,0.0,0.0,17.0,656.71681447013,282.4601023533646
P06T24,Other,1019.26,337.463,0.0,0.0,0.0,0.0,19.0,148.23654270508374,654.8878859027392
P06T24,Other,617.666,59.2981,574.558,131.744,0.0,0.0,11.0,655.5469817870003,281.07013852097054
P06T24,Other,617.513,88.7353,572.55,147.446,0.0,0.0,11.0,148.23654270508374,654.8878859027392
P06T24,Other,609.761,106.265,554.981,167.014,0.0,0.0,9.0,656.7605398046587,282.1213471675177
P06T24,Other,603.936,116.032,558.833,192.513,0.0,0.0,9.0,148.23654270508374,654.8878859027392
P06T24,Other,602.038,135.693,552.991,212.124,0.0,0.0,11.0,656.4296671590696,281.0116334177341
P06T24,Other,601.87,165.066,586.338,231.684,0.0,0.0,11.0,3678.1549010058743,322.30289537758233
P06T24,Other,590.235,184.702,545.131,259.088,0.0,0.0,6.0,656.3136711787186,281.09545595237444
P06T24,Other,586.331,196.53,539.273,272.833,0.0,0.0,10.0,148.23654270508374,654.8878859027392
P06T24,RKnee,586.182,186.6,570.647,257.108,570.565,257.085,9.0,657.0192346233647,281.53728490736563
P06T24,Other,588.285,180.762,572.521,243.427,570.65,241.434,10.0,148.23654270508374,654.8878859027392
P06T24,MidHip,599.955,182.669,584.282,255.134,0.0,0.0,11.0,657.1852080708247,281.77862378406456
P06T24,Other,605.894,178.809,588.255,243.451,592.177,243.4,10.0,148.23654270508374,654.8878859027392
P06T24,Other,633.383,192.487,586.289,261.089,0.0,0.0,11.0,656.711562849762,280.88460707658146
P06T24,Other,680.204,225.679,627.428,288.441,0.0,0.0,11.0,128000.0,72000.0
P06T24,Other,891.931,302.184,868.392,360.951,868.431,355.133,10.0,656.4289507346102,280.54504709689843
P06T24,Other,901.785,288.384,882.078,351.191,0.0,0.0,11.0,148.23654270508374,654.8878859027392
P06T24,Other,915.456,274.731,899.693,343.368,903.708,349.202,10.0,656.2469115997803,281.3591229599906
P06T24,Other,931.171,288.521,872.29,343.362,915.405,360.984,10.0,148.23654270508374,654.8878859027392
P06T24,Other,958.521,325.73,899.785,376.67,946.71,355.167,10.0,656.888039184107,280.38378912634556
P06T24,Other,984.006,357.037,931.082,413.927,962.402,419.754,10.0,148.23654270508374,654.8878859027392
P06T24,Other,1015.29,372.711,956.542,429.563,993.81,445.181,11.0,656.9073801193704,280.8063317703243
P06T24,Other,1015.35,715.65,0.0,0.0,0.0,0.0,21.0,148.23654270508374,654.8878859027392
P06T24,Other,1093.75,339.478,1040.85,392.336,1103.52,415.861,7.0,657.5241887822917,281.2596244589541
P06T24,Other,1121.03,325.685,1066.27,382.575,1095.68,392.327,7.0,109.14773744039644,585.5459327948115
P06T24,Other,1134.9,321.886,1078.02,364.913,1105.48,368.854,10.0,657.5119110253304,280.12245267078794
P06T24,Other,1154.41,335.408,1085.88,366.881,1119.18,382.499,10.0,148.23654270508374,654.8878859027392
P06T24,Other,1170.11,343.352,1119.14,384.52,1134.85,386.458,7.0,655.6464262223096,280.59156814079444
P06T24,Other,1181.75,351.258,1119.14,398.252,1146.61,415.806,6.0,148.23654270508374,654.8878859027392
P06T24,Other,1170.14,335.601,1109.37,382.494,1140.74,394.274,7.0,656.5731697138515,280.53541978092835
P06T24,Other,1150.52,321.775,1078.02,357.099,1123.06,382.566,7.0,148.23654270508374,654.8878859027392
P06T24,Other,1125.01,321.761,1056.4,360.97,1097.58,384.487,2.0,655.947941562341,280.27816130529465
P06T24,Other,1111.32,319.841,1062.37,372.774,1087.85,380.564,0.0,148.23654270508374,654.8878859027392
P06T24,Other,1105.39,317.891,1042.79,366.917,1081.97,382.521,4.0,654.2533856284272,279.4889005935033
P06T24,Other,1099.59,304.089,1052.55,353.104,1076.1,368.785,2.0,148.23654270508374,654.8878859027392
P06T24,Other,1089.78,284.602,1032.94,335.484,1072.13,337.475,3.0,654.7725300799609,278.7529677567952
P06T24,Other,1070.19,259.228,995.773,304.213,1038.85,323.763,2.0,148.23654270508374,654.8878859027392
P06T24,Other,1042.78,259.216,991.827,321.732,1027.06,331.611,2.0,654.1652702108765,277.9031688369008
P06T24,Other,1029.1,270.833,993.756,325.732,1007.42,331.576,2.0,148.23654270508374,654.8878859027392
P06T24,Other,1025.11,262.994,991.771,321.882,1007.49,333.564,2.0,653.9331520794093,277.24397855510506
P06T24,Other,1025.15,259.124,995.695,319.831,995.789,317.831,4.0,148.23654270508374,654.8878859027392
P06T24,Nose,1032.97,255.208,1007.51,306.193,0.0,0.0,8.0,654.83850747731,277.5103371588483
P06T24,Nose,1054.55,266.972,1013.38,335.52,1050.61,341.381,10.0,148.23654270508374,654.8878859027392
P06T24,Nose,1207.35,427.525,0.0,0.0,0.0,0.0,18.0,654.2353488161618,276.60956883609197
P06T24,Nose,1195.6,419.753,0.0,0.0,0.0,0.0,19.0,148.23654270508374,654.8878859027392
P06T24,Other,1181.83,384.461,0.0,0.0,0.0,0.0,19.0,653.9610868945555,276.68315976908696
P06T24,Other,1170.11,355.123,0.0,0.0,0.0,0.0,17.0,148.23654270508374,654.8878859027392
P06T24,Other,1164.18,368.801,0.0,0.0,0.0,0.0,18.0,653.6148460991624,275.95442947230265
P06T24,Other,1117.21,337.507,0.0,0.0,0.0,0.0,17.0,148.23654270508374,654.8878859027392
P06T24,Other,1064.32,364.837,0.0,0.0,0.0,0.0,17.0,653.4781066088883,274.6019922806976
P06T24,Other,925.179,343.369,0.0,0.0,0.0,0.0,17.0,27.704728033292213,499.13203069343007
P06T24,Nose,492.286,682.234,0.0,0.0,0.0,0.0,21.0,653.662743940605,273.62311339857706
P06T24,Nose,619.615,715.625,0.0,0.0,0.0,0.0,21.0,148.23654270508374,654.8878859027392
P06T24,Other,1062.36,480.493,1011.47,531.443,0.0,0.0,11.0,653.655375112899,274.3656324855861
P06T24,Other,760.642,678.381,0.0,0.0,0.0,0.0,22.0,148.23654270508374,654.8878859027392
P06T24,Other,874.264,631.301,0.0,0.0,0.0,0.0,22.0,654.8156719050985,273.66300693311337
P06T24,Other,956.53,603.877,0.0,0.0,0.0,0.0,20.0,148.23654270508374,654.8878859027392
P06T24,Other,1056.41,570.664,0.0,0.0,0.0,0.0,20.0,654.7508438368943,273.501968910586
P06T24,Other,1134.79,570.555,0.0,0.0,0.0,0.0,19.0,148.23654270508374,654.8878859027392
P06T24,Other,1152.54,584.301,0.0,0.0,0.0,0.0,21.0,654.9183993926249,272.16686064946487
P06T24,Other,1105.45,588.303,0.0,0.0,0.0,0.0,20.0,148.23654270508374,654.8878859027392
P06T24,Other,1042.76,558.822,0.0,0.0,0.0,0.0,20.0,654.8823820916557,273.01039971474984
P06T24,Other,1005.5,503.975,0.0,0.0,0.0,0.0,19.0,-128000.0,-72000.0
P06T24,Other,978.075,453.035,0.0,0.0,0.0,0.0,17.0,655.1858033368469,273.17681099283175
P06T24,Other,974.19,408.024,0.0,0.0,0.0,0.0,18.0,148.23654270508374,654.8878859027392
P06T24,Other,970.258,368.871,0.0,0.0,0.0,0.0,17.0,656.1290411465488,271.5695700558462
P06T24,Other,966.401,321.782,0.0,0.0,0.0,0.0,17.0,148.23654270508374,654.8878859027392
P06T24,Other,960.457,276.786,0.0,0.0,0.0,0.0,17.0,657.0746625036248,271.13321768011474
P06T24,Other,958.518,237.576,0.0,0.0,0.0,0.0,19.0,148.23654270508374,654.8878859027392
P06T24,Other,976.1,194.389,0.0,0.0,0.0,0.0,18.0,657.050736803054,271.28846539869113
P06T24,Other,995.717,151.346,0.0,0.0,0.0,0.0,17.0,148.23654270508374,654.8878859027392
P06T24,Other,995.799,108.273,0.0,0.0,0.0,0.0,18.0,656.2381084614897,271.2195656003595
P06T24,Other,980.11,84.7429,0.0,0.0,0.0,0.0,18.0,148.23654270508374,654.8878859027392
P06T24,Other,958.489,96.4583,0.0,0.0,0.0,0.0,18.0,656.7166803335386,270.157883701263
P06T24,Other,929.137,133.683,0.0,0.0,0.0,0.0,17.0,148.23654270508374,654.8878859027392
P06T24,Other,880.119,172.93,0.0,0.0,0.0,0.0,17.0,657.4172734342226,270.1543941145105
P06T24,Other,809.642,241.451,0.0,0.0,0.0,0.0,20.0,148.23654270508374,654.8878859027392
P06T24,Other,713.688,300.214,0.0,0.0,0.0,0.0,19.0,658.838119302866,269.1498628955968
P06T24,Other,615.642,339.462,0.0,0.0,0.0,0.0,20.0,148.23654270508374,654.8878859027392
P06T24,Nose,507.879,384.522,0.0,0.0,0.0,0.0,19.0,657.3188729337662,268.6762678309907
P06T24,Nose,394.27,435.448,0.0,0.0,825.31,596.087,16.0,148.23654270508374,654.8878859027392
P06T24,Neck,286.483,492.214,0.0,0.0,0.0,0.0,18.0,656.8726980626092,268.5676716239768
P06T24,Nose,180.738,556.867,0.0,0.0,0.0,0.0,20.0,97.35330686141197,632.9667815987634
P06T24,Other,94.5102,617.554,0.0,0.0,0.0,0.0,20.0,656.5544401719507,267.4362894768038
P06T24,Other,25.9631,658.795,0.0,0.0,0.0,0.0,22.0,148.23654270508374,654.8878859027392
P06T24,Other,nan,nan,nan,nan,nan,nan,nan,658.0824622561463,266.8471036685956
P06T24,Other,nan,nan,nan,nan,nan,nan,nan,148.23654270508374,654.8878859027392
P06T24,Other,nan,nan,nan,nan,nan,nan,nan,658.2758903788217,267.2507991869351
P06T24,Other,nan,nan,nan,nan,nan,nan,nan,128000.0,72000.0
P06T24,Other,nan,nan,nan,nan,nan,nan,nan,658.7149326612224,267.85038461598094
P06T24,Other,nan,nan,nan,nan,nan,nan,nan,128000.0,72000.0
P06T24,Other,nan,nan,nan,nan,nan,nan,nan,658.570860790471,265.5681224072936
P06T24,Other,1211.24,413.908,0.0,0.0,0.0,0.0,6.0,148.23654270508374,654.8878859027392
P06T24,Other,nan,nan,nan,nan,nan,nan,nan,148.23654270508374,654.8878859027392
P06T24,Other,nan,nan,nan,nan,nan,nan,nan,660.1584832427125,266.57402898323335
P06T24,Other,844.85,396.175,776.26,447.17,0.0,0.0,4.0,148.23654270508374,654.8878859027392
P06T24,Other,nan,nan,nan,nan,nan,nan,nan,660.1035879658841,266.1156899035909
P06T24,Other,770.401,398.116,699.956,456.961,0.0,0.0,9.0,148.23654270508374,654.8878859027392
P06T24,Other,0.0,0.0,1221.03,372.71,1226.91,370.812,4.0,660.3227154246993,266.4761484882121
P06T24,Other,0.0,0.0,1207.32,388.445,1203.43,386.462,4.0,148.23654270508374,654.8878859027392
P06T24,Other,0.0,0.0,0.0,0.0,0.0,0.0,11.0,660.8311297332407,265.9704424384502
P06T24,Other,0.0,0.0,1164.24,402.132,1158.35,402.14,4.0,148.23654270508374,654.8878859027392
P06T24,Other,1248.53,308.046,1262.13,368.882,1262.23,368.787,11.0,661.2084226772201,266.1935913377555
P06T24,Other,1226.91,319.776,1230.9,380.574,1242.62,368.883,11.0,148.23654270508374,654.8878859027392
P06T24,Other,1197.62,323.805,1207.35,388.389,1215.1,382.583,10.0,660.2175906454445,264.44334569203755
P06T24,Other,1025.05,396.245,1025.12,445.207,1027.07,445.201,3.0,148.23654270508374,654.8878859027392
P06T24,Other,0.0,0.0,997.735,455.002,993.792,458.878,4.0,660.6353791953213,265.25097149814894
P06T24,Other,1103.54,353.062,1119.13,415.8,1125.04,409.922,11.0,148.23654270508374,654.8878859027392
P06T24,Other,0.0,0.0,931.115,484.388,931.018,486.344,4.0,660.5711910297407,264.0497778652081
P06T24,Other,1040.82,386.501,1054.54,449.204,1060.42,445.252,11.0,148.23654270508374,654.8878859027392
P06T24,Other,1007.52,409.919,1011.35,472.614,1025.12,462.892,11.0,659.0517908696515,263.9695438979163
P06T24,Other,966.424,427.616,989.85,480.53,995.802,476.623,11.0,148.23654270508374,654.8878859027392
P06T24,Other,935.04,431.595,960.448,492.138,962.466,486.35,11.0,643.0188788179773,264.8702144718429
P06T24,Other,905.638,433.461,925.207,492.213,933.049,484.433,11.0,148.23654270508374,654.8878859027392
P06T24,Other,882.036,431.579,901.681,492.287,905.646,490.248,11.0,630.309650922869,267.9089281606058
P06T24,Other,854.655,433.54,880.124,494.269,887.967,488.353,11.0,148.23654270508374,654.8878859027392
P06T24,Other,833.142,443.294,856.698,503.978,868.373,494.226,11.0,630.3010932598738,268.01109306228074
