P06T22,Other,601.951,364.854,511.888,543.235,680.218,562.801,8.0,557.650648712694,252.80604284562415
P06T22,Other,601.886,364.898,513.774,552.954,676.426,568.619,8.0,140.18443452158556,717.9285077301533
P06T22,Other,599.941,362.974,511.88,547.122,670.551,568.633,8.0,557.0007868045441,259.7132577945013
P06T22,Other,598.035,360.966,509.914,543.244,668.551,568.582,8.0,140.18443452158556,717.9285077301533
P06T22,Other,598.0,357.079,509.826,547.075,666.649,562.784,6.0,555.1051524950082,258.63705438828816
P06T22,Other,599.964,355.174,507.963,543.209,672.487,556.893,5.0,140.18443452158556,717.9285077301533
P06T22,Other,600.011,355.11,509.93,547.085,670.499,562.795,3.0,556.0249469791886,259.3290892548176
P06T22,Other,599.933,353.246,509.929,545.129,674.439,562.781,2.0,140.18443452158556,717.9285077301533
P06T22,Other,598.007,353.254,509.928,543.242,668.622,556.952,0.0,556.2779896867492,258.84542860213514
P06T22,Other,596.057,353.234,509.917,545.123,670.501,556.956,2.0,140.18443452158556,717.9285077301533
P06T22,Other,594.115,353.16,507.88,541.19,668.629,554.933,2.0,555.4210627588544,257.9174859395895
P06T22,Other,590.275,353.123,507.857,539.321,666.664,556.923,2.0,140.18443452158556,717.9285077301533
P06T22,Other,588.293,353.115,507.816,541.209,664.656,545.17,0.0,554.9088726326845,259.46835744444564
P06T22,Other,588.267,351.258,505.921,541.197,664.683,547.116,0.0,140.18443452158556,717.9285077301533
P06T22,Other,588.282,351.229,507.841,541.186,664.694,547.119,0.0,554.4821098094992,259.29726087121554
P06T22,Other,588.213,351.127,507.831,541.194,666.54,543.23,2.0,140.18443452158556,717.9285077301533
P06T22,Other,588.177,351.151,500.094,539.305,664.723,547.073,0.0,554.7072369179132,260.5685978394864
P06T22,Other,586.221,351.098,504.012,539.221,664.672,552.967,2.0,140.18443452158556,717.9285077301533
P06T22,Other,586.23,351.112,505.948,539.216,664.599,554.95,2.0,555.431436444201,261.1353876961715
P06T22,Other,586.273,351.124,507.911,539.21,664.667,554.908,0.0,140.18443452158556,717.9285077301533
P06T22,Other,588.166,351.085,505.909,533.352,664.698,545.116,2.0,548.2739211247425,264.9653637944612
P06T22,Other,586.345,347.285,504.004,531.437,666.633,539.293,2.0,128000.0,72000.0
P06T22,Other,586.303,343.346,507.847,533.35,666.608,547.073,2.0,549.4806400615722,265.33010120544446
P06T22,Other,586.242,339.465,502.022,529.49,664.618,539.242,4.0,140.18443452158556,717.9285077301533
P06T22,Other,586.21,339.506,502.054,529.485,664.533,547.13,2.0,550.0499399633928,265.9728041795028
P06T22,Other,586.207,339.508,500.098,525.635,664.556,552.93,2.0,140.18443452158556,717.9285077301533
P06T22,Other,584.344,341.359,494.147,525.633,662.721,541.206,2.0,550.6202021370875,266.6164934633667
P06T22,Other,584.326,341.413,494.221,527.471,664.541,547.112,2.0,140.18443452158556,717.9285077301533
P06T22,Other,586.173,345.275,504.004,531.427,664.654,554.856,2.0,552.9934323010021,260.67688700385446
P06T22,Other,588.151,349.199,505.938,535.327,666.535,550.97,0.0,140.18443452158556,717.9285077301533
P06T22,Other,590.171,349.219,505.97,537.242,666.646,554.863,0.0,553.3112837330905,261.3660269825026
P06T22,Other,596.083,345.328,511.83,537.305,672.49,554.907,2.0,140.18443452158556,717.9285077301533
P06T22,Other,600.034,349.191,513.788,537.283,680.276,554.88,2.0,553.390601544103,262.43800895791594
P06T22,Other,601.948,351.1,521.576,539.299,680.326,552.979,2.0,140.18443452158556,717.9285077301533
P06T22,Other,601.941,351.181,521.58,541.236,680.274,549.051,2.0,553.8279166359475,260.79515191416175
P06T22,Other,601.994,351.212,523.491,541.209,680.364,554.901,0.0,140.18443452158556,717.9285077301533
P06T22,Other,603.889,351.203,523.645,541.268,682.223,547.07,0.0,554.1279225155,262.01771694589013
P06T22,Other,604.005,351.157,525.53,541.202,682.214,554.862,0.0,140.18443452158556,717.9285077301533
P06T22,Other,605.892,351.113,525.52,541.165,682.232,552.911,0.0,553.9806248805121,262.39767863527584
P06T22,Other,605.88,351.113,525.549,541.238,682.366,549.052,0.0,140.18443452158556,717.9285077301533
P06T22,Other,604.021,351.124,521.635,537.256,682.326,547.105,0.0,554.633435544408,262.9666795129153
P06T22,Other,603.951,351.151,523.568,537.29,682.209,543.185,0.0,140.18443452158556,717.9285077301533
P06T22,Other,603.925,351.194,523.574,539.196,682.277,549.05,2.0,556.6054610379671,261.28394762367145
P06T22,Other,603.937,351.233,525.485,541.243,680.382,554.927,0.0,140.18443452158556,717.9285077301533
P06T22,Other,603.972,351.214,523.666,541.295,682.205,556.851,0.0,557.10752343321,262.00845265256874
P06T22,Other,603.956,351.238,523.5,539.217,680.373,554.944,2.0,140.18443452158556,717.9285077301533
P06T22,Other,603.948,351.242,523.499,539.248,680.32,556.935,2.0,557.7273102822746,262.5502355830798
P06T22,Other,601.987,351.219,515.78,541.226,678.348,554.97,2.0,140.18443452158556,717.9285077301533
P06T22,Other,592.155,351.193,507.906,541.199,670.512,552.934,0.0,558.3435301280263,263.08890658247947
P06T22,Other,588.322,351.277,507.887,545.115,666.584,556.956,0.0,140.18443452158556,717.9285077301533
P06T22,Other,588.239,353.088,507.957,543.242,664.672,554.884,0.0,557.0726605304113,262.44683676963797
P06T22,Other,588.252,353.077,507.92,543.215,664.715,554.93,0.0,128000.0,72000.0
P06T22,Other,588.269,353.065,507.938,543.243,664.727,554.968,0.0,556.2022023777567,262.58655106236205
P06T22,Other,588.266,353.07,507.984,545.167,664.706,556.848,0.0,140.18443452158556,717.9285077301533
P06T22,Other,588.257,353.087,505.894,543.177,664.681,554.857,0.0,557.5185413691547,262.39260083726305
P06T22,Other,588.327,353.196,505.932,543.199,666.549,554.935,2.0,140.18443452158556,717.9285077301533
P06T22,Other,592.187,355.111,507.94,541.3,666.669,556.848,4.0,559.0542864155808,263.00904925003323
P06T22,Other,598.062,355.178,509.908,543.195,668.545,562.771,4.0,140.18443452158556,717.9285077301533
P06T22,Other,600.011,357.039,511.809,547.078,672.514,560.843,4.0,558.8529167481556,263.1435763506288
P06T22,Other,599.909,357.041,509.85,545.178,666.677,558.819,4.0,140.18443452158556,717.9285077301533
P06T22,Other,597.989,357.055,509.917,550.976,666.586,558.857,5.0,558.1474541662047,263.3461465311585
P06T22,Other,598.026,357.089,509.953,545.125,666.558,570.553,6.0,140.18443452158556,717.9285077301533
P06T22,Other,599.91,359.01,509.909,541.28,668.583,568.634,7.0,558.1960354086971,263.19047060923543
P06T22,Other,599.911,359.054,509.817,541.208,670.495,566.689,8.0,140.18443452158556,717.9285077301533
P06T22,Other,598.039,360.946,507.978,543.24,668.621,564.757,8.0,557.1030756976577,263.72535508693426
P06T22,Other,599.918,357.108,507.953,545.172,666.678,570.539,8.0,140.18443452158556,717.9285077301533
P06T22,Other,599.941,357.036,504.008,543.185,672.484,560.839,6.0,557.5217258196817,264.2697815919585
P06T22,Other,599.916,355.098,503.953,543.147,672.512,556.864,4.0,140.18443452158556,717.9285077301533
P06T22,Other,596.103,355.08,505.887,541.173,672.477,554.926,4.0,557.8497541338864,264.1172660933376
P06T22,Other,594.144,353.235,502.049,539.183,674.436,543.208,5.0,140.18443452158556,717.9285077301533
P06T22,Other,592.172,355.087,500.083,539.296,674.445,554.928,5.0,556.6425287613355,264.7725389006491
P06T22,Other,592.156,353.238,494.142,537.32,680.212,554.934,5.0,140.18443452158556,717.9285077301533
P06T22,Other,592.157,353.194,492.295,541.233,682.215,558.833,2.0,558.2249658871846,264.26967598375603
P06T22,Other,592.18,353.112,492.189,533.395,686.193,552.934,0.0,140.18443452158556,717.9285077301533
P06T22,Other,592.169,353.09,480.546,537.321,696.007,543.235,0.0,557.4720689879543,263.9338660019073
P06T22,Other,592.149,353.062,472.661,533.417,711.704,554.898,0.0,140.18443452158556,717.9285077301533
P06T22,Other,592.145,351.239,466.753,525.536,723.394,547.1,0.0,557.6042826176957,264.94305797893463
P06T22,Other,592.129,351.226,460.816,521.567,731.239,543.184,0.0,140.18443452158556,717.9285077301533
P06T22,Other,590.214,351.221,441.269,507.846,748.867,527.566,0.0,557.1799282100577,265.3554828587878
P06T22,Other,592.162,353.061,429.523,498.142,748.883,515.788,2.0,140.18443452158556,717.9285077301533
P06T22,Other,596.077,351.26,427.583,492.278,760.732,507.96,4.0,557.8580425307957,265.922268216528
P06T22,Other,600.023,351.229,421.693,480.495,768.502,496.231,2.0,140.18443452158556,717.9285077301533
P06T22,Other,601.928,351.224,417.78,474.622,774.372,492.191,2.0,557.2826402777778,264.7076907701217
P06T22,Other,601.939,351.251,417.776,466.816,782.196,484.44,4.0,128000.0,72000.0
P06T22,Other,601.946,353.074,411.949,462.88,784.17,480.453,5.0,556.2398516871151,264.353095033612
P06T22,Other,601.991,353.146,417.784,462.833,782.19,478.44,6.0,140.18443452158556,717.9285077301533
P06T22,Other,603.823,355.063,417.835,460.928,786.105,476.538,8.0,140.18443452158556,717.9285077301533
P06T22,Other,603.83,355.157,417.851,460.85,788.093,476.52,8.0,557.1632676991225,265.1754923302382
P06T22,Other,602.041,358.989,415.87,456.992,786.071,474.622,8.0,140.18443452158556,717.9285077301533
P06T22,Other,601.97,360.984,413.86,456.962,782.19,474.641,8.0,557.1246905963459,265.7078331300094
P06T22,Other,601.955,362.954,413.844,458.935,784.168,474.624,8.0,140.18443452158556,717.9285077301533
P06T22,Other,601.962,364.9,417.821,460.871,786.119,476.474,8.0,557.677480638371,266.18858895926735
P06T22,Other,602.003,366.768,413.927,460.957,792.015,472.655,8.0,140.18443452158556,717.9285077301533
P06T22,Other,602.033,368.832,480.466,470.693,725.407,470.702,8.0,555.2872491925277,265.2892792949774
P06T22,Other,602.042,368.801,507.864,468.76,694.046,476.48,8.0,140.18443452158556,717.9285077301533
P06T22,Other,603.86,368.823,535.326,480.487,660.68,476.534,8.0,538.2996839084121,258.8952486163216
P06T22,Other,603.888,368.789,570.589,476.568,611.756,464.836,8.0,140.18443452158556,717.9285077301533
P06T22,Other,603.892,368.82,582.344,464.855,615.63,462.877,8.0,489.51950112200535,241.06627106865193
P06T22,Other,603.829,368.866,582.324,474.582,615.664,462.808,8.0,140.18443452158556,717.9285077301533
P06T22,Other,601.996,370.739,570.596,476.495,617.56,466.753,8.0,463.9004885591263,237.77621363437444
P06T22,Other,601.991,370.779,572.506,476.626,617.594,472.682,8.0,140.18443452158556,717.9285077301533
P06T22,Other,603.831,370.839,572.638,482.467,617.555,476.596,8.0,475.15313227072505,214.55624316352564
P06T22,Other,603.923,370.843,574.535,480.506,619.508,476.618,8.0,140.18443452158556,717.9285077301533
P06T22,Other,603.925,372.729,572.635,480.478,617.634,478.572,8.0,478.2118905163648,217.40915271353788
P06T22,Other,603.861,372.753,572.609,478.629,617.539,478.576,8.0,140.18443452158556,717.9285077301533
P06T22,Other,601.989,374.727,572.571,488.315,617.546,490.239,8.0,469.61141484501604,220.59920176959656
P06T22,Other,601.888,374.712,572.61,490.232,617.672,492.214,8.0,469.5680525560796,220.16525883294355
P06T22,Other,601.843,376.636,572.6,494.195,613.713,494.223,8.0,140.18443452158556,717.9285077301533
P06T22,Other,599.969,376.677,570.56,509.918,619.594,509.963,8.0,468.89277015993355,220.01901584279227
P06T22,Other,599.953,374.733,566.677,523.628,621.61,523.553,8.0,140.18443452158556,717.9285077301533
P06T22,Other,599.996,372.719,554.883,535.363,633.28,531.46,8.0,475.85670617057417,216.39697581968937
P06T22,Other,601.88,370.743,554.875,552.919,633.353,553.0,8.0,140.18443452158556,717.9285077301533
P06T22,Other,601.939,368.866,541.287,552.913,639.183,568.629,8.0,474.62980624599925,216.49001748667726
P06T22,Other,602.015,368.766,527.58,554.915,658.735,568.659,8.0,140.18443452158556,717.9285077301533
P06T22,Other,603.823,368.774,525.542,556.888,670.545,570.567,8.0,474.0390839203098,216.29646617085564
P06T22,Other,603.88,368.814,517.711,562.743,680.324,568.618,8.0,140.18443452158556,717.9285077301533
P06T22,Other,604.018,368.892,515.723,554.953,684.214,576.516,8.0,476.294566760982,216.5518972817203
P06T22,Other,607.814,370.822,507.945,558.904,697.912,586.305,8.0,140.18443452158556,717.9285077301533
P06T22,Other,611.719,372.722,498.15,568.628,707.745,582.347,8.0,475.49582371918063,216.32315610587702
P06T22,Other,613.696,374.677,498.088,562.753,711.615,582.326,8.0,140.18443452158556,717.9285077301533
P06T22,Other,615.626,374.664,496.164,556.857,707.73,572.523,8.0,478.13689279869334,217.9009076024855
P06T22,Other,615.65,374.724,494.267,551.011,709.65,574.545,8.0,140.18443452158556,717.9285077301533
P06T22,Other,617.514,376.668,494.24,552.972,707.744,576.496,8.0,479.4227038267185,217.6009249005049
P06T22,Other,617.562,378.597,502.041,545.162,709.719,576.501,8.0,140.18443452158556,717.9285077301533
P06T22,Other,617.611,380.609,500.081,549.048,709.68,580.383,8.0,479.43859997559827,217.218711116297
P06T22,Other,617.677,382.557,500.096,554.902,711.619,572.563,8.0,140.18443452158556,717.9285077301533
P06T22,Other,619.693,386.422,509.832,554.99,729.264,586.308,8.0,480.5137658850133,217.7186654076395
P06T22,Other,623.503,386.507,523.529,560.828,729.243,592.159,8.0,140.18443452158556,717.9285077301533
P06T22,Other,625.459,388.413,521.65,558.893,725.352,588.283,8.0,479.64509957954806,217.70589636592607
P06T22,Other,627.388,388.431,523.51,562.798,723.406,594.112,8.0,140.18443452158556,717.9285077301533
P06T22,Other,627.393,388.456,521.63,568.681,715.654,596.068,8.0,480.70034960979694,219.0319780948317
P06T22,Other,627.432,390.348,527.527,566.682,713.674,596.103,8.0,140.18443452158556,717.9285077301533
P06T22,Other,627.423,390.352,527.566,566.694,711.72,594.095,8.0,481.0366552687938,218.85985935569983
P06T22,Other,625.492,390.359,527.504,570.624,707.765,590.257,8.0,140.18443452158556,717.9285077301533
P06T22,Other,621.535,388.459,527.53,574.557,697.934,588.24,8.0,480.72366098752,218.4991371894912
P06T22,Other,619.516,388.421,523.529,570.594,695.915,584.273,8.0,128000.0,72000.0
P06T22,Other,617.63,388.381,523.623,572.528,684.302,582.36,8.0,481.42005858259427,219.17645389783138
P06T22,Other,617.528,386.524,525.498,572.623,680.3,576.516,8.0,140.18443452158556,717.9285077301533
P06T22,Other,607.881,386.511,521.646,570.657,678.35,578.417,8.0,480.922521239121,218.80070338986116
P06T22,Other,605.858,386.485,521.602,570.649,676.358,576.459,8.0,140.18443452158556,717.9285077301533
P06T22,Other,603.898,386.482,519.698,572.633,668.573,576.519,8.0,480.84387917040095,219.9481710478654
P06T22,Other,602.016,388.382,513.815,572.628,666.675,586.241,8.0,140.18443452158556,717.9285077301533
P06T22,Other,596.094,388.446,504.023,572.533,664.702,586.215,8.0,480.5945215054477,220.32602462917325
P06T22,Other,586.358,394.232,492.253,572.634,664.696,586.262,8.0,140.18443452158556,717.9285077301533
P06T22,Other,586.175,392.289,488.341,570.587,664.699,586.229,8.0,480.133905503558,220.14926297771427
P06T22,Other,582.322,392.303,486.384,568.63,664.715,586.244,8.0,140.18443452158556,717.9285077301533
P06T22,Other,576.509,394.297,486.363,570.656,664.707,588.197,8.0,479.6895327968564,220.02267152947817
P06T22,Other,574.516,396.184,482.489,574.56,664.697,586.31,8.0,128000.0,72000.0
P06T22,Other,572.633,398.096,478.493,574.544,664.663,588.216,8.0,479.2423170363657,219.89506225974776
P06T22,Other,572.587,398.171,478.458,582.362,664.619,594.122,8.0,140.18443452158556,717.9285077301533
P06T22,Other,570.667,398.25,478.546,574.587,664.655,603.865,8.0,478.79477372887516,219.7671542347044
P06T22,Other,570.579,398.25,476.632,576.464,664.622,599.956,8.0,140.18443452158556,717.9285077301533
P06T22,Other,570.529,398.259,478.466,578.438,660.708,594.087,8.0,478.3444968623571,219.6382611810429
P06T22,Other,568.642,398.281,472.671,582.345,656.813,588.33,8.0,140.18443452158556,717.9285077301533
P06T22,Other,568.595,398.268,470.713,584.312,654.824,588.313,8.0,477.88892888329707,219.50764901409602
P06T22,Other,564.701,398.254,476.483,584.311,650.966,588.323,8.0,140.18443452158556,717.9285077301533
P06T22,Other,562.734,398.219,478.485,588.198,650.933,590.176,8.0,473.0209095048081,230.42744090585086
P06T22,Other,558.917,398.264,476.534,586.224,649.042,588.328,8.0,140.18443452158556,717.9285077301533
P06T22,Other,558.848,400.085,468.752,582.325,650.901,594.12,8.0,478.6486563457412,221.08400155918613
P06T22,Other,556.989,400.221,472.655,578.475,649.052,598.054,8.0,140.18443452158556,717.9285077301533
P06T22,Other,556.931,402.139,474.633,588.208,650.871,601.872,8.0,477.72878522377397,221.68362230984616
P06T22,Other,556.877,402.179,476.491,592.191,650.857,602.005,8.0,140.18443452158556,717.9285077301533
P06T22,Other,556.867,402.187,476.508,592.172,650.899,599.949,8.0,478.2346221588042,221.87552432096408
P06T22,Other,556.836,402.185,474.55,590.244,650.956,599.988,8.0,140.18443452158556,717.9285077301533
P06T22,Other,556.803,402.174,474.583,590.246,650.972,601.871,8.0,477.7211148283909,221.7547015334047
P06T22,Other,555.023,402.2,472.61,588.311,650.913,601.886,8.0,140.18443452158556,717.9285077301533
P06T22,Other,555.006,402.203,476.571,601.925,650.916,601.899,8.0,477.2919802185992,221.66933903687544
P06T22,Other,554.997,404.062,476.547,596.1,650.923,599.965,8.0,140.18443452158556,717.9285077301533
P06T22,Other,554.995,404.068,478.528,601.919,650.94,601.914,8.0,478.4835414036072,222.54845821708867
P06T22,Other,554.99,404.074,474.638,594.099,650.999,601.921,8.0,140.18443452158556,717.9285077301533
P06T22,Other,554.991,404.076,478.534,601.916,650.939,598.044,8.0,478.4150410921021,221.7629496269453
P06T22,Other,554.967,404.068,476.611,599.943,650.951,599.95,8.0,140.18443452158556,717.9285077301533
P06T22,Other,554.941,404.056,476.601,598.025,650.942,599.939,8.0,477.9637666228508,221.7203452780241
P06T22,Other,554.901,402.162,476.488,592.149,650.958,599.946,8.0,140.18443452158556,717.9285077301533
P06T22,Other,554.884,402.133,478.457,600.009,650.964,599.959,8.0,499.00666660639496,212.86347694119823
P06T22,Other,554.865,402.104,478.458,601.919,652.873,601.95,8.0,140.18443452158556,717.9285077301533
P06T22,Other,554.828,402.09,476.595,598.055,650.924,601.934,8.0,517.081737345962,207.81122030677213
P06T22,Other,552.973,402.125,476.524,598.014,650.87,599.98,8.0,140.18443452158556,717.9285077301533
P06T22,Other,552.974,402.144,478.471,601.895,650.869,600.011,8.0,510.9760040506646,219.05410480524742
P06T22,Other,552.986,402.169,478.498,601.977,650.867,599.946,8.0,140.18443452158556,717.9285077301533
P06T22,Other,552.986,402.177,478.544,601.907,650.917,601.915,8.0,511.41014859683685,217.98669396402082
P06T22,Other,552.993,402.157,472.632,588.24,650.866,598.053,8.0,140.18443452158556,717.9285077301533
P06T22,Other,554.857,402.104,476.523,596.086,650.886,601.921,8.0,511.46938283087246,217.83478201899027
P06T22,Other,554.893,400.267,478.514,599.983,650.975,601.989,8.0,140.18443452158556,717.9285077301533
P06T22,Other,554.967,400.195,478.506,599.985,650.967,599.991,8.0,511.52822555095725,217.68452967039295
P06T22,Other,555.007,400.174,478.454,592.16,650.97,601.934,8.0,140.18443452158556,717.9285077301533
P06T22,Other,556.822,400.116,478.555,596.06,650.967,596.085,8.0,515.5591037117141,209.0834446349214
P06T22,Other,555.019,398.293,478.534,594.132,650.91,594.116,8.0,140.18443452158556,717.9285077301533
P06T22,Other,556.81,398.241,478.505,592.128,650.87,598.006,8.0,515.3022454845665,209.39770862242315
P06T22,Other,555.023,398.245,476.583,590.253,650.87,594.151,8.0,140.18443452158556,717.9285077301533
P06T22,Other,555.02,398.251,474.623,588.276,648.996,601.905,8.0,515.8980986212442,208.77738513845955
P06T22,Other,555.015,398.256,468.711,586.251,650.853,601.888,8.0,140.18443452158556,717.9285077301533
P06T22,Other,554.938,398.254,476.533,590.214,648.938,600.005,8.0,519.2033068777447,216.2142314397424
P06T22,Other,554.913,398.248,476.542,592.125,648.887,598.04,8.0,140.18443452158556,717.9285077301533
P06T22,Other,554.884,398.252,476.46,592.13,647.029,594.144,8.0,519.0961619262083,215.40397029745154
P06T22,Other,553.005,398.217,474.549,588.218,645.065,598.0,8.0,480.1644189667061,302.9257553284661
P06T22,Other,552.917,398.225,474.563,590.184,643.099,599.955,8.0,519.2572209142689,215.2293734037906
P06T22,Other,551.018,398.213,466.804,588.266,641.166,599.959,8.0,140.18443452158556,717.9285077301533
P06T22,Other,549.036,398.129,464.801,586.261,645.078,596.071,8.0,519.4186611665363,215.05457268479765
P06T22,Other,547.128,398.099,468.751,588.297,645.079,600.004,8.0,140.18443452158556,717.9285077301533
P06T22,Other,547.064,398.107,466.786,588.332,643.074,596.065,8.0,516.8183016341756,213.34104872058106
P06T22,Other,543.247,398.166,464.816,592.139,639.21,596.102,8.0,480.83463866054336,308.0008199274066
P06T22,Other,543.171,398.208,462.953,590.219,639.156,596.093,8.0,517.3308595801398,213.8647465109343
P06T22,Other,543.155,398.204,464.787,588.308,637.225,596.108,8.0,473.55285783817305,307.3390933656695
P06T22,Other,543.172,398.173,464.786,590.195,637.19,594.151,8.0,517.450239609265,213.62536434479077
P06T22,Other,547.098,396.225,464.876,588.289,641.145,598.018,8.0,140.18443452158556,717.9285077301533
P06T22,Other,549.02,396.201,464.87,588.187,645.008,594.144,8.0,516.8004791334115,215.51219182327603
P06T22,Other,549.071,396.237,460.956,588.175,645.009,598.031,8.0,140.18443452158556,717.9285077301533
P06T22,Other,549.049,396.184,462.921,588.174,643.123,592.187,8.0,515.7282081795813,216.55273829956343
P06T22,Other,549.037,396.175,462.94,586.32,643.119,599.938,8.0,140.18443452158556,717.9285077301533
P06T22,Other,547.134,396.161,464.811,586.244,639.204,592.154,8.0,140.18443452158556,717.9285077301533
P06T22,Other,547.113,394.253,466.779,586.288,645.07,594.137,8.0,514.9173217381187,215.31766021967258
P06T22,Other,545.141,392.304,464.847,586.245,639.171,594.092,8.0,140.18443452158556,717.9285077301533
P06T22,Other,543.23,392.299,470.674,588.248,637.287,592.183,8.0,518.3238030784967,222.9334996762864
P06T22,Other,545.11,392.293,466.753,586.27,637.259,592.138,8.0,140.18443452158556,717.9285077301533
P06T22,Other,545.127,390.346,464.774,582.335,637.279,590.225,8.0,514.6473124557729,216.6253735799307
P06T22,Other,545.158,388.429,464.784,582.369,637.203,590.239,8.0,140.18443452158556,717.9285077301533
P06T22,Other,545.125,388.44,464.813,582.394,637.262,592.135,8.0,515.0303521045878,216.956135727405
P06T22,Other,543.262,390.337,466.774,586.292,637.213,594.128,8.0,140.18443452158556,717.9285077301533
P06T22,Other,543.255,388.443,466.736,586.262,637.248,594.103,8.0,515.115544799863,216.8307853458259
P06T22,Other,545.12,388.444,462.939,584.288,637.207,594.091,8.0,140.18443452158556,717.9285077301533
P06T22,Other,545.111,388.399,462.936,582.326,637.295,590.168,8.0,515.2027988375545,216.70268098188004
P06T22,Other,545.103,388.385,464.862,586.212,637.236,590.191,8.0,140.18443452158556,717.9285077301533
P06T22,Other,545.114,386.46,462.824,582.322,637.199,588.242,8.0,514.9712582376932,216.6814657989209
P06T22,Other,545.131,386.444,466.757,584.345,637.262,586.348,8.0,515.2501262399637,217.35054034325398
P06T22,Other,545.187,386.42,466.768,584.339,641.135,588.234,8.0,140.18443452158556,717.9285077301533
P06T22,Other,547.062,384.606,462.949,582.335,639.201,588.24,8.0,515.3247038340292,217.16330338351116
P06T22,Other,545.151,384.559,464.839,578.458,637.257,586.247,8.0,140.18443452158556,717.9285077301533
P06T22,Other,543.256,384.545,462.929,578.44,637.182,584.285,8.0,518.648408628119,224.73804284224335
P06T22,Other,545.121,384.509,462.906,576.516,635.353,584.315,8.0,140.18443452158556,717.9285077301533
P06T22,Other,545.128,384.506,464.84,578.466,635.333,584.303,8.0,518.5102174738208,224.074570695551
P06T22,Other,543.248,384.518,464.792,580.401,637.198,586.212,8.0,140.18443452158556,717.9285077301533
P06T22,Other,545.106,384.577,462.901,578.415,635.301,586.217,8.0,516.2131393264667,217.3123715211305
P06T22,Other,545.136,386.413,462.905,582.364,637.264,588.213,8.0,140.18443452158556,717.9285077301533
P06T22,Other,545.136,386.467,462.887,584.278,635.293,588.323,8.0,516.1020378461262,217.09235745855966
P06T22,Other,543.184,386.476,462.88,584.352,637.228,588.258,8.0,140.18443452158556,717.9285077301533
P06T22,Other,543.139,386.465,462.816,584.266,635.34,588.326,8.0,516.5288422544664,216.80603714832517
P06T22,Other,541.313,386.448,462.789,580.425,635.308,588.219,8.0,140.18443452158556,717.9285077301533
P06T22,Other,541.312,386.446,462.812,582.344,635.329,588.27,8.0,515.3647909890627,217.11917867689434
P06T22,Other,543.147,386.421,460.857,580.402,635.317,588.2,8.0,140.18443452158556,717.9285077301533
P06T22,Other,541.333,386.422,460.922,578.459,635.275,586.329,8.0,515.4562747031093,217.25436435699987
P06T22,Other,541.321,386.409,460.97,580.371,635.275,588.205,8.0,140.18443452158556,717.9285077301533
P06T22,Other,541.303,384.59,460.971,580.398,635.302,588.211,8.0,515.8852785106667,217.81513591886537
P06T22,Other,541.292,384.599,462.818,584.265,635.315,588.214,8.0,140.18443452158556,717.9285077301533
P06T22,Other,541.303,386.415,462.818,584.281,635.276,588.191,8.0,514.6010453689767,216.71027331907007
P06T22,Other,541.282,384.591,460.965,586.204,635.324,586.342,8.0,140.18443452158556,717.9285077301533
P06T22,Other,541.246,384.572,462.81,584.322,635.329,586.338,8.0,515.6365301440104,218.88433317446336
P06T22,Other,541.23,384.559,462.83,584.289,635.308,586.279,8.0,140.18443452158556,717.9285077301533
P06T22,Other,541.225,384.59,462.901,586.224,635.343,588.226,8.0,515.6513597531866,218.60869897183122
P06T22,Other,541.194,386.447,460.967,586.315,635.285,588.263,8.0,140.18443452158556,717.9285077301533
P06T22,Other,541.147,386.413,460.958,586.263,635.215,586.266,8.0,515.7371240140747,218.51613366339367
P06T22,Other,539.316,384.597,456.99,582.374,635.345,588.229,8.0,140.18443452158556,717.9285077301533
P06T22,Other,539.269,384.503,460.873,586.215,635.217,586.275,8.0,515.8233778550479,218.42321373214517
P06T22,Other,539.235,384.445,460.935,586.189,635.208,586.216,8.0,140.18443452158556,717.9285077301533
P06T22,Other,539.316,382.559,462.94,582.386,635.312,582.393,8.0,515.3675871026953,218.2634644383936
P06T22,Other,541.217,376.659,464.855,580.383,641.111,574.526,8.0,140.18443452158556,717.9285077301533
P06T22,Other,541.188,372.748,462.876,572.616,635.254,574.59,8.0,515.4932108046687,218.17413515399093
P06T22,Other,541.196,370.824,464.844,574.497,619.572,582.349,8.0,140.18443452158556,717.9285077301533
P06T22,Other,541.3,372.729,462.872,570.672,625.441,582.359,8.0,515.5742994576434,218.0790621393626
P06T22,Other,541.328,372.704,470.659,572.592,639.162,574.566,8.0,140.18443452158556,717.9285077301533
P06T22,Other,541.314,370.823,470.703,572.533,643.105,572.644,8.0,515.6564551790066,217.9829277952755
P06T22,Other,541.225,370.767,464.824,570.554,633.223,574.556,8.0,140.18443452158556,717.9285077301533
P06T22,Other,541.177,370.768,470.683,572.531,631.329,576.511,8.0,515.7390163102691,217.88650766773102
P06T22,Other,541.131,370.767,468.72,572.517,621.555,576.508,8.0,140.18443452158556,717.9285077301533
P06T22,Other,539.325,370.855,466.782,572.531,619.675,574.535,8.0,515.8220628447242,217.78970763994008
P06T22,Other,539.217,372.73,466.75,572.534,619.629,574.579,8.0,140.18443452158556,717.9285077301533
P06T22,Other,539.214,372.739,468.706,572.617,621.514,574.523,8.0,515.9054778668166,217.69266319656526
P06T22,Other,539.332,372.75,466.786,570.585,629.332,570.638,8.0,479.607567528529,304.07523786956205
P06T22,Other,541.147,370.808,464.838,566.673,633.264,570.588,8.0,515.989479075596,217.5951206268219
P06T22,Other,541.2,368.817,476.48,566.674,625.494,570.599,6.0,140.18443452158556,717.9285077301533
P06T22,Other,541.256,366.761,474.593,556.863,627.4,564.744,7.0,517.9940623720607,214.63669244077596
P06T22,Neck,541.318,353.242,476.586,551.011,625.479,556.828,6.0,609.1473963365205,307.4679580506916
P06T22,Other,547.077,349.234,478.482,541.231,633.206,545.14,2.0,517.9452418095674,214.73802943717365
P06T22,Other,552.966,339.505,478.541,529.486,635.193,541.203,2.0,140.18443452158556,717.9285077301533
P06T22,Other,554.973,335.6,492.153,527.501,639.205,525.549,0.0,518.0548010656855,214.6036927696025
P06T22,Other,558.87,327.663,494.229,521.64,648.894,525.568,2.0,140.18443452158556,717.9285077301533
P06T22,Other,568.609,321.794,494.255,517.7,649.05,523.624,2.0,518.1664961926707,214.46693837403632
P06T22,Neck,570.647,321.814,500.064,517.694,650.935,523.527,2.0,140.18443452158556,717.9285077301533
P06T22,Neck,572.526,329.648,500.084,523.626,651.023,531.416,0.0,519.8637932507933,211.47350598570233
P06T22,Other,576.499,353.104,507.94,543.24,658.752,554.852,6.0,140.18443452158556,717.9285077301533
P06T22,Neck,574.517,355.131,507.837,545.158,658.735,554.862,6.0,521.4433015219034,211.19936163386637
P06T22,Other,572.476,361.008,505.888,556.895,656.775,556.856,4.0,140.18443452158556,717.9285077301533
P06T22,Other,570.514,366.917,496.134,556.963,650.931,556.923,5.0,521.4665064228911,211.04852621168388
P06T22,Other,560.823,368.77,496.172,562.806,649.011,564.724,5.0,140.18443452158556,717.9285077301533
P06T22,Other,556.986,368.864,494.291,564.748,648.882,564.764,4.0,513.8263350629782,214.25104503876187
P06T22,Other,556.866,368.866,496.159,568.638,648.913,566.646,5.0,140.18443452158556,717.9285077301533
P06T22,Other,556.956,368.87,494.303,564.739,649.046,568.601,5.0,505.5014562490209,235.9792812280586
P06T22,Other,558.924,370.856,504.016,572.603,650.915,570.653,8.0,140.18443452158556,717.9285077301533
P06T22,Other,566.694,376.663,507.878,574.578,650.98,574.504,8.0,498.6889208807515,243.64074640975167
P06T22,Other,568.6,380.535,498.17,572.642,650.903,574.546,8.0,140.18443452158556,717.9285077301533
P06T22,Other,562.765,382.424,502.047,574.581,650.859,574.497,8.0,489.4760355352447,254.00939917906
P06T22,Other,556.902,398.243,507.974,600.005,652.863,598.035,8.0,140.18443452158556,717.9285077301533
P06T22,Other,562.794,398.23,511.861,601.945,660.73,594.085,8.0,489.78099440729875,252.43836454413926
P06T22,Other,570.605,396.202,519.703,592.188,666.629,588.258,8.0,140.18443452158556,717.9285077301533
P06T22,Other,576.508,388.416,525.568,588.173,678.395,588.187,8.0,491.1553999299538,251.46548139439201
P06T22,Other,586.364,384.445,537.269,580.368,686.212,580.378,8.0,140.18443452158556,717.9285077301533
P06T22,Other,600.023,380.532,543.171,580.402,697.94,572.617,8.0,491.75840252964645,250.58503625411237
P06T22,Other,605.871,374.663,549.091,570.651,709.639,572.545,8.0,140.18443452158556,717.9285077301533
P06T22,Other,613.701,370.852,554.972,572.497,711.65,572.573,8.0,492.2268008190373,251.4114201977898
P06T22,Other,615.672,368.929,554.884,570.582,711.631,572.543,8.0,128000.0,72000.0
P06T22,Other,615.636,368.84,552.968,564.693,711.602,570.617,8.0,491.9252213417537,251.74125315405217
P06T22,Other,611.773,366.897,552.988,558.879,711.553,570.599,8.0,140.18443452158556,717.9285077301533
P06T22,Other,609.795,364.823,550.996,552.917,707.741,564.756,6.0,492.9451918985245,251.8973400892591
P06T22,Other,617.618,368.928,556.948,523.626,721.48,572.515,8.0,140.18443452158556,717.9285077301533
P06T22,Other,613.655,374.672,554.916,507.88,711.72,570.62,8.0,492.61999204025165,252.2736246548266
P06T22,Other,603.857,378.613,552.962,494.181,707.748,572.506,8.0,128000.0,72000.0
P06T22,Other,594.129,382.584,543.213,492.157,696.064,574.505,8.0,494.6342961405389,251.09267936013677
P06T22,Other,584.337,384.516,537.241,492.161,682.354,586.299,9.0,140.18443452158556,717.9285077301533
P06T22,Other,572.568,384.603,525.483,476.558,668.582,596.044,10.0,495.44859241511153,250.51608016755884
P06T22,Other,566.705,386.428,523.494,464.84,658.793,602.031,10.0,140.18443452158556,717.9285077301533
P06T22,Other,558.904,384.552,517.706,476.542,650.864,609.789,10.0,494.96366801000545,250.4297193798275
P06T22,Other,556.84,384.573,502.066,486.342,637.255,619.602,10.0,140.18443452158556,717.9285077301533
P06T22,Other,554.909,382.601,502.019,484.387,633.331,619.677,10.0,496.59362445375456,251.17391018269282
P06T22,Other,554.883,376.627,496.167,476.581,633.299,617.655,10.0,140.18443452158556,717.9285077301533
P06T22,Other,554.883,366.854,494.262,468.745,623.515,615.613,10.0,496.536671472184,251.37497001287886
P06T22,Neck,554.977,355.155,494.211,443.272,619.534,611.772,10.0,468.90697862384934,575.5721634574219
P06T22,Neck,562.768,341.413,498.166,478.516,590.251,601.905,10.0,497.67285784675767,250.7076695400218
P06T22,Neck,566.664,351.197,496.172,511.895,588.232,599.959,10.0,140.18443452158556,717.9285077301533
P06T22,Other,558.922,366.92,447.229,601.976,566.678,590.235,12.0,498.56805252877837,250.49686817294935
P06T22,Other,556.912,382.547,460.921,601.921,556.932,586.289,10.0,140.18443452158556,717.9285077301533
P06T22,Other,554.964,386.43,447.241,641.164,558.856,574.599,11.0,498.3441264341016,250.86172731770435
P06T22,Other,556.808,394.255,433.497,670.519,562.779,570.552,13.0,140.18443452158556,717.9285077301533
P06T22,Other,558.836,402.155,429.54,715.605,570.656,572.563,13.0,499.17455512693766,248.95156189641062
P06T22,Other,566.655,404.08,0.0,0.0,582.35,572.517,14.0,140.18443452158556,717.9285077301533
P06T22,Other,572.531,402.147,0.0,0.0,594.148,572.615,14.0,499.66447328534235,248.44127400879415
P06T22,Other,572.65,406.032,0.0,0.0,601.899,584.291,14.0,140.18443452158556,717.9285077301533
P06T22,Other,570.642,407.988,0.0,0.0,603.883,584.28,14.0,500.9661540170282,248.8630438447156
P06T22,Other,555.002,413.818,0.0,0.0,615.68,596.044,14.0,140.18443452158556,717.9285077301533
P06T22,Other,531.428,423.636,0.0,0.0,648.94,619.558,15.0,499.8837823855908,247.29357789750475
P06T22,Other,507.99,435.402,0.0,0.0,0.0,0.0,17.0,140.18443452158556,717.9285077301533
P06T22,Other,492.193,453.057,0.0,0.0,695.991,646.997,15.0,499.4719429936188,245.96030003496062
P06T22,Other,476.478,462.827,0.0,0.0,0.0,0.0,16.0,140.18443452158556,717.9285077301533
P06T22,Other,453.063,462.808,0.0,0.0,0.0,0.0,17.0,499.3395905579491,245.77600647305502
P06T22,Other,431.602,449.159,0.0,0.0,0.0,0.0,17.0,140.18443452158556,717.9285077301533
P06T22,Other,421.703,449.124,0.0,0.0,0.0,0.0,17.0,500.1229552630939,246.33182963174264
P06T22,Other,413.885,460.958,0.0,0.0,0.0,0.0,17.0,140.18443452158556,717.9285077301533
P06T22,Other,409.926,462.928,0.0,0.0,0.0,0.0,18.0,498.9656828788476,245.49329202740887
P06T22,Other,407.966,464.87,0.0,0.0,0.0,0.0,17.0,4137.158979099032,6602.762239033675
P06T22,Other,413.827,476.582,0.0,0.0,0.0,0.0,17.0,499.1693836908099,244.34941164196712
P06T22,Other,421.745,494.133,0.0,0.0,0.0,0.0,18.0,140.18443452158556,717.9285077301533
P06T22,Other,425.617,509.942,0.0,0.0,0.0,0.0,17.0,499.0427387876223,244.67073358264463
P06T22,Other,456.992,458.974,0.0,0.0,0.0,0.0,17.0,140.18443452158556,717.9285077301533
P06T22,Other,460.824,456.966,0.0,0.0,0.0,0.0,17.0,498.93587298032105,244.87135129685376
P06T22,Other,456.991,447.155,0.0,0.0,0.0,0.0,17.0,140.18443452158556,717.9285077301533
P06T22,Other,460.922,427.554,0.0,0.0,0.0,0.0,16.0,498.8281287017805,245.07389561306124
P06T22,Neck,460.881,400.265,0.0,0.0,0.0,0.0,16.0,140.18443452158556,717.9285077301533
P06T22,Neck,449.145,392.357,0.0,0.0,895.823,715.605,15.0,497.3393646945159,243.8905489148507
P06T22,Neck,447.246,382.591,0.0,0.0,913.424,645.054,15.0,140.18443452158556,717.9285077301533
P06T22,Neck,460.872,368.832,0.0,0.0,0.0,0.0,17.0,498.1006750332567,242.7561826622881
P06T22,Other,476.549,366.882,0.0,0.0,1060.4,494.214,15.0,140.18443452158556,717.9285077301533
P06T22,Other,482.452,372.754,0.0,0.0,0.0,0.0,17.0,498.50136125774185,241.90550480574237
P06T22,Other,480.546,396.22,0.0,0.0,0.0,0.0,17.0,140.18443452158556,717.9285077301533
P06T22,Other,482.47,394.251,0.0,0.0,0.0,0.0,17.0,498.94586617398375,242.33071367635205
P06T22,Other,748.873,445.206,0.0,0.0,921.285,694.018,15.0,140.18443452158556,717.9285077301533
P06T22,Other,790.072,437.361,0.0,0.0,915.408,686.191,15.0,498.79482506571026,242.47353528014028
P06T22,Other,813.519,456.946,0.0,0.0,0.0,0.0,16.0,140.18443452158556,717.9285077301533
P06T22,Other,819.451,478.497,0.0,0.0,970.291,639.171,15.0,499.8646057439359,241.04415729008954
P06T22,Other,811.62,509.808,0.0,0.0,0.0,0.0,17.0,140.18443452158556,717.9285077301533
P06T22,Other,795.935,539.235,0.0,0.0,0.0,0.0,18.0,500.69709095560285,240.83757691859753
P06T22,Other,750.831,590.202,0.0,0.0,0.0,0.0,18.0,140.18443452158556,717.9285077301533
P06T22,Other,729.223,605.887,0.0,0.0,0.0,0.0,18.0,502.1454203990257,240.63522244088466
P06T22,Other,731.328,607.875,0.0,0.0,0.0,0.0,18.0,140.18443452158556,717.9285077301533
P06T22,Other,746.906,603.889,0.0,0.0,0.0,0.0,18.0,501.98411534018,239.52856766458672
P06T22,Other,750.847,574.514,0.0,0.0,0.0,0.0,18.0,140.18443452158556,717.9285077301533
P06T22,Other,739.124,554.971,0.0,0.0,0.0,0.0,18.0,505.1883664217746,247.45605469272866
P06T22,Other,727.377,551.0,0.0,0.0,870.363,599.963,16.0,140.18443452158556,717.9285077301533
P06T22,Neck,735.164,556.946,0.0,0.0,884.066,603.874,16.0,504.90307574289045,247.0307712202732
P06T22,Other,776.344,560.817,0.0,0.0,0.0,0.0,18.0,140.18443452158556,717.9285077301533
P06T22,Neck,799.811,551.045,0.0,0.0,0.0,0.0,18.0,503.58527717341354,239.95286890812477
P06T22,Neck,819.383,533.4,0.0,0.0,0.0,0.0,18.0,140.18443452158556,717.9285077301533
P06T22,Neck,823.372,515.775,0.0,0.0,0.0,0.0,18.0,504.53857653404674,240.31876817083625
P06T22,Other,821.412,490.317,0.0,0.0,0.0,0.0,18.0,140.18443452158556,717.9285077301533
P06T22,Neck,793.956,460.959,0.0,0.0,0.0,0.0,17.0,504.44636168262184,240.46650935283915
P06T22,Other,760.575,433.52,0.0,0.0,0.0,0.0,17.0,140.18443452158556,717.9285077301533
P06T22,Other,727.391,425.624,0.0,0.0,995.745,601.92,16.0,504.37512076870155,242.05449688544743
P06T22,Other,717.541,445.179,0.0,0.0,993.732,668.539,15.0,140.18443452158556,717.9285077301533
P06T22,Other,733.212,482.433,0.0,0.0,0.0,0.0,16.0,504.3592676813079,242.07080787390234
P06T22,Neck,756.749,509.924,0.0,0.0,0.0,0.0,18.0,140.18443452158556,717.9285077301533
P06T22,Other,788.006,515.731,0.0,0.0,0.0,0.0,17.0,504.33954448015254,242.20746257529296
P06T22,Other,807.709,523.542,0.0,0.0,0.0,0.0,17.0,140.18443452158556,717.9285077301533
P06T22,Other,836.983,531.429,0.0,0.0,0.0,0.0,17.0,504.3197043257985,242.3463165706169
P06T22,Other,868.424,537.261,0.0,0.0,0.0,0.0,17.0,140.18443452158556,717.9285077301533
P06T22,Other,944.762,525.505,0.0,0.0,0.0,0.0,17.0,502.8070638608923,240.4724038391178
P06T22,Other,997.673,523.519,0.0,0.0,0.0,0.0,17.0,140.18443452158556,717.9285077301533
P06T22,Other,1017.3,509.809,0.0,0.0,0.0,0.0,17.0,503.8663150312621,236.89736915711939
P06T22,Other,993.741,511.877,0.0,0.0,0.0,0.0,18.0,140.18443452158556,717.9285077301533
P06T22,Other,974.163,537.319,0.0,0.0,0.0,0.0,18.0,513.2782056113635,224.01990502706514
P06T22,Other,938.94,537.267,0.0,0.0,0.0,0.0,17.0,140.18443452158556,717.9285077301533
P06T22,Other,915.479,515.774,0.0,0.0,0.0,0.0,17.0,512.5795423148234,225.01710082361686
P06T22,Other,884.002,505.973,0.0,0.0,0.0,0.0,17.0,140.18443452158556,717.9285077301533
P06T22,Other,856.71,466.767,0.0,0.0,0.0,0.0,17.0,512.6746457167669,224.9149670808402
P06T22,Other,840.996,413.854,0.0,0.0,0.0,0.0,16.0,140.18443452158556,717.9285077301533
P06T22,Other,823.408,388.436,0.0,0.0,0.0,0.0,16.0,512.7701234510484,224.81246532743603
P06T22,Other,797.87,400.231,0.0,0.0,0.0,0.0,16.0,140.18443452158556,717.9285077301533
P06T22,Other,758.65,411.946,0.0,0.0,0.0,0.0,17.0,513.5065281427966,210.77785412382545
P06T22,Other,705.805,425.621,0.0,0.0,0.0,0.0,17.0,140.18443452158556,717.9285077301533
P06T22,Other,654.895,449.125,0.0,0.0,0.0,0.0,17.0,513.5197252940375,209.4617942731047
P06T22,Other,633.34,490.249,0.0,0.0,0.0,0.0,17.0,140.18443452158556,717.9285077301533
P06T22,Other,635.336,549.056,0.0,0.0,0.0,0.0,17.0,513.6280186417739,209.33859569405908
P06T22,Other,666.566,592.165,0.0,0.0,0.0,0.0,18.0,140.18443452158556,717.9285077301533
P06T22,Other,711.584,629.397,0.0,0.0,0.0,0.0,18.0,513.7343440330174,209.0313865652073
P06T22,Other,725.405,684.25,0.0,0.0,0.0,0.0,19.0,140.18443452158556,717.9285077301533
P06T22,Other,37.709,288.44,0.0,0.0,37.7282,313.962,17.0,513.4557971853847,207.9178732605326
P06T22,Other,51.3641,290.387,53.332,313.96,0.0,0.0,12.0,140.18443452158556,717.9285077301533
P06T22,Other,55.2753,288.583,55.4009,317.852,55.3841,310.028,11.0,513.5897543676327,207.66673136717557
P06T22,Other,73.0528,284.57,72.9655,306.132,74.981,310.067,11.0,140.18443452158556,717.9285077301533
P06T22,Other,0.0,0.0,932.985,668.566,0.0,0.0,13.0,513.6931048241768,207.3454862090033
P06T22,Other,163.018,272.856,178.834,325.757,176.82,321.838,11.0,140.18443452158556,717.9285077301533
P06T22,Other,263.029,666.553,0.0,0.0,0.0,0.0,21.0,513.3377896631882,207.61165447489148
P06T22,Other,255.229,247.371,0.0,0.0,0.0,0.0,17.0,140.18443452158556,717.9285077301533
P06T22,Other,331.613,617.598,0.0,0.0,0.0,0.0,19.0,513.4740831094998,207.24776377347447
P06T22,Other,423.676,588.252,0.0,0.0,0.0,0.0,19.0,140.18443452158556,717.9285077301533
P06T22,Other,509.867,547.122,0.0,0.0,0.0,0.0,18.0,514.2110550727151,206.7891567262127
P06T22,Other,572.557,537.241,0.0,0.0,0.0,0.0,17.0,140.18443452158556,717.9285077301533
P06T22,Other,619.62,525.622,0.0,0.0,0.0,0.0,16.0,514.1183527129094,207.32373298340744
P06T22,Other,648.894,523.613,0.0,0.0,0.0,0.0,16.0,140.18443452158556,717.9285077301533
P06T22,Other,660.732,492.29,0.0,0.0,0.0,0.0,17.0,514.2377169799074,206.9407689265098
P06T22,Other,670.514,488.341,0.0,0.0,0.0,0.0,18.0,140.18443452158556,717.9285077301533
P06T22,Other,680.289,470.684,0.0,0.0,0.0,0.0,17.0,514.3453787156957,206.62660904911164
P06T22,Other,684.303,419.731,0.0,0.0,0.0,0.0,17.0,140.18443452158556,717.9285077301533
P06T22,Other,721.427,370.825,0.0,0.0,0.0,0.0,17.0,514.454639910462,206.3082856532787
P06T22,Other,774.328,351.226,0.0,0.0,1025.13,445.216,15.0,140.18443452158556,717.9285077301533
P06T22,Other,823.259,366.886,0.0,0.0,0.0,0.0,17.0,513.8126027287191,206.40595123101284
P06T22,Other,837.078,417.786,0.0,0.0,0.0,0.0,17.0,140.18443452158556,717.9285077301533
P06T22,Other,833.139,458.913,0.0,0.0,0.0,0.0,18.0,513.9754885908736,206.0567391902863
P06T22,Other,821.305,486.358,0.0,0.0,0.0,0.0,19.0,140.18443452158556,717.9285077301533
P06T22,Other,831.138,504.009,0.0,0.0,0.0,0.0,19.0,514.0763450588886,205.7419769984374
P06T22,Neck,854.687,490.219,0.0,0.0,0.0,0.0,18.0,140.18443452158556,717.9285077301533
P06T22,Other,887.984,476.638,0.0,0.0,0.0,0.0,18.0,514.178151164828,205.42478018228164
P06T22,Other,917.359,496.132,0.0,0.0,0.0,0.0,18.0,140.18443452158556,717.9285077301533
P06T22,Other,962.36,543.146,0.0,0.0,0.0,0.0,21.0,140.18443452158556,717.9285077301533
P06T22,Other,1040.71,503.993,0.0,0.0,0.0,0.0,18.0,512.2743387701858,206.43079828354288
P06T22,Other,1040.76,494.174,0.0,0.0,0.0,0.0,18.0,140.18443452158556,717.9285077301533
P06T22,Other,1052.5,476.475,0.0,0.0,0.0,0.0,18.0,512.5077724467435,206.01608776738178
P06T22,Other,1054.5,458.943,0.0,0.0,0.0,0.0,18.0,512.5410171029961,205.8679858447073
P06T22,Other,1070.15,462.895,0.0,0.0,0.0,0.0,18.0,140.18443452158556,717.9285077301533
P06T22,Other,1119.08,480.482,0.0,0.0,0.0,0.0,18.0,511.39546823845865,208.24971783403223
P06T22,Other,1172.08,511.812,0.0,0.0,0.0,0.0,18.0,140.18443452158556,717.9285077301533
P06T22,Other,1036.9,368.742,0.0,0.0,0.0,0.0,17.0,511.5480920856153,207.76259530648971
P06T22,Other,1183.87,576.493,0.0,0.0,0.0,0.0,22.0,140.18443452158556,717.9285077301533
P06T22,Other,1148.58,617.602,0.0,0.0,0.0,0.0,21.0,511.60083370509005,207.49584044623887
P06T22,Other,1101.54,676.369,0.0,0.0,0.0,0.0,21.0,140.18443452158556,717.9285077301533
P06T22,Other,1048.63,699.928,0.0,0.0,0.0,0.0,21.0,511.65426399632554,207.2264152114908
P06T22,Other,nan,nan,nan,nan,nan,nan,nan,140.18443452158556,717.9285077301533
P06T22,Other,nan,nan,nan,nan,nan,nan,nan,511.70791920427416,206.95666164629802
P06T22,Nose,nan,nan,nan,nan,nan,nan,nan,140.18443452158556,717.9285077301533
P06T22,Other,nan,nan,nan,nan,nan,nan,nan,511.7615921187803,206.68761008237104
P06T22,Other,nan,nan,nan,nan,nan,nan,nan,140.18443452158556,717.9285077301533
P06T22,Other,nan,nan,nan,nan,nan,nan,nan,507.27066159459855,217.4594534728062
P06T22,Other,nan,nan,nan,nan,nan,nan,nan,140.18443452158556,717.9285077301533
P06T22,Nose,nan,nan,nan,nan,nan,nan,nan,514.6508943360179,230.3594836628851
P06T22,Other,799.841,490.309,0.0,0.0,0.0,0.0,18.0,140.18443452158556,717.9285077301533
P06T22,Other,833.101,554.952,0.0,0.0,0.0,0.0,18.0,517.4205713687958,250.72670956558005
P06T22,Other,889.917,554.929,0.0,0.0,0.0,0.0,18.0,140.18443452158556,717.9285077301533
P06T22,Other,1011.45,539.247,0.0,0.0,0.0,0.0,17.0,519.2556359413591,264.5399600254685
P06T22,Other,1068.22,646.989,0.0,0.0,0.0,0.0,18.0,140.18443452158556,717.9285077301533
P06T22,Other,nan,nan,nan,nan,nan,nan,nan,518.2243390644086,264.33890408432825
P06T22,Other,1134.8,698.022,0.0,0.0,0.0,0.0,21.0,140.18443452158556,717.9285077301533
P06T22,Other,nan,nan,nan,nan,nan,nan,nan,518.4572673984001,264.8966065109936
P06T22,Other,nan,nan,nan,nan,nan,nan,nan,140.18443452158556,717.9285077301533
P06T22,Other,nan,nan,nan,nan,nan,nan,nan,518.6062678978557,265.49657527412694
P06T22,Other,nan,nan,nan,nan,nan,nan,nan,-128000.0,-72000.0
P06T22,Other,nan,nan,nan,nan,nan,nan,nan,516.8496202571491,262.8523553909127
P06T22,Other,nan,nan,nan,nan,nan,nan,nan,615.8202478473133,321.97001077406924
P06T22,Other,nan,nan,nan,nan,nan,nan,nan,517.1339902663032,263.68418576533026
P06T22,Other,nan,nan,nan,nan,nan,nan,nan,140.18443452158556,717.9285077301533
P06T22,Other,nan,nan,nan,nan,nan,nan,nan,515.97754582633,263.7932035925303
P06T22,Other,nan,nan,nan,nan,nan,nan,nan,140.18443452158556,717.9285077301533
P06T22,Other,978.055,572.633,0.0,0.0,0.0,0.0,21.0,514.4862218713979,263.6776042889603
P06T22,Other,905.649,576.495,0.0,0.0,0.0,0.0,21.0,140.18443452158556,717.9285077301533
P06T22,Other,nan,nan,nan,nan,nan,nan,nan,514.5985632388712,263.3434686346413
P06T22,Other,nan,nan,nan,nan,nan,nan,nan,140.18443452158556,717.9285077301533
P06T22,Other,nan,nan,nan,nan,nan,nan,nan,514.090748778053,263.6332788817108
P06T22,Other,nan,nan,nan,nan,nan,nan,nan,140.18443452158556,717.9285077301533
P06T22,Other,nan,nan,nan,nan,nan,nan,nan,514.0785937364142,263.6059627728062
P06T22,Other,nan,nan,nan,nan,nan,nan,nan,140.18443452158556,717.9285077301533
P06T22,Other,nan,nan,nan,nan,nan,nan,nan,512.4663104429484,261.6592613360948
P06T22,Other,nan,nan,nan,nan,nan,nan,nan,140.18443452158556,717.9285077301533
P06T22,Other,nan,nan,nan,nan,nan,nan,nan,513.086767608956,262.3593722506005
P06T22,Nose,nan,nan,nan,nan,nan,nan,nan,140.18443452158556,717.9285077301533
P06T22,Other,nan,nan,nan,nan,nan,nan,nan,511.85284024808277,263.61996045308683
P06T22,Nose,nan,nan,nan,nan,nan,nan,nan,140.18443452158556,717.9285077301533
P06T22,Other,nan,nan,nan,nan,nan,nan,nan,512.1294779761294,263.5664313457521
P06T22,Other,nan,nan,nan,nan,nan,nan,nan,140.18443452158556,717.9285077301533
P06T22,Other,nan,nan,nan,nan,nan,nan,nan,512.7846890020289,263.73571939791395
P06T22,Other,nan,nan,nan,nan,nan,nan,nan,140.18443452158556,717.9285077301533
P06T22,Other,364.848,552.969,0.0,0.0,0.0,0.0,22.0,512.5839325465504,263.49000172867545
P06T22,Other,nan,nan,nan,nan,nan,nan,nan,140.18443452158556,717.9285077301533
P06T22,Other,nan,nan,nan,nan,nan,nan,nan,511.67053359,263.17426778028783
P06T22,Other,nan,nan,nan,nan,nan,nan,nan,140.18443452158556,717.9285077301533
P06T22,Other,nan,nan,nan,nan,nan,nan,nan,511.67988482424346,262.45066580168304
P06T22,Other,nan,nan,nan,nan,nan,nan,nan,140.18443452158556,717.9285077301533
P06T22,Other,nan,nan,nan,nan,nan,nan,nan,511.73666059745693,263.0503809289582
P06T22,Nose,nan,nan,nan,nan,nan,nan,nan,140.18443452158556,717.9285077301533
P06T22,Nose,nan,nan,nan,nan,nan,nan,nan,511.78283806798134,263.5341362082795
P06T22,Nose,nan,nan,nan,nan,nan,nan,nan,140.18443452158556,717.9285077301533
P06T22,Nose,nan,nan,nan,nan,nan,nan,nan,511.11156356099957,263.0685660929945
P06T22,Nose,nan,nan,nan,nan,nan,nan,nan,140.18443452158556,717.9285077301533
P06T22,Nose,1038.86,182.748,0.0,0.0,0.0,0.0,21.0,511.2604574150746,263.5212773483816
P06T22,Nose,1068.2,286.555,0.0,0.0,0.0,0.0,22.0,140.18443452158556,717.9285077301533
P06T22,Other,1072.19,351.175,0.0,0.0,0.0,0.0,22.0,511.2743435548182,263.48872223695145
P06T22,Other,1083.87,374.712,0.0,0.0,0.0,0.0,22.0,140.18443452158556,717.9285077301533
P06T22,Other,1095.63,372.72,0.0,0.0,0.0,0.0,22.0,511.5454680440385,262.6085536954496
P06T22,Other,1085.83,423.695,0.0,0.0,0.0,0.0,21.0,140.18443452158556,717.9285077301533
P06T22,Nose,1081.92,476.525,0.0,0.0,0.0,0.0,21.0,511.05162442473386,262.6661014068083
P06T22,Nose,1103.55,517.686,0.0,0.0,0.0,0.0,22.0,140.18443452158556,717.9285077301533
P06T22,Other,0.0,0.0,0.0,0.0,0.0,0.0,18.0,511.17018416186227,261.61452756152875
P06T22,Other,0.0,0.0,0.0,0.0,0.0,0.0,18.0,140.18443452158556,717.9285077301533
P06T22,Other,1150.5,464.807,0.0,0.0,0.0,0.0,22.0,511.32344160469466,263.09962796439197
P06T22,Other,1144.64,445.25,0.0,0.0,0.0,0.0,21.0,140.18443452158556,717.9285077301533
P06T22,Other,1140.71,402.182,0.0,0.0,0.0,0.0,21.0,510.69003665289233,261.86771014346607
P06T22,Other,1083.86,323.782,0.0,0.0,0.0,0.0,22.0,140.18443452158556,717.9285077301533
P06T22,Other,1066.25,329.625,0.0,0.0,1224.95,560.846,16.0,509.8385030867382,262.96062408063983
P06T22,Other,1068.18,341.382,0.0,0.0,0.0,0.0,17.0,140.18443452158556,717.9285077301533
P06T22,Other,1032.97,507.862,0.0,0.0,0.0,0.0,17.0,510.6650076990655,263.07839273531454
P06T22,Other,991.757,529.502,0.0,0.0,0.0,0.0,17.0,140.18443452158556,717.9285077301533
P06T22,Other,942.827,609.769,0.0,0.0,0.0,0.0,20.0,509.9767082023323,263.1202766863736
P06T22,Other,970.301,539.278,0.0,0.0,0.0,0.0,19.0,140.18443452158556,717.9285077301533
P06T22,Other,972.21,505.94,0.0,0.0,0.0,0.0,18.0,509.46472322817704,262.7575905039919
P06T22,Other,966.322,482.46,0.0,0.0,0.0,0.0,17.0,481.945275713722,344.541502825747
P06T22,Other,946.717,464.827,0.0,0.0,0.0,0.0,17.0,509.327488555891,262.58796054216884
P06T22,Other,909.541,441.318,0.0,0.0,0.0,0.0,17.0,281.6078984438629,599.622925306845
P06T22,Other,868.416,433.456,0.0,0.0,0.0,0.0,17.0,509.08379250979533,262.05561061500794
P06T22,Other,744.964,411.949,0.0,0.0,0.0,0.0,18.0,128000.0,72000.0
P06T22,Other,715.567,413.802,0.0,0.0,0.0,0.0,18.0,510.483403980386,262.92645286117266
P06T22,Other,698.033,413.922,0.0,0.0,0.0,0.0,18.0,140.18443452158556,717.9285077301533
P06T22,Other,672.492,415.799,0.0,0.0,0.0,0.0,19.0,508.30615938877975,261.75105778453946
P06T22,Other,629.404,423.637,0.0,0.0,0.0,0.0,18.0,140.18443452158556,717.9285077301533
P06T22,Other,582.325,429.593,0.0,0.0,0.0,0.0,18.0,509.53942468285663,262.1299190066264
P06T22,Other,539.27,447.147,0.0,0.0,0.0,0.0,18.0,140.18443452158556,717.9285077301533
P06T22,Other,492.207,472.628,0.0,0.0,0.0,0.0,21.0,508.7731912643079,262.51987994389606
P06T22,Other,456.944,492.279,0.0,0.0,0.0,0.0,21.0,140.18443452158556,717.9285077301533
P06T22,Other,413.803,521.662,0.0,0.0,0.0,0.0,22.0,508.897180646622,261.7650682532671
P06T22,Other,368.864,552.919,0.0,0.0,0.0,0.0,22.0,140.18443452158556,717.9285077301533
P06T22,Other,335.53,572.612,0.0,0.0,0.0,0.0,21.0,510.00867498281093,262.5093183681007
P06T22,Other,302.153,588.193,0.0,0.0,0.0,0.0,22.0,140.18443452158556,717.9285077301533
P06T22,Other,261.126,601.902,0.0,0.0,0.0,0.0,22.0,509.51703466070256,261.80995358166143
P06T22,Other,223.874,601.848,0.0,0.0,0.0,0.0,20.0,140.18443452158556,717.9285077301533
P06T22,Other,178.826,576.479,0.0,0.0,0.0,0.0,19.0,509.9134773307625,261.75128165426156
P06T22,Other,133.726,558.89,0.0,0.0,0.0,0.0,19.0,140.18443452158556,717.9285077301533
P06T22,Other,90.6177,539.281,0.0,0.0,0.0,0.0,19.0,509.3199664371191,262.46744935625037
P06T22,Other,53.3714,511.865,0.0,0.0,0.0,0.0,19.0,140.18443452158556,717.9285077301533
P06T22,Other,0.0,0.0,0.0,0.0,0.0,0.0,21.0,509.9878516223535,261.4520218723958
P06T22,Other,nan,nan,nan,nan,nan,nan,nan,140.18443452158556,717.9285077301533
P06T22,Other,nan,nan,nan,nan,nan,nan,nan,509.5978986157046,262.2805325068212
P06T22,Other,nan,nan,nan,nan,nan,nan,nan,140.18443452158556,717.9285077301533
P06T22,Other,nan,nan,nan,nan,nan,nan,nan,508.35518861874584,262.28171527878743
P06T22,Other,nan,nan,nan,nan,nan,nan,nan,140.18443452158556,717.9285077301533
P06T22,Other,nan,nan,nan,nan,nan,nan,nan,508.83018814881143,262.0378385589154
P06T22,Other,nan,nan,nan,nan,nan,nan,nan,140.18443452158556,717.9285077301533
P06T22,Other,nan,nan,nan,nan,nan,nan,nan,140.18443452158556,717.9285077301533
P06T22,Other,nan,nan,nan,nan,nan,nan,nan,509.1559847005616,261.8140224647033
P06T22,Other,nan,nan,nan,nan,nan,nan,nan,140.18443452158556,717.9285077301533
P06T22,Other,nan,nan,nan,nan,nan,nan,nan,508.82993480041944,261.7592052391092
P06T22,Other,nan,nan,nan,nan,nan,nan,nan,508.7199518788334,261.48332130843716
P06T22,Other,nan,nan,nan,nan,nan,nan,nan,140.18443452158556,717.9285077301533
P06T22,Other,nan,nan,nan,nan,nan,nan,nan,508.6491675837767,262.0249387667389
P06T22,Other,nan,nan,nan,nan,nan,nan,nan,140.18443452158556,717.9285077301533
P06T22,Other,nan,nan,nan,nan,nan,nan,nan,509.02969563805647,261.9612732790336
P06T22,Other,nan,nan,nan,nan,nan,nan,nan,140.18443452158556,717.9285077301533
P06T22,Other,nan,nan,nan,nan,nan,nan,nan,508.1055241706382,261.89313290418227
