P06T25,Other,590.187,319.888,511.859,502.069,682.282,523.522,0.0,624.3157136834324,241.20177828689546
P06T25,Other,590.169,319.835,513.765,502.051,684.253,523.535,2.0,141.2822436830447,741.2362926006457
P06T25,Other,590.201,319.794,511.822,496.226,682.306,511.882,2.0,623.434639666695,241.04175611475233
P06T25,Other,590.232,319.774,513.772,496.181,682.318,517.687,0.0,141.2822436830447,741.2362926006457
P06T25,Other,590.242,319.74,511.898,496.144,680.374,517.68,0.0,624.0169469753561,241.07772423788452
P06T25,Other,590.235,319.73,509.97,496.154,680.255,521.636,0.0,141.2822436830447,741.2362926006457
P06T25,Other,590.28,317.896,511.903,500.051,680.31,523.534,0.0,623.8624864590021,241.18814714776659
P06T25,Other,592.199,317.838,515.766,492.23,682.211,519.642,0.0,141.2822436830447,741.2362926006457
P06T25,Other,594.137,317.843,519.681,494.271,678.367,519.636,0.0,612.4765773144431,234.6027986965919
P06T25,Other,594.153,315.946,519.649,494.164,680.394,517.726,0.0,141.2822436830447,741.2362926006457
P06T25,Other,596.047,315.929,517.699,492.293,682.289,513.802,0.0,591.7925462091359,234.70484864928062
P06T25,Other,596.051,313.966,517.707,492.256,688.132,511.851,0.0,38042.59874808229,17662.213841250603
P06T25,Other,594.095,312.007,521.592,494.24,678.337,517.697,0.0,577.3015139289489,233.44230079187324
P06T25,Other,596.035,311.991,523.486,496.141,678.345,515.735,0.0,141.2822436830447,741.2362926006457
P06T25,LElbow,594.153,311.98,523.493,494.281,680.278,511.841,0.0,581.9385341770468,229.64553441632629
P06T25,Other,596.052,310.089,521.59,500.101,682.274,511.846,0.0,141.2822436830447,741.2362926006457
P06T25,Other,594.15,312.005,521.565,496.172,682.281,511.885,0.0,584.5312241228552,229.50365133758652
P06T25,Other,594.138,311.969,519.678,496.209,682.337,511.889,0.0,141.2822436830447,741.2362926006457
P06T25,LElbow,594.154,310.068,521.611,503.962,686.167,509.886,0.0,583.6632518931866,230.23973112194182
P06T25,LElbow,599.945,310.044,523.565,502.018,688.127,513.83,0.0,141.2822436830447,741.2362926006457
P06T25,Other,601.868,308.13,523.528,502.008,686.17,509.938,0.0,584.2007104178552,231.0439852906048
P06T25,LElbow,601.967,308.095,523.559,500.089,682.318,507.965,0.0,141.2822436830447,741.2362926006457
P06T25,LElbow,601.98,308.103,523.556,505.946,692.063,509.845,0.0,585.226973311376,232.02039260409893
P06T25,Other,601.961,308.075,523.558,496.158,690.144,509.895,0.0,141.2822436830447,741.2362926006457
P06T25,Other,601.909,308.137,523.505,500.067,686.172,511.857,1.0,584.7919359787318,230.3954281612731
P06T25,Neck,602.02,308.145,525.498,498.13,692.072,511.82,1.0,141.2822436830447,741.2362926006457
P06T25,Nose,603.834,312.02,525.561,496.155,694.057,509.943,1.0,585.304747628574,231.04801047395583
P06T25,Neck,603.898,313.983,525.564,496.147,695.942,517.702,1.0,128000.0,72000.0
P06T25,Neck,603.941,313.951,527.486,494.195,697.887,515.757,0.0,585.4895100897774,230.85320116128463
P06T25,Nose,605.854,313.981,529.436,494.253,697.996,513.815,1.0,141.2822436830447,741.2362926006457
P06T25,Neck,607.81,315.887,525.636,498.09,699.911,511.88,0.0,585.4874922236071,231.74886813560616
P06T25,Other,607.863,315.904,531.434,496.217,699.929,509.892,0.0,141.2822436830447,741.2362926006457
P06T25,Other,607.84,315.946,535.293,496.162,699.954,509.925,0.0,585.5931330988375,231.20232281555232
P06T25,Other,607.843,317.818,535.319,496.135,699.934,507.926,0.0,141.2822436830447,741.2362926006457
P06T25,Other,609.79,317.873,531.41,503.952,703.835,507.952,0.0,584.7213287846182,230.9535024196131
P06T25,Other,611.749,319.721,537.278,498.16,696.03,507.918,0.0,141.2822436830447,741.2362926006457
P06T25,Other,613.676,319.775,535.295,504.008,705.811,509.91,0.0,141.2822436830447,741.2362926006457
P06T25,Other,615.611,319.834,535.358,505.924,711.629,517.685,0.0,584.480400166784,230.49185648524178
P06T25,Other,613.735,319.796,533.388,505.97,709.726,513.819,0.0,141.2822436830447,741.2362926006457
P06T25,Other,611.76,319.822,529.467,509.951,699.927,515.729,0.0,585.2182866053549,228.59428269162694
P06T25,Other,607.88,319.915,529.501,513.775,709.661,525.489,0.0,4817.814288646825,2545.5999486343803
P06T25,Other,605.909,321.817,527.574,509.939,701.905,523.61,0.0,584.8338381738221,229.10793714891736
P06T25,Other,603.92,321.869,527.49,511.873,698.025,517.744,0.0,141.2822436830447,741.2362926006457
P06T25,Other,603.835,323.757,525.525,515.771,695.938,523.508,0.0,584.2531768633941,229.00872892660368
P06T25,Other,601.993,323.786,525.571,513.784,688.177,523.645,0.0,141.2822436830447,741.2362926006457
P06T25,Other,601.944,323.827,525.531,509.96,688.159,523.604,0.0,584.9136947307702,229.63474956437167
P06T25,Other,601.918,323.837,523.631,511.893,692.073,523.58,0.0,141.2822436830447,741.2362926006457
P06T25,Other,601.891,325.714,523.589,509.941,695.92,525.59,0.0,584.2897774360887,229.9889694774471
P06T25,Other,603.819,331.584,525.576,509.832,692.041,527.499,0.0,141.2822436830447,741.2362926006457
P06T25,Other,617.633,351.141,535.301,537.253,709.651,545.177,8.0,585.0400005134063,230.33286340392388
P06T25,Other,617.642,351.263,537.313,531.443,705.784,556.893,7.0,141.2822436830447,741.2362926006457
P06T25,Other,617.645,353.174,537.29,537.28,709.673,552.968,6.0,584.2144735315268,229.84236663278844
P06T25,Other,617.554,353.227,537.263,539.184,697.924,550.994,6.0,141.2822436830447,741.2362926006457
P06T25,Other,615.638,353.181,529.436,537.247,699.891,556.872,6.0,584.8825198743773,229.78556146927164
P06T25,Other,609.825,353.108,529.46,537.269,699.967,562.784,7.0,141.2822436830447,741.2362926006457
P06T25,Other,605.904,353.061,523.557,535.365,699.963,556.931,7.0,585.9526742968513,230.92779006713107
P06T25,Other,604.009,351.222,523.526,537.252,703.799,560.832,7.0,141.2822436830447,741.2362926006457
P06T25,Other,603.966,351.213,519.69,535.371,699.912,552.989,8.0,585.3579970522596,229.48375707876747
P06T25,Other,603.88,351.218,511.899,529.506,698.049,545.154,7.0,141.2822436830447,741.2362926006457
P06T25,Other,601.976,351.211,509.806,527.514,697.959,541.243,8.0,585.9609267425668,230.03228450353225
P06T25,Other,601.875,351.137,507.823,525.56,693.965,543.208,7.0,585.4028900995211,231.21284183683682
P06T25,Other,600.01,351.073,496.206,523.547,697.921,541.304,7.0,141.2822436830447,741.2362926006457
P06T25,Other,599.989,347.288,490.243,511.804,713.707,537.319,5.0,586.0508972742582,230.29808314590187
P06T25,Other,599.941,345.341,482.435,507.916,713.701,525.571,5.0,141.2822436830447,741.2362926006457
P06T25,Other,599.94,343.389,476.589,500.07,723.394,523.542,2.0,586.6012362077552,229.53780507861583
P06T25,Other,598.067,343.34,474.613,494.161,729.22,511.893,2.0,141.2822436830447,741.2362926006457
P06T25,Other,599.939,341.394,462.904,494.206,737.112,511.84,3.0,587.9393150196473,230.83822888354072
P06T25,Other,599.994,339.499,456.981,488.315,741.017,507.872,2.0,141.2822436830447,741.2362926006457
P06T25,Other,599.998,339.455,449.174,488.332,752.803,498.148,2.0,587.2983153336565,230.61216758205956
P06T25,Other,600.013,339.478,443.289,480.524,760.626,498.103,2.0,141.2822436830447,741.2362926006457
P06T25,Other,601.837,339.475,439.324,478.492,750.882,486.388,4.0,587.3101272877698,231.40696742954555
P06T25,Other,601.835,341.356,433.452,474.611,760.595,480.523,2.0,141.2822436830447,741.2362926006457
P06T25,Other,601.842,341.358,419.748,474.618,768.46,478.444,4.0,590.0891920833384,231.9044718184154
P06T25,Other,600.014,341.369,419.724,464.832,772.42,474.64,4.0,141.2822436830447,741.2362926006457
P06T25,Other,600.028,341.37,421.692,460.98,778.257,466.765,5.0,590.3128923277327,229.03549142388556
P06T25,Other,601.842,341.385,423.641,458.9,786.113,462.839,4.0,141.2822436830447,741.2362926006457
P06T25,Other,601.844,339.44,423.651,453.031,788.056,460.849,5.0,586.7736607582578,218.85838114469402
P06T25,Other,599.996,339.433,415.918,447.269,780.208,455.019,2.0,141.2822436830447,741.2362926006457
P06T25,Other,598.063,339.447,415.848,447.204,774.388,451.148,2.0,581.0175008376574,212.8765521486403
P06T25,Other,596.079,339.47,417.775,447.211,774.402,451.11,2.0,141.2822436830447,741.2362926006457
P06T25,Other,594.085,339.5,415.914,447.232,776.26,451.116,2.0,584.2938108787068,216.77862738471916
P06T25,Other,590.269,339.505,415.865,447.189,776.273,455.021,2.0,141.2822436830447,741.2362926006457
P06T25,Other,590.182,341.4,417.787,449.102,774.357,458.915,2.0,584.2860220005617,216.19895385458707
P06T25,Other,588.243,341.401,417.853,449.154,766.498,460.834,2.0,141.2822436830447,741.2362926006457
P06T25,Other,588.163,341.436,419.762,451.125,768.452,462.85,4.0,586.6233932684868,216.76644188159094
P06T25,Other,586.329,343.353,417.841,456.947,764.595,464.809,4.0,141.2822436830447,741.2362926006457
P06T25,Other,586.253,343.377,419.727,458.894,760.714,464.853,4.0,586.0761661367407,216.13231632071003
P06T25,Other,586.223,339.458,427.547,460.792,760.585,466.803,2.0,141.2822436830447,741.2362926006457
P06T25,Other,586.243,339.46,423.654,460.847,762.614,464.86,4.0,585.4950554783185,216.09123011054118
P06T25,Other,586.301,339.478,419.792,460.787,762.662,464.809,2.0,141.2822436830447,741.2362926006457
P06T25,Other,586.313,341.365,419.725,458.912,766.541,462.914,2.0,584.6977627432035,216.73539471034917
P06T25,Other,586.337,341.374,413.94,455.007,768.455,462.777,4.0,141.2822436830447,741.2362926006457
P06T25,Other,586.344,341.355,413.887,449.196,772.341,458.87,4.0,586.1634721309706,217.26364623912872
P06T25,Other,586.354,341.409,409.982,449.13,774.336,451.134,4.0,141.2822436830447,741.2362926006457
P06T25,Other,588.153,345.307,408.0,447.126,776.36,447.273,3.0,587.4719790817221,217.6215480523311
P06T25,Other,588.229,345.308,404.09,445.257,778.29,445.27,4.0,141.2822436830447,741.2362926006457
P06T25,Other,588.309,345.317,404.075,441.319,776.29,443.236,4.0,585.6682581877377,216.46569506698174
P06T25,Other,588.343,347.277,413.877,437.376,772.356,437.353,6.0,141.2822436830447,741.2362926006457
P06T25,Other,588.332,349.162,425.63,431.591,758.648,431.515,6.0,585.2689927465942,216.0986039963799
P06T25,Other,590.16,349.249,498.124,429.558,680.313,433.512,7.0,141.2822436830447,741.2362926006457
P06T25,Other,590.162,349.204,527.505,429.503,635.344,431.428,7.0,584.9907782666339,215.2521217628798
P06T25,Other,588.322,347.249,594.115,427.512,588.169,413.899,8.0,141.2822436830447,741.2362926006457
P06T25,Other,588.258,345.314,570.584,427.533,592.188,409.941,8.0,584.8594940109715,214.9785207969687
P06T25,Other,588.192,345.325,570.541,417.846,601.973,415.753,8.0,141.2822436830447,741.2362926006457
P06T25,Other,586.371,347.267,568.613,417.858,601.937,413.878,6.0,585.101418728159,215.1581160461109
P06T25,Other,586.319,343.385,566.643,421.71,601.852,409.983,6.0,141.2822436830447,741.2362926006457
P06T25,Other,586.313,341.431,570.597,425.633,594.138,413.812,6.0,586.1072050954602,214.82848706488429
P06T25,Other,586.327,341.382,568.647,431.443,592.138,413.942,6.0,141.2822436830447,741.2362926006457
P06T25,Other,588.15,339.472,570.53,441.276,601.939,429.535,4.0,581.3424010574679,224.78488742492868
P06T25,Other,588.193,339.469,564.696,449.178,603.839,445.227,4.0,16951.625140720433,8796.730121906818
P06T25,Other,588.194,339.441,568.646,458.903,603.908,462.812,4.0,604.5005157100876,222.896550188888
P06T25,Other,588.18,339.438,570.621,478.552,609.807,476.609,4.0,141.2822436830447,741.2362926006457
P06T25,Other,588.175,337.564,558.835,523.542,617.609,515.763,4.0,618.9308201939541,259.5092396548634
P06T25,Other,588.176,337.526,541.269,531.403,629.415,523.565,5.0,141.2822436830447,741.2362926006457
P06T25,Other,588.164,337.459,537.333,535.337,635.334,537.229,5.0,623.3430706765946,289.3157502296902
P06T25,Other,588.152,337.428,525.573,539.21,648.917,541.241,4.0,141.2822436830447,741.2362926006457
P06T25,Other,586.343,337.391,523.625,551.036,656.806,543.191,4.0,617.0007724701836,286.3321731774685
P06T25,Other,586.301,335.6,511.878,541.239,670.506,539.26,3.0,141.2822436830447,741.2362926006457
P06T25,Other,586.316,335.581,511.8,535.335,682.312,535.361,2.0,616.1843064120604,280.28365085563934
P06T25,Other,586.356,335.566,505.986,531.396,692.053,539.196,4.0,141.2822436830447,741.2362926006457
P06T25,Other,588.192,335.553,502.041,531.404,699.953,537.335,4.0,619.9161435394656,276.932254654144
P06T25,Other,588.254,335.567,494.27,529.45,709.661,539.277,5.0,141.2822436830447,741.2362926006457
P06T25,Other,588.273,337.381,492.186,523.619,699.981,539.238,5.0,621.6294945301071,279.5579688564935
P06T25,Other,588.328,337.424,492.195,523.648,707.715,539.294,5.0,141.2822436830447,741.2362926006457
P06T25,Other,590.22,337.531,492.242,525.604,705.765,541.186,6.0,620.677473981249,280.6305476092853
P06T25,Other,592.123,339.456,494.29,527.524,711.714,549.049,8.0,141.2822436830447,741.2362926006457
P06T25,Other,590.27,341.397,496.163,527.564,715.633,545.131,7.0,621.2281760106333,280.56119575951953
P06T25,Other,590.267,343.331,496.187,533.395,713.637,545.172,7.0,141.2822436830447,741.2362926006457
P06T25,Other,590.24,345.29,496.21,529.439,709.692,543.172,7.0,621.5163049098554,282.186636624313
P06T25,Other,588.333,347.234,498.089,529.442,701.914,541.178,7.0,141.2822436830447,741.2362926006457
P06T25,Other,588.337,349.16,502.07,527.554,705.78,545.138,7.0,620.7828321142655,280.6996206915359
P06T25,Other,588.357,349.198,509.817,535.361,707.728,554.877,6.0,141.2822436830447,741.2362926006457
P06T25,Other,590.175,349.254,507.869,527.508,698.048,541.29,6.0,621.624520087274,280.87180675362725
P06T25,Other,590.206,351.074,507.971,529.438,697.968,543.2,7.0,141.2822436830447,741.2362926006457
P06T25,Other,590.166,351.128,509.81,533.381,697.932,551.012,7.0,622.4765409012202,282.4545854868498
P06T25,Other,590.171,351.146,509.939,531.407,696.015,551.011,7.0,141.2822436830447,741.2362926006457
P06T25,Other,588.349,351.12,509.873,527.549,688.183,549.041,7.0,621.5731219266879,281.3856513651774
P06T25,Other,588.29,351.118,509.912,535.341,684.285,541.206,8.0,141.2822436830447,741.2362926006457
P06T25,Other,588.238,351.154,507.958,531.402,682.327,541.215,8.0,623.1913699974319,281.3686404659161
P06T25,Other,588.196,351.198,507.837,527.546,682.289,545.14,8.0,141.2822436830447,741.2362926006457
P06T25,Other,588.17,351.229,505.983,533.352,682.358,543.186,8.0,623.8532647894958,281.6662345321898
P06T25,Other,586.349,351.242,509.879,543.2,684.233,545.172,8.0,141.2822436830447,741.2362926006457
P06T25,Other,586.315,351.27,507.916,539.307,684.209,551.001,8.0,622.548246385305,281.6062283731406
P06T25,Other,586.283,353.064,507.979,541.188,684.259,545.144,7.0,141.2822436830447,741.2362926006457
P06T25,Other,586.25,353.12,509.831,545.143,684.301,552.995,7.0,624.2966794440291,282.1631886580192
P06T25,Other,586.278,353.167,507.898,543.193,690.088,552.996,7.0,141.2822436830447,741.2362926006457
P06T25,Other,586.289,353.222,505.978,541.222,693.974,554.949,7.0,624.6037011036525,282.3467040124638
P06T25,Other,586.266,353.247,507.85,541.303,690.141,549.069,7.0,141.2822436830447,741.2362926006457
P06T25,Other,586.228,355.108,504.005,541.282,692.08,552.972,6.0,625.0208375568686,283.2686741794656
P06T25,Other,586.211,355.129,507.834,541.194,690.142,552.926,6.0,141.2822436830447,741.2362926006457
P06T25,Other,586.184,359.03,507.959,545.119,694.057,562.76,4.0,625.4103179260463,282.37680319370594
P06T25,Other,586.236,359.029,509.843,547.108,692.102,558.841,6.0,141.2822436830447,741.2362926006457
P06T25,Other,586.261,358.997,509.857,543.241,694.062,558.898,6.0,626.7430940659017,282.4580625622493
P06T25,Other,586.264,359.002,509.84,541.256,688.147,554.947,4.0,141.2822436830447,741.2362926006457
P06T25,Other,586.261,359.019,507.891,541.184,686.246,556.916,4.0,625.9337920243341,282.66786635995425
P06T25,Other,586.265,359.03,507.852,543.178,686.21,556.891,4.0,141.2822436830447,741.2362926006457
P06T25,Other,586.248,360.973,507.918,541.286,686.218,556.89,6.0,627.1502587671285,282.0150678359624
P06T25,Other,586.253,361.009,507.883,543.159,686.227,556.962,6.0,531.5828978532495,289.9606202315343
P06T25,Other,586.257,362.897,507.913,539.305,686.246,556.952,6.0,627.2510076121306,282.3216818171855
P06T25,Other,586.249,362.96,509.802,539.255,686.246,556.889,3.0,532.1053233734236,290.77931677419025
P06T25,Other,586.233,364.923,507.922,541.223,684.279,556.854,3.0,628.4533821871287,282.08537215500894
P06T25,Other,586.254,366.774,507.887,543.226,686.238,558.89,3.0,532.5178147323745,290.97704960436033
P06T25,Other,586.249,366.856,509.821,545.143,690.082,556.863,3.0,531.5797736635005,291.5325124093959
P06T25,Other,586.282,366.847,509.916,545.115,692.078,556.943,3.0,627.9923573889608,282.226609990482
P06T25,Other,586.296,366.808,509.917,543.173,692.056,556.845,3.0,532.4349130432511,290.6450150962215
P06T25,Other,586.285,366.787,509.911,549.031,690.118,554.99,3.0,628.6267458503385,281.668632221269
P06T25,Other,586.301,366.763,509.967,550.979,690.129,556.916,3.0,532.3431377000584,291.8497313506237
P06T25,Other,586.247,366.77,509.85,545.17,684.306,554.976,3.0,628.9052195045144,281.57036724471567
P06T25,Other,586.2,366.796,507.985,549.081,682.215,564.707,5.0,533.644648708238,291.6587239053316
P06T25,Other,584.298,366.836,507.883,549.027,684.206,562.803,4.0,631.3563188326809,282.2340547943926
P06T25,Other,582.333,366.845,507.873,549.069,682.283,562.788,6.0,533.4140742257013,291.58902805603617
P06T25,Other,582.318,366.868,507.92,556.852,682.324,566.676,4.0,630.6621423744417,281.6341246903672
P06T25,Other,582.325,366.875,507.959,554.921,682.346,568.632,4.0,630.4921372898581,280.0508901617434
P06T25,Other,582.343,366.894,507.935,554.886,682.321,568.602,5.0,533.3006186807146,291.62863250932435
P06T25,Other,584.256,366.892,507.923,552.981,682.306,568.615,5.0,630.9382833308198,280.9282449386721
P06T25,Other,586.287,366.838,509.924,549.089,690.128,560.836,3.0,533.1506897725984,291.3837636571272
P06T25,Other,588.177,366.751,509.948,545.144,684.303,556.966,4.0,629.6805593323189,280.36215214796954
P06T25,Other,588.233,364.93,509.908,541.267,690.097,560.828,4.0,533.1147299311633,290.9194044124251
P06T25,Other,588.29,366.752,509.81,545.13,682.337,558.913,3.0,629.9898320879154,280.39507185600144
P06T25,Other,588.341,366.802,509.913,541.24,684.295,564.724,3.0,533.3485458484265,291.1350425687011
P06T25,Other,590.258,366.805,513.806,547.116,693.991,566.696,3.0,628.4210398981055,278.6673470368843
P06T25,Other,594.116,366.747,517.73,545.128,696.06,560.819,3.0,532.2479656213094,285.9728296577968
P06T25,Other,598.062,366.784,519.633,541.261,696.011,564.707,4.0,623.8152920694696,270.53348431950997
P06T25,Other,599.921,366.742,517.713,541.204,697.934,564.709,4.0,531.8290637118845,279.2582603762896
P06T25,Other,599.953,364.896,519.624,539.255,696.059,562.744,4.0,624.1704333983163,269.8350226574494
P06T25,Other,599.957,364.841,519.661,539.252,697.969,558.878,4.0,532.0086647741939,280.156358086053
P06T25,Other,599.981,364.867,523.499,541.247,698.012,562.767,4.0,624.2556719716774,271.9218437766946
P06T25,Other,599.987,366.776,519.678,541.307,696.05,560.835,4.0,532.1532656838829,282.13853148134365
P06T25,Other,599.944,366.778,517.711,543.188,697.945,566.662,4.0,624.4160155553733,271.82152137720124
P06T25,Other,596.076,366.763,515.781,545.128,695.99,564.727,4.0,531.8466567814133,281.8482152842944
P06T25,Other,590.202,366.864,509.921,541.188,690.14,568.638,4.0,625.3119461220456,272.7732218543407
P06T25,Other,586.31,368.788,509.87,545.112,686.165,562.757,7.0,531.1482359982081,282.8461395131883
P06T25,Other,584.295,368.836,509.846,552.942,682.328,566.701,7.0,624.5311583437447,272.7473967384652
P06T25,Other,582.314,368.875,507.95,552.911,682.338,568.648,7.0,529.6130865822239,282.51191599703355
P06T25,Other,582.397,368.85,509.87,552.938,684.234,560.824,7.0,625.1456959118001,272.12336049125685
P06T25,Other,586.202,368.864,511.883,549.033,682.349,560.853,6.0,531.1179696446635,281.7800496794244
P06T25,Other,586.344,368.865,513.802,550.993,692.053,570.551,5.0,623.5237603821149,272.4152228848597
P06T25,Other,588.252,368.857,517.717,554.88,695.921,566.695,7.0,529.3718442131366,282.65720191663866
P06T25,Other,592.191,370.742,521.594,554.945,697.958,568.68,8.0,625.6793831462652,273.98441352637764
P06T25,Other,598.041,370.775,523.566,556.894,698.017,570.611,8.0,529.8922115626335,282.61360574423344
P06T25,Other,601.922,370.824,525.635,554.924,699.931,566.659,8.0,624.0530073390112,273.26856480063304
P06T25,Other,602.041,370.799,527.556,552.981,701.879,568.643,8.0,529.854854274905,282.2710074475332
P06T25,Other,603.894,370.804,531.441,554.885,711.628,570.557,8.0,626.2683887068933,273.8802842053423
P06T25,Other,605.85,370.841,531.397,552.975,711.591,570.552,8.0,528.822049935467,282.6827703562166
P06T25,Other,607.821,372.77,535.334,558.886,711.632,572.539,8.0,624.3180224513403,273.33154455681495
P06T25,Other,607.846,376.668,537.238,558.866,713.548,572.542,8.0,529.2465190158038,282.2919356965501
P06T25,Other,607.843,380.507,531.44,558.893,713.603,578.465,8.0,624.2335561672696,272.56623444202796
P06T25,Other,609.78,380.599,535.299,560.786,713.674,576.474,8.0,528.7386703574331,282.1775278512139
P06T25,Other,609.808,380.605,529.465,556.949,713.555,576.476,8.0,624.6136606054221,273.72603851952874
P06T25,Other,611.735,380.502,537.289,562.755,713.554,578.434,8.0,528.5444710125516,282.53459457870235
P06T25,Other,611.727,378.583,535.331,556.871,711.586,576.478,8.0,623.204834704431,271.8023550407688
P06T25,Other,607.833,376.666,535.374,564.722,707.738,576.455,8.0,528.86638615731,281.95377983179145
P06T25,Other,605.849,376.63,531.392,556.843,707.77,574.491,8.0,623.9952214177501,273.103551499347
P06T25,Other,603.851,374.681,527.476,556.936,703.824,572.547,8.0,528.9401079913275,282.24679630928534
P06T25,Other,601.902,374.699,525.549,556.968,697.924,574.548,8.0,623.5134088783386,272.96102217073604
P06T25,Other,600.02,376.624,525.556,556.957,695.93,574.586,8.0,528.7380558432249,281.4891791058453
P06T25,Other,599.939,376.63,521.636,554.985,698.007,578.468,8.0,624.3788893409381,273.1954043095607
P06T25,Other,598.046,376.667,523.667,560.811,696.017,578.448,8.0,528.5255909080946,282.6778033288332
P06T25,Other,598.019,376.646,523.667,556.899,696.065,578.431,8.0,624.4141755486534,272.63821083002995
P06T25,Other,597.991,374.725,523.633,564.727,697.923,574.497,8.0,528.3776093648125,281.8714573670322
P06T25,Other,598.013,374.684,523.573,566.677,696.027,572.596,8.0,625.6652174591583,273.5286777077978
P06T25,Other,596.095,372.758,523.634,568.607,697.899,574.554,8.0,529.0861890554534,281.63148805452903
P06T25,Other,596.062,372.738,523.57,568.601,697.947,572.632,8.0,625.4730208980498,273.2132601408688
P06T25,Other,594.149,372.772,523.548,568.581,696.028,574.565,8.0,529.4928879388217,281.29789722223245
P06T25,Other,592.204,374.656,523.538,568.654,695.952,576.469,8.0,624.4376441665614,272.8513942453075
P06T25,Other,588.247,378.589,513.762,560.832,692.042,574.531,8.0,530.2226540625064,282.12839534929225
P06T25,Other,588.163,382.472,511.801,564.711,684.243,570.624,8.0,625.1381320652863,272.3336890334283
P06T25,Other,588.154,382.502,511.811,566.671,688.131,572.611,8.0,530.3371987749497,281.60978102110414
P06T25,Other,588.161,382.492,515.724,566.705,682.27,578.448,8.0,625.7426899904017,272.51813333532425
P06T25,Other,588.161,382.468,513.808,568.621,686.232,574.524,8.0,531.6330863097438,281.8245413351758
P06T25,Other,588.149,380.546,513.774,568.676,686.168,572.612,8.0,626.5515914091372,272.35073715585236
P06T25,Other,586.35,378.563,511.865,556.937,682.353,574.554,8.0,531.2761565689593,281.3797070132563
P06T25,Other,586.3,372.739,513.819,560.81,682.243,572.535,8.0,625.0733336961242,271.41682064056005
P06T25,Other,586.205,368.898,511.892,566.673,680.389,556.952,8.0,531.6448200730433,281.3024296324565
P06T25,Other,584.305,368.764,509.925,554.958,682.254,560.836,8.0,626.0911137418996,272.223709064028
P06T25,Other,582.312,368.731,509.914,556.897,682.329,566.695,7.0,530.2171966374325,285.19317427282243
P06T25,Other,578.415,366.94,507.992,556.83,682.279,570.577,7.0,630.5021865088667,286.9776552566407
P06T25,Other,574.495,368.796,507.824,556.981,680.252,566.713,8.0,141.2822436830447,741.2362926006457
P06T25,Other,574.518,370.738,507.943,566.651,682.219,572.555,8.0,634.8453849955491,323.97247965397014
P06T25,Other,574.568,372.771,505.954,564.719,680.348,574.515,8.0,141.2822436830447,741.2362926006457
P06T25,Other,574.568,378.583,505.982,570.598,680.268,578.426,8.0,640.0847030768373,372.58378356568267
P06T25,Other,574.556,380.582,505.963,570.639,682.3,574.565,8.0,537.4343827836251,376.1764160138808
P06T25,Other,574.576,382.426,507.842,572.511,682.347,580.392,8.0,653.9177926278094,381.5593101209796
P06T25,Other,574.553,380.587,505.955,572.586,682.315,574.573,8.0,543.4802877869631,385.7340089274551
P06T25,Other,574.54,380.502,504.018,570.532,680.309,576.501,8.0,656.3197504198268,383.27729318358786
P06T25,Other,572.674,374.715,503.961,570.523,682.215,576.486,8.0,544.2945290775176,380.7349979112953
P06T25,Other,572.643,372.706,503.969,570.612,682.257,572.525,8.0,654.6961927951859,376.1498025934848
P06T25,Other,572.666,370.781,505.897,570.641,676.385,570.605,8.0,543.6828665131744,380.27867985577217
P06T25,Other,574.496,368.879,502.047,560.819,682.212,570.555,8.0,656.326675111407,375.66159752049833
P06T25,Other,574.541,368.762,507.806,564.706,682.216,572.521,8.0,543.0551127907269,381.78591478104016
P06T25,Other,572.668,366.741,504.011,558.862,680.376,558.826,6.0,658.5340246528442,378.926389190845
P06T25,Other,572.635,362.891,505.935,556.942,676.428,554.962,4.0,543.2137745175869,381.84419369516087
P06T25,Other,572.555,357.066,507.83,556.89,680.287,556.852,7.0,659.7803165984842,377.3441417780548
P06T25,Other,572.546,353.13,505.985,550.981,674.472,549.076,8.0,544.206606403107,381.864870244801
P06T25,Other,572.568,351.104,505.991,545.159,682.24,543.191,6.0,659.5043311851124,377.5104270788552
P06T25,Other,572.587,339.506,505.945,541.225,682.227,533.403,2.0,543.997353601504,380.92975498521844
P06T25,Other,572.646,335.587,507.809,531.432,682.22,523.607,2.0,658.562965818302,376.04464431620863
P06T25,Other,574.536,333.509,509.848,529.445,682.2,523.602,2.0,544.0510690201193,380.74122690584954
P06T25,Other,576.473,325.717,509.968,527.472,684.201,521.644,2.0,660.7979015569589,376.6945657319942
P06T25,Other,574.56,321.837,511.795,525.522,684.281,519.675,0.0,543.5668753580125,381.5334406347979
P06T25,Other,572.568,321.707,509.852,523.611,680.34,511.875,0.0,660.4012120313121,375.78314771788683
P06T25,Neck,570.632,319.856,507.873,521.584,680.37,509.872,0.0,544.3312940144262,381.0109188479979
P06T25,Neck,568.672,317.902,507.844,521.576,678.304,509.855,0.0,662.2302358804837,375.92759102979704
P06T25,Other,570.593,319.785,513.818,523.556,676.405,502.01,0.0,544.9760542046567,381.24839057584506
P06T25,Other,572.529,319.876,521.661,523.641,680.272,507.853,0.0,661.4262815183582,375.13883244053466
P06T25,Neck,574.522,319.825,523.649,521.637,682.236,511.888,0.0,545.6029471122263,380.7328345538653
P06T25,Neck,580.402,317.824,527.487,511.881,686.233,503.965,1.0,663.4827379275713,375.7377142535117
P06T25,Other,584.316,312.011,535.339,519.664,694.066,505.925,0.0,544.4838860233391,381.1682257983837
P06T25,Other,586.348,308.137,539.168,513.812,696.044,492.231,1.0,663.2832541780214,375.0550283829385
P06T25,Other,588.195,306.234,539.334,511.838,695.972,507.949,1.0,544.8155714989516,381.4611911131466
P06T25,Other,590.178,306.162,543.212,517.724,697.89,507.841,1.0,664.997014911833,375.000333902096
P06T25,Other,594.107,306.157,543.192,513.769,713.678,498.121,0.0,545.1193233169274,380.0360748346468
P06T25,LElbow,598.016,306.174,550.966,519.682,707.747,502.009,2.0,664.5934567640952,375.51841001333815
P06T25,Other,597.997,306.23,549.034,519.622,709.659,502.042,0.0,545.4865435271411,381.559957514684
P06T25,Other,596.049,310.067,554.873,525.591,697.956,523.627,0.0,666.591261019373,375.74434660275165
P06T25,Other,588.28,321.887,545.105,537.239,682.34,545.177,2.0,545.3209487627989,381.13607271572147
P06T25,Other,594.151,325.728,547.134,537.311,682.285,554.99,3.0,666.5853975835266,374.87502196118874
P06T25,Other,601.889,333.484,552.943,539.264,684.241,558.813,4.0,545.6038846087537,381.39165514895603
P06T25,Other,605.871,335.409,554.96,537.331,690.09,558.866,4.0,665.8381551861387,374.6482047191783
P06T25,Other,615.651,335.525,556.982,533.394,692.041,566.674,4.0,545.6887429549336,381.68345109942607
P06T25,Other,619.557,335.533,562.764,531.436,693.984,572.533,6.0,666.4871950959182,373.5616065407335
P06T25,Other,629.383,337.415,566.705,529.474,695.982,574.577,6.0,545.2050319985302,381.34334309261146
P06T25,Other,635.257,337.554,572.518,531.445,696.071,582.378,4.0,667.6573253512761,375.39084773428
P06T25,Other,639.205,343.341,572.62,531.437,697.918,588.199,7.0,544.9912332623474,380.6405470853301
P06T25,Other,645.027,349.221,574.532,523.654,697.862,590.261,6.0,667.1210267911779,375.4691764817971
P06T25,Other,647.028,351.245,572.535,523.585,695.928,598.059,6.0,546.9138763580434,380.011462246655
P06T25,Other,646.99,353.238,560.778,517.731,690.087,603.878,6.0,666.8611512060603,373.51076669813517
P06T25,Other,643.084,357.041,554.936,515.741,682.24,605.836,4.0,545.782659033301,380.6947363292288
P06T25,Neck,619.63,349.151,513.795,492.286,656.83,601.928,4.0,666.5553834430987,373.4165035944987
P06T25,Other,613.724,351.121,509.849,492.301,650.95,604.012,6.0,543.8683642933312,377.46648132000075
P06T25,Other,605.835,353.231,502.008,494.15,646.949,613.714,4.0,141.2822436830447,741.2362926006457
P06T25,Other,598.066,359.009,490.298,494.257,635.355,613.715,6.0,661.0608630933243,364.7344721895692
P06T25,Other,588.173,357.089,488.318,490.232,627.431,617.529,6.0,629.241441150313,338.19245857868566
P06T25,Other,580.381,355.125,482.434,472.613,619.652,611.775,6.0,141.2822436830447,741.2362926006457
P06T25,Other,574.531,353.105,478.569,455.022,617.613,605.865,6.0,604.7873832228807,300.9430813983148
P06T25,Other,572.582,351.131,484.416,445.235,617.61,602.023,6.0,620.6209712019048,276.19256099160873
P06T25,Other,572.659,345.312,494.245,435.398,619.53,596.077,8.0,641.8368732732504,271.1259449586592
P06T25,Other,576.457,337.541,505.892,443.301,619.677,592.189,8.0,644.8727819912159,266.5482353415351
P06T25,Other,576.515,337.422,509.924,443.251,629.359,588.267,7.0,637.9395872778949,267.4107474472743
P06T25,Other,576.522,337.402,517.718,445.245,633.275,588.244,8.0,641.7427312966987,266.2068558373729
P06T25,Other,576.514,337.435,494.244,478.487,635.203,590.183,8.0,641.386355146099,264.7622982370908
P06T25,Other,574.534,347.231,519.646,507.928,652.882,594.103,6.0,642.1411956522375,264.7139389054477
P06T25,Other,574.508,349.177,513.767,519.652,664.603,603.857,5.0,641.9972233790802,263.2998329055676
P06T25,Other,572.633,351.197,509.868,525.637,668.612,603.994,4.0,641.1913630860157,262.15905534947484
P06T25,Other,572.557,353.222,505.974,529.5,680.29,615.652,4.0,642.699406148995,263.7911110894337
P06T25,Other,570.622,359.026,502.037,539.243,684.213,615.664,7.0,642.6389282070736,263.09671923033784
P06T25,Other,568.634,366.754,500.092,545.125,692.102,625.45,8.0,643.1166230481401,263.12202092547125
P06T25,Other,562.756,368.858,498.109,552.912,695.878,633.311,8.0,643.4315870310053,263.03741586128154
P06T25,Other,558.865,376.642,496.147,558.885,697.875,645.053,8.0,141.2822436830447,741.2362926006457
P06T25,Other,556.931,384.401,498.111,572.522,698.038,660.683,8.0,643.2819341073549,262.32875884637366
P06T25,Other,558.868,386.454,496.224,576.475,701.883,670.532,8.0,141.2822436830447,741.2362926006457
P06T25,Other,564.732,392.292,505.957,588.277,711.642,690.108,9.0,644.2917256010315,262.4873174107526
P06T25,Other,572.66,398.245,511.91,609.805,715.599,699.955,10.0,141.2822436830447,741.2362926006457
P06T25,Other,601.971,417.78,531.442,641.146,727.32,715.624,10.0,644.0356863624343,261.8158291334012
P06T25,Other,607.879,445.119,539.21,672.458,729.239,715.633,12.0,141.2822436830447,741.2362926006457
P06T25,Other,617.514,462.904,535.336,682.32,0.0,0.0,11.0,645.4352339606879,261.6977696129029
P06T25,Other,613.736,464.816,537.287,697.959,695.962,715.649,10.0,141.2822436830447,741.2362926006457
P06T25,Other,603.963,456.963,519.619,678.324,672.481,715.655,10.0,645.5778040172102,261.17296704678256
P06T25,Other,594.105,445.193,490.276,658.792,623.513,715.636,10.0,141.2822436830447,741.2362926006457
P06T25,Other,584.264,433.459,482.453,649.005,576.468,697.991,13.0,644.521935882394,261.68107741122776
P06T25,Other,572.583,415.848,464.796,627.419,564.724,648.877,13.0,141.2822436830447,741.2362926006457
P06T25,Other,564.695,394.295,474.609,621.6,554.948,597.997,10.0,645.7406995974472,261.58335270513703
P06T25,Other,556.926,378.591,0.0,0.0,552.941,554.925,11.0,141.2822436830447,741.2362926006457
P06T25,Neck,554.882,374.678,476.519,682.332,558.859,539.228,10.0,646.8455940600307,261.64339308170446
P06T25,Neck,554.969,378.598,433.462,682.264,574.509,531.439,11.0,141.2822436830447,741.2362926006457
P06T25,Other,554.947,384.487,417.848,715.623,621.549,554.959,13.0,646.2148682161999,262.2429222797045
P06T25,Other,523.635,429.545,0.0,0.0,756.702,600.002,15.0,141.2822436830447,741.2362926006457
P06T25,Other,509.858,431.574,0.0,0.0,744.949,547.118,15.0,644.8679267816055,260.53769583864073
P06T25,Other,496.168,445.3,0.0,0.0,793.943,556.882,15.0,141.2822436830447,741.2362926006457
P06T25,Other,474.608,460.938,0.0,0.0,0.0,0.0,17.0,645.8555189853297,261.51121126985896
P06T25,Other,443.272,482.432,0.0,0.0,0.0,0.0,17.0,141.2822436830447,741.2362926006457
P06T25,Other,411.883,496.216,0.0,0.0,0.0,0.0,16.0,646.0316928340242,261.07708245229765
P06T25,Other,382.432,496.233,0.0,0.0,0.0,0.0,16.0,141.2822436830447,741.2362926006457
P06T25,Other,337.549,472.618,0.0,0.0,746.914,460.866,15.0,646.3467071471478,261.39023318680415
P06T25,Other,333.548,460.819,0.0,0.0,0.0,0.0,16.0,141.2822436830447,741.2362926006457
P06T25,Other,325.73,445.183,0.0,0.0,0.0,0.0,17.0,646.4572607181093,261.4443333876805
P06T25,Other,327.675,419.783,0.0,0.0,0.0,0.0,16.0,141.2822436830447,741.2362926006457
P06T25,Other,337.53,400.129,0.0,0.0,562.763,666.662,15.0,644.1859673380465,260.35976892598296
P06T25,Other,357.097,382.506,0.0,0.0,570.611,715.605,15.0,141.2822436830447,741.2362926006457
P06T25,Other,456.932,384.412,0.0,0.0,835.06,715.615,15.0,643.677935107924,259.4289688556122
P06T25,Other,472.601,396.259,0.0,0.0,0.0,0.0,16.0,141.2822436830447,741.2362926006457
P06T25,Other,464.831,417.782,0.0,0.0,0.0,0.0,17.0,643.400090458084,260.1071012931845
P06T25,Other,447.178,460.895,0.0,0.0,0.0,0.0,17.0,141.2822436830447,741.2362926006457
P06T25,Other,415.854,480.454,0.0,0.0,0.0,0.0,17.0,644.7053627746982,260.51922861837255
P06T25,Other,382.538,492.149,0.0,0.0,0.0,0.0,16.0,141.2822436830447,741.2362926006457
P06T25,Other,349.232,494.242,0.0,0.0,0.0,0.0,17.0,644.569895044118,260.7474694247326
P06T25,Other,310.092,496.214,0.0,0.0,0.0,0.0,17.0,141.2822436830447,741.2362926006457
P06T25,Other,272.816,507.903,0.0,0.0,0.0,0.0,17.0,644.3883752023413,260.33042035457356
P06T25,Other,241.544,519.67,0.0,0.0,0.0,0.0,17.0,141.2822436830447,741.2362926006457
P06T25,Other,225.715,533.401,0.0,0.0,0.0,0.0,17.0,643.647581577969,259.75360750655574
P06T25,Other,216.033,543.203,0.0,0.0,0.0,0.0,17.0,141.2822436830447,741.2362926006457
P06T25,Other,221.904,535.326,0.0,0.0,0.0,0.0,17.0,642.8882564253217,259.8226273875907
P06T25,Other,221.87,525.528,0.0,0.0,0.0,0.0,16.0,141.2822436830447,741.2362926006457
P06T25,Other,212.082,527.529,0.0,0.0,0.0,0.0,17.0,643.5130240231608,260.15560860128204
P06T25,Other,198.385,539.332,0.0,0.0,0.0,0.0,17.0,141.2822436830447,741.2362926006457
P06T25,Other,194.527,539.298,0.0,0.0,0.0,0.0,17.0,643.2331790343117,260.20547094964064
P06T25,Other,210.168,523.606,0.0,0.0,0.0,0.0,17.0,2933.4395984337234,1789.9270851029546
P06T25,Other,237.563,496.223,0.0,0.0,0.0,0.0,17.0,640.7738315220042,258.87800782746825
P06T25,Other,261.039,486.33,0.0,0.0,0.0,0.0,17.0,141.2822436830447,741.2362926006457
P06T25,Other,274.823,476.539,0.0,0.0,0.0,0.0,17.0,642.1981068485152,260.5339992859117
P06T25,Other,274.868,476.473,0.0,0.0,0.0,0.0,17.0,141.2822436830447,741.2362926006457
P06T25,Other,270.836,476.557,0.0,0.0,0.0,0.0,17.0,642.3080174579029,260.21912475378673
P06T25,Other,265.02,470.693,0.0,0.0,0.0,0.0,17.0,141.2822436830447,741.2362926006457
P06T25,Other,261.099,456.957,0.0,0.0,0.0,0.0,17.0,641.5912376000564,260.53330029829874
P06T25,Other,259.087,429.456,0.0,0.0,0.0,0.0,17.0,141.2822436830447,741.2362926006457
P06T25,Other,257.093,409.92,0.0,0.0,0.0,0.0,17.0,141.2822436830447,741.2362926006457
P06T25,Other,266.947,417.793,0.0,0.0,0.0,0.0,17.0,639.6796584493239,258.23552251560477
P06T25,Other,337.473,447.17,0.0,0.0,0.0,0.0,17.0,141.2822436830447,741.2362926006457
P06T25,Other,349.179,429.526,0.0,0.0,0.0,0.0,17.0,641.0928637155084,258.49341535571244
P06T25,Other,376.631,415.795,0.0,0.0,0.0,0.0,17.0,141.2822436830447,741.2362926006457
P06T25,Other,415.816,413.899,0.0,0.0,0.0,0.0,17.0,639.989416574124,258.4825113295915
P06T25,Other,455.038,411.87,0.0,0.0,0.0,0.0,17.0,1352.7552422832496,66.67586646621473
P06T25,Other,507.988,415.892,0.0,0.0,0.0,0.0,17.0,639.4040522643656,259.0764193370191
P06T25,Other,601.901,460.835,0.0,0.0,0.0,0.0,17.0,141.2822436830447,741.2362926006457
P06T25,Other,654.885,494.209,0.0,0.0,0.0,0.0,17.0,638.043973359189,257.8030832806124
P06T25,Other,676.367,505.938,0.0,0.0,0.0,0.0,17.0,639.0727905102152,257.89385741356307
P06T25,Other,648.883,492.285,0.0,0.0,0.0,0.0,17.0,141.2822436830447,741.2362926006457
P06T25,Other,619.507,476.511,0.0,0.0,0.0,0.0,17.0,639.0845490495024,256.9332611782191
P06T25,Other,625.446,462.792,0.0,0.0,0.0,0.0,17.0,141.2822436830447,741.2362926006457
P06T25,Other,688.135,478.582,0.0,0.0,0.0,0.0,17.0,637.7700989394054,256.0878376003603
P06T25,Other,782.221,509.958,0.0,0.0,0.0,0.0,18.0,141.2822436830447,741.2362926006457
P06T25,Other,899.734,543.191,0.0,0.0,0.0,0.0,19.0,636.5938528428655,256.1999867393674
P06T25,Other,1074.16,654.852,0.0,0.0,0.0,0.0,19.0,55.45123112531121,195.8457660560077
P06T25,Other,1052.53,699.966,0.0,0.0,0.0,0.0,20.0,635.9423577769912,255.5188902288283
P06T25,Other,1040.83,715.617,0.0,0.0,0.0,0.0,20.0,141.2822436830447,741.2362926006457
P06T25,Other,913.48,666.579,0.0,0.0,0.0,0.0,19.0,632.5348421454073,255.54708691016214
P06T25,Other,349.148,290.556,0.0,0.0,347.225,323.819,4.0,141.2822436830447,741.2362926006457
P06T25,Other,0.0,0.0,0.0,0.0,0.0,0.0,22.0,616.349924504034,253.4316738913898
P06T25,Other,325.728,310.03,278.679,376.627,329.638,341.432,0.0,141.2822436830447,741.2362926006457
P06T25,Other,331.607,306.047,259.1,276.806,335.443,335.557,2.0,612.3022931808877,252.86048083898248
P06T25,Other,339.479,288.531,0.0,0.0,335.465,398.281,3.0,141.2822436830447,741.2362926006457
P06T25,Other,351.183,268.893,0.0,0.0,349.215,304.153,1.0,615.3424204624405,252.69271223186018
P06T25,Other,353.151,257.132,0.0,0.0,355.076,290.503,9.0,141.2822436830447,741.2362926006457
P06T25,Other,982.001,603.889,0.0,0.0,0.0,0.0,21.0,614.8212724472911,252.31768962265303
P06T25,Other,931.081,521.645,0.0,0.0,0.0,0.0,21.0,141.2822436830447,741.2362926006457
P06T25,Other,917.364,411.915,0.0,0.0,0.0,0.0,20.0,614.0123316360384,252.1081521827701
P06T25,Other,823.354,227.798,0.0,0.0,0.0,0.0,19.0,141.2822436830447,741.2362926006457
P06T25,Other,880.171,421.737,0.0,0.0,0.0,0.0,17.0,613.6323277006911,252.06132430483345
P06T25,Other,1034.93,5.37557,0.0,0.0,0.0,0.0,20.0,141.2822436830447,741.2362926006457
P06T25,MidHip,825.264,478.568,0.0,0.0,0.0,0.0,17.0,614.1274437292678,251.8096478245636
P06T25,MidHip,805.767,504.023,0.0,0.0,0.0,0.0,17.0,141.2822436830447,741.2362926006457
P06T25,MidHip,835.112,521.601,0.0,0.0,0.0,0.0,17.0,613.0203530741347,251.73473592617617
P06T25,Other,825.255,525.567,0.0,0.0,0.0,0.0,17.0,141.2822436830447,741.2362926006457
P06T25,Other,805.646,570.675,0.0,0.0,0.0,0.0,18.0,612.5211768230045,252.05689867207312
P06T25,Other,801.809,615.697,0.0,0.0,0.0,0.0,18.0,141.2822436830447,741.2362926006457
P06T25,Other,791.903,633.295,0.0,0.0,0.0,0.0,18.0,611.884296749405,251.37944249593548
P06T25,Other,766.549,646.955,0.0,0.0,0.0,0.0,18.0,141.2822436830447,741.2362926006457
P06T25,Other,739.073,670.538,0.0,0.0,0.0,0.0,18.0,610.5559119065917,251.22951054743262
P06T25,Other,695.955,715.619,0.0,0.0,0.0,0.0,19.0,183.08295846234222,381.04895968548493
P06T25,Other,656.793,715.648,0.0,0.0,0.0,0.0,19.0,610.4565260228471,250.26119324441737
P06T25,Other,590.196,715.651,0.0,0.0,0.0,0.0,22.0,141.2822436830447,741.2362926006457
P06T25,Other,nan,nan,nan,nan,nan,nan,nan,609.6988740626186,252.16410393492677
P06T25,Other,nan,nan,nan,nan,nan,nan,nan,141.2822436830447,741.2362926006457
P06T25,Other,nan,nan,nan,nan,nan,nan,nan,609.6122311050956,251.40879614261902
P06T25,Other,nan,nan,nan,nan,nan,nan,nan,141.2822436830447,741.2362926006457
P06T25,Other,nan,nan,nan,nan,nan,nan,nan,609.0039589903622,250.70206811503965
P06T25,Other,nan,nan,nan,nan,nan,nan,nan,141.2822436830447,741.2362926006457
P06T25,Other,0.0,0.0,0.0,0.0,0.0,0.0,7.0,609.1418236517363,250.47823295985606
P06T25,Other,nan,nan,nan,nan,nan,nan,nan,141.2822436830447,741.2362926006457
P06T25,Other,nan,nan,nan,nan,nan,nan,nan,608.6684847613978,250.10055395799316
P06T25,Other,nan,nan,nan,nan,nan,nan,nan,141.2822436830447,741.2362926006457
P06T25,Other,nan,nan,nan,nan,nan,nan,nan,609.8005852119633,250.96472947689747
P06T25,Other,nan,nan,nan,nan,nan,nan,nan,141.2822436830447,741.2362926006457
P06T25,Other,nan,nan,nan,nan,nan,nan,nan,608.3024481597354,250.5199442881611
P06T25,Other,nan,nan,nan,nan,nan,nan,nan,141.2822436830447,741.2362926006457
P06T25,Other,nan,nan,nan,nan,nan,nan,nan,608.9187276854132,250.88396578982463
P06T25,Other,nan,nan,nan,nan,nan,nan,nan,141.2822436830447,741.2362926006457
P06T25,Nose,523.534,715.675,0.0,0.0,0.0,0.0,22.0,609.1859825936787,251.176909692016
P06T25,Other,558.843,715.624,0.0,0.0,0.0,0.0,20.0,141.2822436830447,741.2362926006457
P06T25,Other,645.058,694.002,0.0,0.0,0.0,0.0,19.0,608.628407190045,251.46720286997754
P06T25,Other,727.301,682.308,0.0,0.0,0.0,0.0,21.0,141.2822436830447,741.2362926006457
P06T25,Other,809.672,682.271,0.0,0.0,0.0,0.0,20.0,609.7616028394722,251.89163838258415
P06T25,Other,889.943,672.502,0.0,0.0,0.0,0.0,19.0,141.2822436830447,741.2362926006457
P06T25,Other,946.787,650.916,0.0,0.0,0.0,0.0,19.0,611.4385444437885,251.62181695058987
P06T25,Other,993.851,633.25,0.0,0.0,0.0,0.0,18.0,141.2822436830447,741.2362926006457
P06T25,Other,1015.31,619.644,0.0,0.0,0.0,0.0,18.0,614.5195034473468,252.89890968130942
P06T25,Neck,1019.24,619.599,0.0,0.0,0.0,0.0,18.0,141.2822436830447,741.2362926006457
P06T25,Neck,1007.47,635.255,0.0,0.0,0.0,0.0,18.0,617.2930170152654,259.9035995432248
P06T25,Other,999.688,664.717,0.0,0.0,0.0,0.0,20.0,141.2822436830447,741.2362926006457
P06T25,Other,1015.33,699.984,0.0,0.0,0.0,0.0,19.0,642.9476032124296,257.2181058846039
P06T25,Other,0.0,0.0,0.0,0.0,0.0,0.0,22.0,141.2822436830447,741.2362926006457
P06T25,Nose,1097.57,715.678,0.0,0.0,0.0,0.0,21.0,662.6355107202425,266.00464152209787
P06T25,Other,1101.45,715.677,0.0,0.0,0.0,0.0,22.0,141.2822436830447,741.2362926006457
P06T25,Other,1044.77,715.65,0.0,0.0,0.0,0.0,19.0,1316.7909543299247,520.4039176334086
P06T25,Other,1027.03,701.92,0.0,0.0,0.0,0.0,22.0,141.2822436830447,741.2362926006457
P06T25,Other,1005.53,666.642,0.0,0.0,0.0,0.0,19.0,1316.7909543299247,520.4039176334086
P06T25,Other,1003.55,635.33,0.0,0.0,0.0,0.0,18.0,141.2822436830447,741.2362926006457
P06T25,Other,999.698,609.812,0.0,0.0,0.0,0.0,17.0,1316.7909543299247,520.4039176334086
P06T25,Neck,1007.52,586.315,0.0,0.0,0.0,0.0,17.0,141.2822436830447,741.2362926006457
P06T25,Neck,1025.2,574.516,0.0,0.0,0.0,0.0,17.0,1316.7909543299247,520.4039176334086
P06T25,Other,1054.53,588.224,0.0,0.0,0.0,0.0,17.0,382.7257245833697,-137.0569008496597
P06T25,Other,1101.52,576.513,0.0,0.0,0.0,0.0,17.0,1316.7909543299247,520.4039176334086
P06T25,Other,1170.17,568.623,0.0,0.0,0.0,0.0,17.0,141.2822436830447,741.2362926006457
P06T25,Other,1256.26,562.776,0.0,0.0,0.0,0.0,22.0,1316.7909543299247,520.4039176334086
P06T25,Other,nan,nan,nan,nan,nan,nan,nan,141.2822436830447,741.2362926006457
P06T25,Other,980.091,382.522,0.0,0.0,0.0,0.0,4.0,1316.7909543299247,520.4039176334086
P06T25,Other,952.692,398.18,0.0,0.0,0.0,0.0,10.0,141.0857504266287,716.3748898742307
P06T25,Other,974.168,329.612,913.461,288.47,0.0,0.0,12.0,1316.7909543299247,520.4039176334086
P06T25,Other,837.021,304.152,760.722,261.073,0.0,0.0,14.0,141.0857504266287,716.3748898742307
P06T25,Other,805.723,302.209,0.0,0.0,774.408,341.397,1.0,1316.7909543299247,520.4039176334086
P06T25,Other,774.361,319.91,744.959,337.415,746.969,353.12,0.0,141.0857504266287,716.3748898742307
P06T25,Other,1246.56,662.693,0.0,0.0,0.0,0.0,21.0,1316.7909543299247,520.4039176334086
P06T25,Other,1230.82,603.863,0.0,0.0,0.0,0.0,21.0,141.0857504266287,716.3748898742307
P06T25,Other,1211.19,551.02,0.0,0.0,0.0,0.0,19.0,1316.7909543299247,520.4039176334086
P06T25,Other,1156.38,492.164,0.0,0.0,0.0,0.0,17.0,141.0857504266287,716.3748898742307
P06T25,Other,1109.34,445.158,0.0,0.0,0.0,0.0,16.0,1316.7909543299247,520.4039176334086
P06T25,Other,1148.55,447.129,0.0,0.0,0.0,0.0,16.0,141.0857504266287,716.3748898742307
P06T25,Other,550.98,292.408,503.987,386.455,513.777,394.254,10.0,1316.7909543299247,520.4039176334086
P06T25,Other,nan,nan,nan,nan,nan,nan,nan,141.0857504266287,716.3748898742307
P06T25,Other,nan,nan,nan,nan,nan,nan,nan,1316.7909543299247,520.4039176334086
P06T25,Other,nan,nan,nan,nan,nan,nan,nan,141.0857504266287,716.3748898742307
P06T25,Other,nan,nan,nan,nan,nan,nan,nan,-12142.397494609406,14048.695653305558
P06T25,Other,nan,nan,nan,nan,nan,nan,nan,141.0857504266287,716.3748898742307
P06T25,Other,nan,nan,nan,nan,nan,nan,nan,-128000.0,72000.0
P06T25,Other,nan,nan,nan,nan,nan,nan,nan,568.20525576219,92.54174172286794
P06T25,Other,nan,nan,nan,nan,nan,nan,nan,-128000.0,72000.0
P06T25,Other,1193.6,631.362,0.0,0.0,0.0,0.0,20.0,141.0857504266287,716.3748898742307
P06T25,Other,1144.62,556.849,0.0,0.0,0.0,0.0,20.0,-50403.97363866573,72000.0
P06T25,Other,1058.41,509.865,0.0,0.0,0.0,0.0,18.0,141.0857504266287,716.3748898742307
P06T25,Other,960.419,494.176,0.0,0.0,0.0,0.0,18.0,-118261.26371793091,72000.0
P06T25,Other,852.665,504.01,0.0,0.0,0.0,0.0,18.0,141.0857504266287,716.3748898742307
P06T25,Other,792.003,509.889,0.0,0.0,0.0,0.0,19.0,-128000.0,72000.0
P06T25,Other,797.868,494.215,0.0,0.0,0.0,0.0,18.0,141.0857504266287,716.3748898742307
P06T25,Other,825.292,447.245,0.0,0.0,0.0,0.0,17.0,592.3789753511969,166.2050474823034
P06T25,Other,864.464,347.258,0.0,0.0,0.0,0.0,17.0,141.0857504266287,716.3748898742307
P06T25,Other,899.711,272.783,0.0,0.0,0.0,0.0,17.0,633.7388209628423,255.76359691997706
P06T25,Other,940.869,227.841,0.0,0.0,1152.51,507.901,15.0,141.0857504266287,716.3748898742307
P06T25,Other,980.106,210.162,0.0,0.0,0.0,0.0,16.0,629.4969677789239,254.24383540725682
P06T25,Other,1007.51,221.847,0.0,0.0,0.0,0.0,17.0,141.0857504266287,716.3748898742307
P06T25,Other,1009.36,257.112,0.0,0.0,0.0,0.0,17.0,628.8281839928852,254.2306492170067
P06T25,Other,970.289,308.078,0.0,0.0,0.0,0.0,17.0,141.0857504266287,716.3748898742307
P06T25,Other,933.042,382.478,0.0,0.0,0.0,0.0,17.0,627.7954678814613,255.0951770045066
P06T25,Other,339.462,94.5003,312.001,192.508,0.0,0.0,10.0,141.0857504266287,716.3748898742307
P06T25,Other,353.081,100.432,327.662,184.643,343.352,180.734,7.0,623.4785300435202,248.53267044879956
P06T25,Other,362.924,98.4723,0.0,0.0,0.0,0.0,12.0,141.0857504266287,716.3748898742307
P06T25,Other,366.946,90.6469,321.79,155.263,0.0,0.0,11.0,141.0857504266287,716.3748898742307
P06T25,Other,382.446,90.6572,349.238,161.127,0.0,0.0,11.0,622.110255339708,250.3307475577947
P06T25,LElbow,398.181,90.6242,364.901,178.725,0.0,0.0,12.0,141.0857504266287,716.3748898742307
P06T25,Neck,913.415,596.047,0.0,0.0,0.0,0.0,18.0,621.007102335314,251.12884832270106
P06T25,Other,478.451,129.833,419.743,214.022,0.0,0.0,11.0,141.0857504266287,716.3748898742307
P06T25,Other,511.877,147.428,468.731,229.716,0.0,0.0,11.0,616.6287535402861,244.4997120043119
P06T25,Other,543.216,149.429,494.225,231.693,537.276,225.768,11.0,141.0857504266287,716.3748898742307
P06T25,Other,580.423,155.308,0.0,0.0,0.0,0.0,13.0,615.6550144368739,245.88736883370908
P06T25,Other,617.682,161.154,564.741,227.739,0.0,0.0,11.0,141.0857504266287,716.3748898742307
P06T25,Other,1019.24,584.284,0.0,0.0,0.0,0.0,18.0,614.5688995637915,246.56350200315643
P06T25,Other,713.602,194.396,668.567,268.864,695.978,257.143,11.0,141.0857504266287,716.3748898742307
P06T25,Other,729.318,227.734,695.968,296.312,711.585,290.47,11.0,613.4016424158075,247.29190045146794
P06T25,Other,717.587,216.02,680.274,286.537,697.958,274.827,11.0,141.0857504266287,716.3748898742307
P06T25,Other,713.68,210.215,680.264,278.705,696.023,280.666,11.0,612.220084239135,248.03105529256965
P06T25,MidHip,715.585,217.992,680.309,288.468,0.0,0.0,12.0,611.0331818975292,248.77539245803675
P06T25,Other,715.548,229.781,676.389,304.206,694.03,306.102,11.0,141.0857504266287,716.3748898742307
P06T25,Other,711.655,243.415,680.242,317.833,695.982,302.213,11.0,625.1659438594992,236.10768389997077
P06T25,Other,703.852,259.114,660.737,347.261,684.235,341.425,10.0,141.0857504266287,716.3748898742307
P06T25,MidHip,698.015,272.782,668.558,351.159,0.0,0.0,12.0,625.2770062733304,238.42046707587596
P06T25,LElbow,721.448,290.409,680.326,362.952,711.568,337.503,11.0,141.0857504266287,716.3748898742307
P06T25,MidHip,752.795,306.048,711.687,386.461,0.0,0.0,12.0,624.6713091396442,239.26699304058792
P06T25,Other,776.297,308.161,758.618,386.425,760.695,353.09,11.0,141.0857504266287,716.3748898742307
P06T25,Other,789.931,319.721,770.441,398.131,774.416,353.2,11.0,624.6230534343745,240.10644855726645
P06T25,Other,807.622,335.468,746.984,415.874,805.689,407.977,11.0,141.0857504266287,716.3748898742307
P06T25,Other,835.023,351.132,819.352,425.585,0.0,0.0,11.0,623.5526699824114,240.70020318280862
P06T25,Other,880.183,362.927,856.659,429.503,870.387,427.592,11.0,141.0857504266287,716.3748898742307
P06T25,Other,917.391,364.936,895.809,429.612,0.0,0.0,12.0,619.296229006537,233.89723317024692
P06T25,Other,935.039,366.781,909.563,431.577,0.0,0.0,12.0,141.0857504266287,716.3748898742307
P06T25,Other,956.514,366.93,933.013,433.496,948.769,400.2,11.0,618.5275120722301,235.04310427523876
P06T25,Other,1017.32,509.891,0.0,0.0,0.0,0.0,18.0,141.0857504266287,716.3748898742307
P06T25,Other,1011.41,521.576,0.0,0.0,0.0,0.0,18.0,617.4751973547193,235.58357794069596
P06T25,Other,1011.44,541.258,0.0,0.0,0.0,0.0,18.0,141.0857504266287,716.3748898742307
P06T25,Other,1009.49,572.507,0.0,0.0,0.0,0.0,18.0,616.4249944494528,236.12469686759232
P06T25,Other,995.708,594.121,0.0,0.0,0.0,0.0,18.0,141.0857504266287,716.3748898742307
P06T25,Other,980.005,613.707,0.0,0.0,0.0,0.0,18.0,615.3589968290671,236.67570043524245
P06T25,Other,964.375,629.398,0.0,0.0,0.0,0.0,19.0,141.0857504266287,716.3748898742307
P06T25,Other,948.787,625.446,0.0,0.0,0.0,0.0,19.0,618.5198862996207,239.0063229191414
P06T25,Other,931.107,615.615,0.0,0.0,0.0,0.0,19.0,141.0857504266287,716.3748898742307
P06T25,Other,901.695,584.34,0.0,0.0,0.0,0.0,18.0,616.4872418290047,237.7362581998621
P06T25,Other,868.363,556.836,0.0,0.0,0.0,0.0,18.0,141.0857504266287,716.3748898742307
P06T25,Other,1103.52,374.703,1121.11,445.253,1119.23,445.218,11.0,615.6412065513872,236.1381637417989
P06T25,Other,1095.68,368.851,1119.1,441.263,1117.2,433.439,11.0,141.0857504266287,716.3748898742307
P06T25,Other,1087.83,368.86,1105.43,439.313,1107.38,435.434,11.0,615.3175408685283,236.2647527235802
P06T25,Other,1072.09,368.815,1087.86,439.325,1085.83,443.192,11.0,141.0857504266287,716.3748898742307
P06T25,Other,1042.79,368.83,1076.09,435.406,1064.3,443.253,11.0,613.8091719718789,236.49572272377029
P06T25,Other,948.746,384.494,985.924,449.211,976.135,451.127,11.0,141.0857504266287,716.3748898742307
P06T25,Other,874.248,386.449,901.666,456.986,895.811,460.796,11.0,612.8079816858774,235.91142851044927
P06T25,Other,854.626,384.525,880.129,458.952,872.294,460.841,11.0,141.0857504266287,716.3748898742307
P06T25,Other,831.163,384.454,868.368,447.222,856.651,447.2,11.0,611.4772927079675,235.6339113709578
P06T25,Other,727.387,351.215,768.475,427.617,727.233,368.772,11.0,141.0857504266287,716.3748898742307
P06T25,Other,699.933,335.564,744.997,415.81,0.0,0.0,12.0,609.8129827105649,237.13157608693754
P06T25,Other,680.303,319.798,711.68,396.205,699.89,388.416,11.0,141.0857504266287,716.3748898742307
P06T25,Other,656.805,298.278,692.064,370.837,670.538,370.742,6.0,609.7282189305026,239.24211131226275
P06T25,Other,635.212,276.781,668.607,355.082,654.865,353.119,11.0,141.0857504266287,716.3748898742307
P06T25,Other,617.642,270.877,648.975,339.508,639.175,339.441,11.0,608.5659286987415,238.76710650328005
P06T25,Other,599.998,259.118,629.371,337.425,0.0,0.0,12.0,141.0857504266287,716.3748898742307
P06T25,Other,584.256,251.275,603.917,321.895,596.107,323.781,11.0,608.1040765619364,239.06503637401605
P06T25,Other,562.781,243.349,588.197,319.777,0.0,0.0,12.0,141.0857504266287,716.3748898742307
P06T25,Other,545.133,239.474,566.694,311.989,558.838,312.019,10.0,608.2358601896669,239.14263104741735
P06T25,Other,527.55,237.534,541.282,312.026,539.232,312.035,10.0,141.0857504266287,716.3748898742307
P06T25,Other,513.762,237.559,525.601,313.934,523.602,313.927,9.0,608.1632408156337,240.35357852162736
P06T25,Other,498.146,237.549,507.94,312.004,0.0,0.0,8.0,141.0857504266287,716.3748898742307
P06T25,Other,486.382,237.543,505.955,313.953,496.196,310.074,11.0,608.1707395821771,240.59109394050353
P06T25,Other,474.564,237.541,498.139,313.96,0.0,0.0,12.0,141.0857504266287,716.3748898742307
P06T25,Other,460.799,237.526,494.216,313.982,0.0,0.0,13.0,606.7910706684438,240.715182127003
P06T25,Other,445.202,235.553,470.671,308.138,0.0,0.0,10.0,141.0857504266287,716.3748898742307
P06T25,Other,431.466,233.644,455.016,308.158,445.179,310.051,11.0,607.6344784146642,239.91751847532797
P06T25,Other,419.795,235.557,441.265,308.156,435.413,308.155,11.0,141.0857504266287,716.3748898742307
P06T25,Other,413.766,231.666,437.361,308.103,431.537,308.091,11.0,608.5487098663034,240.5248138503556
P06T25,Other,400.233,227.829,427.603,306.162,0.0,0.0,10.0,141.0857504266287,716.3748898742307
P06T25,Other,396.232,227.838,417.782,306.217,398.164,255.124,10.0,609.11012690668,239.81212009626134
P06T25,Other,384.444,231.654,402.099,310.062,398.187,311.99,10.0,141.0857504266287,716.3748898742307
P06T25,Other,378.558,239.546,386.413,319.716,0.0,0.0,13.0,609.4208198005869,240.8896419039054
P06T25,Other,368.841,243.377,378.572,319.861,370.816,319.859,10.0,141.0857504266287,716.3748898742307
P06T25,Other,366.904,245.388,374.674,323.739,370.833,321.896,11.0,609.0680270413113,241.4575755631778
P06T25,Other,366.747,255.205,370.823,331.568,374.696,331.565,10.0,141.0857504266287,716.3748898742307
P06T25,Other,364.837,261.09,372.776,337.431,372.719,337.475,11.0,607.8103352523209,241.97595791134194
P06T25,Other,357.055,272.847,368.862,349.159,372.745,349.172,11.0,141.0857504266287,716.3748898742307
P06T25,Other,351.148,280.667,364.885,355.086,0.0,0.0,12.0,607.2720405735462,241.2640230057246
P06T25,Other,337.397,290.506,353.104,368.731,353.15,368.75,11.0,112370.64741944299,51988.94848538476
P06T25,Other,319.874,304.237,337.52,382.556,337.48,382.458,11.0,608.0977288564354,241.62138469438423
P06T25,Other,304.22,319.768,319.874,398.204,321.793,398.14,11.0,141.0857504266287,716.3748898742307
P06T25,Other,292.406,325.709,306.197,407.99,308.116,409.919,11.0,605.5031113303728,241.8880385227277
P06T25,Other,286.472,335.522,298.265,415.902,302.21,415.918,11.0,141.0857504266287,716.3748898742307
P06T25,Other,274.705,341.414,288.424,429.479,288.463,427.571,11.0,604.2093127203318,241.468358318282
P06T25,Other,259.141,353.2,274.728,437.42,272.842,439.342,11.0,141.0857504266287,716.3748898742307
P06T25,Other,245.413,366.896,264.95,449.145,261.052,451.132,11.0,604.2995868282584,241.37384626154332
P06T25,Other,233.656,380.597,247.319,462.929,245.423,462.944,11.0,141.0857504266287,716.3748898742307
P06T25,Other,214.058,386.509,227.689,476.532,225.816,476.511,11.0,603.7338860030618,242.45323123280374
P06T25,Other,194.468,398.215,210.064,482.426,204.246,482.417,11.0,141.0857504266287,716.3748898742307
P06T25,Other,172.886,400.261,180.721,486.395,178.806,490.209,11.0,603.2704013014855,241.78508580835032
P06T25,Other,149.349,411.839,161.15,494.197,157.215,492.315,11.0,141.0857504266287,716.3748898742307
P06T25,Other,129.735,415.746,139.572,498.098,141.581,496.137,11.0,602.4514187279748,243.3009936891472
P06T25,Other,104.324,425.649,116.106,509.819,118.065,509.81,11.0,141.0857504266287,716.3748898742307
P06T25,Other,86.688,431.537,100.403,515.739,96.5199,517.736,11.0,601.4836156512313,243.62306053358384
P06T25,Other,70.958,443.22,84.7625,525.506,84.6899,525.506,11.0,141.0857504266287,716.3748898742307
P06T25,Other,55.3342,447.21,71.1188,529.466,76.9126,525.605,11.0,600.9148398164277,243.7958116015436
P06T25,Other,39.7673,457.001,57.3526,535.344,67.0525,529.449,14.0,141.0857504266287,716.3748898742307
P06T25,Other,24.136,458.973,53.3651,537.325,0.0,0.0,14.0,600.1682394433697,244.97430752361194
P06T25,Other,0.0,0.0,37.7991,539.151,39.711,537.241,13.0,141.0857504266287,716.3748898742307
P06T25,Other,nan,nan,nan,nan,nan,nan,nan,600.0465352328746,244.00039070669737
P06T25,Other,nan,nan,nan,nan,nan,nan,nan,141.0857504266287,716.3748898742307
P06T25,Other,nan,nan,nan,nan,nan,nan,nan,600.465139090159,245.64732407133553
P06T25,Other,nan,nan,nan,nan,nan,nan,nan,141.0857504266287,716.3748898742307
P06T25,Other,nan,nan,nan,nan,nan,nan,nan,600.8573434725524,244.12344483727736
P06T25,Other,nan,nan,nan,nan,nan,nan,nan,141.0857504266287,716.3748898742307
P06T25,Other,nan,nan,nan,nan,nan,nan,nan,141.0857504266287,716.3748898742307
P06T25,Other,nan,nan,nan,nan,nan,nan,nan,600.150558205842,243.43268624447057
P06T25,Other,nan,nan,nan,nan,nan,nan,nan,141.0857504266287,716.3748898742307
P06T25,Other,nan,nan,nan,nan,nan,nan,nan,601.6076590612199,244.56113899272577
P06T25,Other,nan,nan,nan,nan,nan,nan,nan,141.0857504266287,716.3748898742307
P06T25,Other,nan,nan,nan,nan,nan,nan,nan,601.3792347459142,244.3446517048796
P06T25,Other,nan,nan,nan,nan,nan,nan,nan,141.0857504266287,716.3748898742307
P06T25,Other,nan,nan,nan,nan,nan,nan,nan,602.4341674626861,245.85326418255792
P06T25,Other,nan,nan,nan,nan,nan,nan,nan,141.0857504266287,716.3748898742307
P06T25,Other,nan,nan,nan,nan,nan,nan,nan,602.5680977548891,245.78516935580257
P06T25,Other,nan,nan,nan,nan,nan,nan,nan,141.0857504266287,716.3748898742307
P06T25,Other,0.0,0.0,0.0,0.0,0.0,0.0,8.0,602.4011212234032,246.50116154168964
P06T25,Other,0.0,0.0,1156.4,308.097,0.0,0.0,6.0,141.0857504266287,716.3748898742307
P06T25,Other,0.0,0.0,0.0,0.0,0.0,0.0,8.0,603.4332335420395,246.90897982816
