P07T17,Other,680.377,149.401,574.529,380.581,784.155,400.186,3.0,381.01682441319565,170.8919308330352
P07T17,Other,664.704,227.797,555.004,460.854,758.666,464.843,8.0,170.06722832132266,642.6288777032606
P07T17,Other,651.009,298.268,570.632,537.299,766.498,509.89,8.0,1248.0243899251243,424.83372653427756
P07T17,Other,649.039,360.949,570.638,588.256,760.632,576.47,10.0,170.06722832132266,642.6288777032606
P07T17,Other,652.875,415.807,570.614,633.281,758.683,635.211,10.0,486.3430593297934,123.01557958693752
P07T17,Other,660.756,460.836,580.404,674.463,760.613,674.459,10.0,170.06722832132266,642.6288777032606
P07T17,Other,664.678,494.166,580.388,715.594,778.247,693.993,10.0,1248.0243899251243,424.83372653427756
P07T17,Other,666.631,523.485,568.596,715.591,772.405,715.625,13.0,268.55602957947957,89.269728603691
P07T17,Other,668.573,537.252,562.768,715.631,776.314,715.626,13.0,170.06722832132266,642.6288777032606
P07T17,Other,668.612,541.138,564.719,715.633,782.17,715.652,13.0,381.9869718773722,173.32914379695126
P07T17,Other,668.61,539.303,562.782,715.634,774.355,715.628,13.0,170.06722832132266,642.6288777032606
P07T17,Other,668.577,527.587,556.963,715.61,774.371,715.621,13.0,1248.0243899251243,424.83372653427756
P07T17,LElbow,666.662,519.703,570.557,715.593,0.0,0.0,14.0,170.06722832132266,642.6288777032606
P07T17,Other,666.577,504.023,0.0,0.0,0.0,0.0,15.0,1248.0243899251243,424.83372653427756
P07T17,Other,664.648,488.284,0.0,0.0,0.0,0.0,12.0,170.06722832132266,642.6288777032606
P07T17,Other,664.583,470.712,552.959,662.673,0.0,0.0,11.0,439.8453851722709,137.8257712570347
P07T17,Other,662.681,453.055,566.676,654.832,741.069,658.759,10.0,170.06722832132266,642.6288777032606
P07T17,Other,662.692,435.4,570.576,648.941,750.844,647.02,10.0,515.7134684637635,-28.448913804406978
P07T17,Other,662.724,421.736,568.668,631.321,739.102,633.257,10.0,170.06722832132266,642.6288777032606
P07T17,Other,664.535,409.962,568.616,617.61,0.0,0.0,11.0,321.62549757545116,109.53014108557736
P07T17,Other,664.564,396.208,560.806,598.038,746.972,599.935,10.0,170.06722832132266,642.6288777032606
P07T17,Other,664.614,370.839,570.57,582.353,744.949,580.42,10.0,481.0965220832553,-114.8666409254949
P07T17,Other,664.543,362.919,568.587,570.651,744.949,574.534,10.0,170.06722832132266,642.6288777032606
P07T17,Other,662.619,357.036,560.859,558.896,744.965,566.711,10.0,516.5258727800041,-242.4176935050723
P07T17,Other,658.752,351.187,570.553,570.662,762.583,554.96,10.0,170.06722832132266,642.6288777032606
P07T17,Other,652.967,349.219,570.563,568.639,746.986,556.908,10.0,467.9514837328412,-234.14700771152934
P07T17,Other,652.94,347.295,570.575,570.568,768.481,535.322,9.0,170.06722832132266,642.6288777032606
P07T17,Other,654.833,349.213,570.533,566.686,758.708,549.054,9.0,456.01944747240145,-237.11384901302435
P07T17,Other,656.813,351.268,576.484,572.651,772.36,541.281,9.0,170.06722832132266,642.6288777032606
P07T17,Other,658.773,353.197,576.514,572.598,764.548,552.994,10.0,1248.0243899251243,424.83372653427756
P07T17,Other,658.79,353.181,578.428,584.27,766.509,551.042,10.0,878.8542767099184,356.53998092466895
P07T17,Other,658.737,353.202,578.471,578.468,766.546,552.998,10.0,454.5488596179798,-244.00338769813047
P07T17,Other,656.776,353.235,580.407,582.329,762.671,554.85,10.0,170.06722832132266,642.6288777032606
P07T17,Other,652.904,353.167,580.425,574.564,758.703,556.921,10.0,1248.0243899251243,424.83372653427756
P07T17,Other,652.883,353.155,584.298,578.416,760.594,556.83,10.0,170.06722832132266,642.6288777032606
P07T17,Other,652.954,351.267,578.464,570.598,758.758,556.835,10.0,438.6529936661209,-242.46259709152145
P07T17,Other,656.792,351.213,582.383,572.501,760.626,556.977,10.0,873.4410177282732,328.71524460121685
P07T17,Other,656.802,351.205,580.396,570.579,760.65,556.887,10.0,458.3416872642119,-256.7809827467293
P07T17,Other,652.949,351.268,574.592,570.571,758.754,556.916,10.0,893.037242623367,331.64600027297945
P07T17,Other,650.945,353.206,570.661,570.601,750.855,568.637,10.0,932.2619927654059,3.557976072779603
P07T17,Other,647.024,364.905,558.886,582.377,745.065,572.506,10.0,921.5581293550991,194.9961976940895
P07T17,Other,641.112,366.897,556.92,584.261,742.942,580.385,10.0,865.8070375148674,-6.5131118620030835
P07T17,Other,637.271,368.86,554.906,584.337,742.969,576.473,10.0,928.3752684621272,220.01044772023891
P07T17,Other,635.289,370.815,550.998,584.297,737.105,586.222,10.0,849.6612312799073,3.8134311891106165
P07T17,Other,635.213,376.626,549.019,586.255,729.301,592.129,10.0,928.9541005150267,230.58400177299376
P07T17,Other,635.215,378.629,543.204,582.338,729.29,590.245,10.0,935.387772534748,30.80115753911538
P07T17,Other,635.283,374.69,543.223,582.378,727.394,592.176,10.0,939.699252761425,235.9201323626513
P07T17,Other,639.147,370.837,543.227,580.413,727.366,590.262,10.0,917.708763885509,32.42577247320376
P07T17,Other,641.139,368.847,531.396,570.652,729.32,588.279,10.0,942.0731547171404,239.62114744578497
P07T17,Other,643.067,368.739,521.58,568.674,739.047,588.247,10.0,915.8253595474976,35.80293978280311
P07T17,Other,643.119,366.894,513.77,568.675,750.858,590.218,10.0,744.1259567763899,184.58653608640614
P07T17,Other,645.007,366.892,496.208,568.611,768.503,588.25,10.0,660.7074625702268,137.52989888716942
P07T17,Other,646.95,364.93,488.297,552.962,778.309,584.287,10.0,661.0872719301211,135.60444771438418
P07T17,Other,647.01,360.937,464.868,554.922,791.946,574.553,10.0,662.4640047231218,134.2077242713142
P07T17,Other,647.016,353.23,458.897,549.025,797.832,574.526,10.0,656.8399585561514,146.69173160213322
P07T17,Other,648.886,355.118,456.982,545.139,803.779,572.53,10.0,645.7154243609218,125.81209342727631
P07T17,Other,648.941,357.057,447.249,541.243,805.67,562.766,10.0,659.2594700643655,131.62640966619708
P07T17,Other,648.986,359.006,433.496,541.173,803.748,554.971,10.0,664.294593896978,114.56456337309275
P07T17,Other,649.05,362.927,464.862,523.639,766.532,539.283,10.0,651.8874321763451,138.51080036023293
P07T17,Other,650.902,364.842,558.864,552.945,762.611,531.434,10.0,664.2876574076024,112.03407171014292
P07T17,Other,651.047,366.778,586.219,603.922,760.594,527.487,10.0,669.0919620823181,116.42176522714864
P07T17,Other,652.944,366.871,560.807,549.07,727.357,527.492,10.0,646.5382759783688,89.85023177268837
P07T17,Other,652.96,368.732,609.82,539.199,678.356,535.324,10.0,667.710151843241,110.15862423961856
P07T17,Other,652.944,368.857,623.518,533.38,682.354,539.179,10.0,667.8589053413798,107.81589532380974
P07T17,Other,652.878,370.774,631.324,529.488,682.242,543.24,10.0,669.0400356500786,107.70589242645426
P07T17,Other,650.963,370.837,635.206,541.278,694.055,554.887,10.0,652.3963314671762,102.31761645445432
P07T17,Other,650.853,376.646,623.513,568.608,699.975,570.503,10.0,666.6167549066076,106.21522166187174
P07T17,Other,648.984,380.518,605.898,586.259,711.608,586.279,8.0,665.6381374046288,107.14232977632024
P07T17,Other,648.865,382.435,601.92,619.58,719.497,611.738,10.0,665.6165349985686,104.3442786147721
P07T17,Other,646.946,382.456,568.667,611.726,743.076,603.968,10.0,662.7363409190234,114.31732823546392
P07T17,Other,645.041,382.462,554.871,617.66,758.663,611.756,10.0,664.1142763599769,110.08796068591892
P07T17,Other,641.17,382.456,543.213,637.246,774.259,621.59,10.0,665.5560193591856,106.41932088596639
P07T17,Other,637.272,382.547,527.559,646.952,778.256,623.55,10.0,665.9350216544467,97.50744935930267
P07T17,Other,635.297,382.576,517.723,639.223,789.945,619.582,10.0,666.1460285286128,97.16551373710647
P07T17,Other,635.175,382.613,505.966,623.5,790.038,603.93,10.0,667.0003213282217,102.67584305245161
P07T17,Other,633.271,382.534,492.2,603.942,791.991,590.256,10.0,666.300452715401,97.54995844510165
P07T17,Other,633.184,382.454,478.478,584.352,803.688,572.6,10.0,665.7889044816785,96.87240477870897
P07T17,Other,617.551,366.844,400.095,496.163,841.023,496.147,10.0,658.8917301112085,100.345025285047
P07T17,Other,613.665,360.993,388.454,494.279,854.679,490.282,10.0,665.4170914602171,97.18940450919581
P07T17,Other,605.947,353.224,380.6,496.126,858.642,484.421,10.0,664.60466681702,97.95831554167617
P07T17,Other,603.996,353.111,368.869,498.129,854.756,478.625,10.0,658.3176839759758,95.25743679091502
P07T17,Other,603.954,351.236,370.741,494.208,850.737,480.476,10.0,664.8362373654077,100.26567995158018
P07T17,Other,603.964,351.105,378.625,492.241,836.997,478.626,10.0,664.048709264345,101.00205784420493
P07T17,Other,603.948,343.382,386.47,494.171,821.311,480.538,10.0,665.0421659212589,102.29316635729046
P07T17,Other,604.012,337.572,423.663,486.366,807.636,488.356,9.0,664.2581814133737,103.02809967911413
P07T17,Nose,607.798,337.429,431.509,494.169,791.924,482.475,9.0,650.4997715643593,107.5335564423215
P07T17,Nose,611.754,335.48,447.157,494.268,774.386,480.511,9.0,650.9040855308317,93.73146257296298
P07T17,Nose,615.627,333.564,460.957,492.254,768.457,482.453,9.0,668.4348593338407,69.4235429258915
P07T17,Other,617.645,329.639,478.612,490.295,768.476,480.53,8.0,728.2940295504263,42.053862777458875
P07T17,Other,619.592,325.75,494.246,478.514,760.642,478.529,9.0,676.6513891835962,21.42074930552159
P07T17,Other,623.552,325.74,502.061,478.497,754.733,476.497,9.0,697.3217926583889,8.32399455067023
P07T17,Other,633.195,331.587,507.835,478.529,756.657,478.547,8.0,676.8107345235284,18.50042662557624
P07T17,Other,635.205,331.552,509.914,488.324,750.823,476.61,8.0,689.3573494355192,19.450150157145597
P07T17,Other,639.189,325.717,513.806,498.127,758.622,472.619,9.0,699.3145879905323,-27.233589670217206
P07T17,Other,647.039,329.593,517.728,494.229,760.643,472.639,10.0,729.7859285576993,6.352078827341101
P07T17,Other,650.861,325.715,519.678,515.742,768.504,474.543,8.0,685.8212231550681,-52.77013929727474
P07T17,Other,664.699,325.703,531.445,494.189,786.089,494.25,9.0,726.6327081738599,-3.299535860960514
P07T17,Other,668.525,325.75,535.323,496.164,789.981,500.059,9.0,716.1965119890267,-8.759727417448904
P07T17,Other,672.519,331.602,539.187,500.055,791.992,494.275,9.0,712.798543711757,-8.091184667464688
P07T17,Other,678.384,335.509,533.355,509.886,792.019,505.957,9.0,714.560361652663,-5.194255548409926
P07T17,Other,680.328,335.523,525.565,523.538,795.896,504.026,9.0,715.8910970892916,-5.116247792803339
P07T17,Other,682.205,335.526,527.533,517.685,799.795,503.991,9.0,714.783301723528,1.1207098030492801
P07T17,Other,682.292,335.515,541.246,494.181,797.896,507.826,9.0,714.7481844771087,2.2442791966670583
P07T17,Other,682.368,335.535,547.064,480.527,799.838,503.992,9.0,716.0897034439796,1.6719641229051077
P07T17,Other,684.197,335.457,539.202,503.969,797.841,505.919,9.0,714.8525934231006,2.7414778515236815
P07T17,Other,684.196,331.583,541.289,494.188,790.037,496.142,8.0,715.3639087791064,-0.6867107467456358
P07T17,Other,682.282,323.751,539.193,509.852,786.087,478.498,9.0,713.3018175026964,0.04203995388207816
P07T17,Other,682.226,321.885,537.308,507.941,780.219,476.58,9.0,715.1869554175917,3.675049928206384
P07T17,Other,680.374,321.808,543.211,505.975,780.274,478.491,9.0,716.3306647333015,3.3636684851908516
P07T17,Other,678.392,321.721,539.243,507.902,788.02,482.447,8.0,715.1383300838255,4.365280192113489
P07T17,Other,674.427,319.852,541.202,505.96,778.265,496.2,8.0,712.7461710490912,8.214414620353425
P07T17,Other,668.537,317.915,556.965,494.202,788.054,494.273,8.0,712.446984984624,9.781894622622751
P07T17,Other,664.684,319.748,541.265,507.891,784.175,519.658,9.0,713.8866787192885,9.49691752345723
P07T17,Other,660.742,319.838,541.282,521.622,778.248,543.176,8.0,713.2602640857955,10.604400759331806
P07T17,Other,652.866,319.833,543.225,541.286,778.296,556.94,8.0,711.4916378826667,18.013038810821854
P07T17,Other,639.14,321.74,535.334,572.54,768.494,588.227,8.0,710.8218510903781,18.905100982641475
P07T17,Other,633.299,321.832,525.542,572.548,762.654,598.057,8.0,708.5962645325422,22.267463522650573
P07T17,Other,625.503,321.853,523.488,578.425,760.595,596.076,8.0,707.6808416544435,23.769330938161517
P07T17,Other,619.59,321.887,515.742,570.66,756.706,592.154,8.0,709.0589496334278,23.664061684838313
P07T17,Other,617.571,323.79,507.985,558.893,750.869,576.521,8.0,708.8215015289388,25.06363141723922
P07T17,Other,611.743,325.722,507.968,539.321,748.904,562.743,8.0,709.9271938157221,25.278894999122066
P07T17,Nose,607.8,325.76,478.583,531.403,748.913,554.911,8.0,709.5676858835982,26.864219795502805
P07T17,Other,605.847,327.645,507.88,517.679,758.713,539.281,8.0,710.6652252160366,27.079469014582152
P07T17,Other,604.004,327.695,500.085,504.011,762.574,535.363,8.0,710.0240910826867,27.800585027186884
P07T17,Other,603.969,329.625,496.172,484.422,766.554,541.199,8.0,711.7900092590793,31.650591456514555
P07T17,Other,603.958,329.668,478.493,554.951,772.372,545.16,8.0,712.2887354606228,33.91643832630698
P07T17,Other,603.942,333.48,0.0,0.0,774.385,556.864,9.0,709.7233378209695,37.70888347789511
P07T17,Other,603.947,333.487,476.595,549.073,776.272,560.851,8.0,709.3406527616291,37.8916430588474
P07T17,Other,604.015,331.558,494.182,503.983,778.249,570.669,8.0,710.7394958521052,37.92051681317703
P07T17,Other,605.885,329.637,500.054,507.904,778.264,580.373,9.0,710.2207543473876,40.354769819360754
P07T17,Other,607.844,329.609,494.184,531.396,776.34,588.32,8.0,708.1895551370351,46.019091153565135
P07T17,Other,611.711,329.627,494.123,545.13,774.381,599.944,9.0,708.0479225567199,47.82651887225824
P07T17,Other,615.595,329.622,496.195,562.755,766.539,601.901,9.0,709.3656966911153,47.82296397813798
P07T17,Other,615.612,329.609,502.06,572.545,758.703,601.868,8.0,708.8217546198489,49.52875372090538
P07T17,Other,617.611,331.549,521.557,574.512,742.938,600.023,8.0,709.8759259685203,49.963557680428934
P07T17,Other,619.498,333.477,525.565,586.327,729.343,601.919,9.0,710.4023830004778,51.991813963864864
P07T17,Other,619.614,333.537,537.278,584.281,719.51,596.096,10.0,708.4204543296506,56.32213392904576
P07T17,Other,619.68,333.587,541.309,584.332,703.828,602.008,9.0,708.9233608165707,57.83213283701784
P07T17,Other,621.508,335.42,547.122,584.341,703.819,586.225,8.0,709.6468226605425,60.1064655488872
P07T17,Other,623.556,335.495,554.942,584.345,694.033,590.241,9.0,709.3531658905239,62.3032705709427
P07T17,Other,631.286,335.478,558.838,584.261,682.367,599.983,8.0,710.4469169306548,62.68903113050128
P07T17,Other,633.279,335.446,558.827,584.262,682.297,599.939,8.0,710.6111373679109,63.90039373890308
P07T17,Other,633.359,335.464,558.841,586.239,682.297,599.966,8.0,710.2455653024881,66.16516952963765
P07T17,Other,637.274,337.39,556.959,586.303,686.213,607.802,9.0,710.4136971249766,67.8604424943998
P07T17,Other,643.113,337.55,556.891,586.347,696.054,605.845,10.0,710.8853390063766,68.47291903309096
P07T17,Other,647.022,339.505,554.896,586.346,699.885,613.728,8.0,710.2399176437848,69.84728416937693
P07T17,Other,648.928,341.435,553.0,590.168,701.837,623.508,8.0,710.5134826535821,70.99675759515458
P07T17,Other,648.957,347.241,552.968,592.142,711.657,621.58,9.0,710.479260528678,72.58582210222811
P07T17,Other,648.989,349.239,550.977,594.099,715.561,621.576,9.0,710.7438715372768,74.26770589581656
P07T17,Other,650.901,351.184,549.065,592.175,725.336,615.669,9.0,710.9339014683055,75.51448104317801
P07T17,Other,650.963,353.075,547.071,592.15,729.217,615.608,8.0,712.0845787315077,76.31470376015523
P07T17,Other,650.963,355.08,543.256,588.258,731.261,613.673,8.0,712.5261614415062,78.16526746533084
P07T17,Other,650.933,366.846,545.152,588.215,739.126,613.7,8.0,712.7625267148529,80.75142972401316
P07T17,Other,649.025,368.879,551.03,592.181,741.024,617.534,8.0,712.6806395430381,81.97076933774223
P07T17,Other,648.891,376.66,552.989,596.078,742.902,615.688,8.0,712.9857750653298,83.97110849945102
P07T17,Other,647.0,382.613,551.037,592.143,741.081,615.618,8.0,713.3076849617069,86.01262021131929
P07T17,Other,645.034,384.538,552.993,600.0,742.906,611.719,9.0,713.7282069737922,88.60857974228385
P07T17,Other,643.081,392.328,556.815,599.992,741.005,609.806,9.0,714.5843807507911,90.51411905418972
P07T17,Other,639.142,392.357,556.899,599.961,739.07,613.671,9.0,714.9629477076423,90.5131945594476
P07T17,Other,633.383,388.419,558.877,601.875,739.057,613.721,9.0,715.8986887655428,92.90448708025534
P07T17,Other,633.239,388.405,556.934,590.192,739.114,607.852,8.0,717.1658436782182,94.84148928061545
P07T17,Other,625.47,386.469,560.806,596.067,741.036,605.917,8.0,717.4013820741777,96.68339391270516
P07T17,Other,621.617,386.424,560.851,592.172,742.972,613.71,8.0,718.3746285116944,99.00971053147887
P07T17,Other,619.537,384.52,564.696,599.982,743.018,611.768,8.0,719.014017269172,101.21297600335949
P07T17,Other,617.577,384.484,564.749,599.94,743.072,609.789,9.0,719.7563584139829,103.72023620960815
P07T17,Other,613.686,382.619,568.589,599.941,744.942,607.832,9.0,719.8047290632474,105.42321953790952
P07T17,Other,607.865,382.483,568.658,601.874,746.892,615.645,9.0,703.5533324613298,109.55816157483399
P07T17,Other,605.933,382.461,568.649,601.997,746.999,611.764,9.0,704.2176574124148,111.32862885444476
P07T17,Other,605.871,380.555,568.646,599.979,748.913,603.941,9.0,560.0368641955872,94.29910947152675
P07T17,Other,603.941,378.568,564.764,590.197,752.777,607.803,9.0,559.7942130209842,96.58733901672724
P07T17,Other,601.995,376.659,568.59,601.898,754.714,605.868,9.0,560.1339501939653,98.70140088934181
P07T17,Other,601.908,376.655,566.694,598.052,754.791,605.857,9.0,560.1339501952751,98.70140099615303
P07T17,Other,601.886,376.668,568.585,598.057,756.757,605.89,10.0,560.4709514429703,100.93096168774771
P07T17,Other,601.848,378.569,568.646,601.913,758.601,605.899,10.0,560.470951454519,100.93096169135774
P07T17,Other,601.862,376.674,564.739,598.021,758.568,605.922,9.0,560.4532901125367,102.5041473582698
P07T17,Other,601.935,378.565,564.74,598.033,756.66,605.934,9.0,560.4532901468858,102.50414743341346
P07T17,Other,602.024,378.646,564.696,600.006,754.726,607.848,9.0,560.8320145030801,104.55289751355664
P07T17,Other,603.848,378.585,558.892,594.139,750.874,611.766,10.0,560.8320145007442,104.55289756396783
P07T17,Other,603.975,374.668,558.859,594.096,750.846,607.814,10.0,560.200534787661,104.91207432139649
P07T17,Other,605.878,370.786,556.984,598.033,746.965,605.901,9.0,560.2005348003503,104.91207438086596
P07T17,Other,609.772,368.911,556.968,596.085,745.022,605.924,9.0,560.7555270287451,107.05428554886069
P07T17,Other,613.672,368.879,556.905,601.99,743.084,607.823,9.0,560.7555270626674,107.05428556982176
P07T17,Other,615.682,368.879,556.897,605.881,743.045,613.709,9.0,560.8941304657199,107.11162656525866
P07T17,Other,617.596,368.876,556.884,605.846,742.965,615.699,9.0,320.7109436739626,-12.78169864117487
P07T17,Other,619.577,368.852,556.924,609.811,740.983,615.599,9.0,560.8941304604607,107.11162666639017
P07T17,Other,619.672,370.736,556.807,615.659,735.162,617.684,9.0,561.0332058460543,107.40240997607087
P07T17,Other,621.53,368.921,554.982,617.653,733.231,617.608,9.0,560.9253583493819,108.75230743387962
P07T17,Other,623.5,370.736,554.952,615.676,731.274,619.532,9.0,560.925358340735,108.75230747181557
P07T17,Other,623.546,368.891,554.97,615.644,731.287,619.588,9.0,560.6821551020929,109.28072011631218
P07T17,Other,625.452,368.837,556.807,615.609,729.38,619.562,9.0,560.6821550961293,109.2807201780006
P07T17,Other,623.529,368.748,554.926,607.846,729.324,619.676,10.0,561.0904852416552,109.8238299735799
P07T17,Other,621.6,368.732,554.844,607.798,729.316,617.694,9.0,561.0904852282233,109.82383003942387
P07T17,Other,619.698,366.922,552.983,605.864,729.285,619.553,9.0,560.9411797425087,109.48161934510676
P07T17,Other,621.537,366.872,554.859,613.715,729.392,619.604,9.0,560.9411797573354,109.48161931238454
P07T17,Other,621.618,366.837,554.965,617.673,731.276,619.579,9.0,561.2880436952559,110.47723987292594
P07T17,Other,623.549,364.921,554.979,617.619,733.247,619.539,9.0,561.2880436788394,110.47723992981196
P07T17,Other,625.461,359.027,556.805,615.644,739.041,619.647,9.0,561.0485354311616,111.16140200687485
P07T17,Other,627.389,355.115,558.827,617.619,742.953,617.625,9.0,738.0351270409644,149.89559377071873
P07T17,Other,631.372,353.144,562.738,613.684,744.934,619.53,10.0,737.8322058819642,149.11992503623762
P07T17,Other,633.353,349.211,566.681,607.86,750.877,613.719,10.0,737.3429694535879,150.05383287109024
P07T17,Other,635.362,337.445,570.654,607.876,756.666,607.816,10.0,737.3756564108967,150.88646895872304
P07T17,Other,641.099,329.598,572.507,603.937,758.643,603.966,8.0,827.2448704667186,151.77589937659445
P07T17,Other,645.026,321.735,570.675,594.146,758.742,605.906,8.0,830.5304403110872,154.59653372671258
P07T17,Other,648.943,311.976,572.592,588.283,760.665,601.953,8.0,823.4960270021327,158.36850991994376
P07T17,Other,652.954,290.52,576.515,578.462,774.338,592.13,8.0,826.6065716782284,161.23045248069624
P07T17,Other,660.719,286.534,580.437,574.5,778.246,588.275,8.0,818.613871654665,165.1210352660654
P07T17,Other,664.624,274.86,582.329,566.714,786.066,586.211,8.0,814.8081384024949,117.93840555642849
P07T17,Other,664.731,268.882,574.602,554.865,792.039,572.643,8.0,818.9320698814706,134.28292606472436
P07T17,Other,666.574,257.192,572.671,541.203,797.861,556.945,8.0,810.7012296487317,136.92871170585138
P07T17,Other,666.588,247.319,570.676,531.421,805.691,541.162,8.0,721.1489561808338,183.88179112861513
P07T17,Other,666.565,243.467,568.628,513.8,807.736,521.607,7.0,788.7539940576528,111.77331185094158
P07T17,MidHip,666.582,241.557,560.844,492.223,819.404,492.254,8.0,721.3930100252301,184.79440810439772
P07T17,MidHip,666.677,237.586,552.924,462.797,827.283,468.757,6.0,721.2432038004365,184.45905951943269
P07T17,MidHip,670.496,237.511,523.587,447.18,838.95,447.253,4.0,780.8169757300818,107.44342352624132
P07T17,MidHip,676.411,239.441,507.932,449.121,840.962,443.238,4.0,721.3862358695374,184.97532746043476
P07T17,MidHip,678.39,239.49,515.746,441.295,848.801,433.471,4.0,721.3061871068219,184.75187456102955
P07T17,MidHip,680.28,241.471,509.875,449.147,856.621,431.538,4.0,770.1024223358751,91.86607995092547
P07T17,MidHip,680.362,241.433,504.009,458.913,864.441,451.099,4.0,721.2151026732349,185.07956024952722
P07T17,MidHip,682.305,237.579,494.246,464.835,868.35,458.952,4.0,762.4291101338658,96.31219239314112
P07T17,LElbow,684.279,231.673,509.879,447.208,868.449,468.716,4.0,721.228177226985,184.98548350347642
P07T17,LElbow,686.248,227.76,572.6,413.806,882.073,472.662,4.0,721.7371652389535,185.13325721329215
P07T17,MidHip,693.96,229.766,586.29,419.736,874.287,490.298,4.0,770.4966054035472,137.05184705940434
P07T17,MidHip,692.036,229.734,0.0,0.0,882.115,523.589,5.0,721.4303662878747,185.021027502256
P07T17,MidHip,682.336,237.506,478.503,478.506,886.034,547.119,6.0,722.3254249104227,185.4565151151534
P07T17,MidHip,678.291,241.378,449.189,464.817,887.992,560.81,7.0,755.1089006078898,168.16164687816396
P07T17,MidHip,666.595,233.622,439.32,464.802,868.334,603.9,8.0,722.7214778439152,185.15404636827674
P07T17,MidHip,664.539,225.767,0.0,0.0,866.433,601.926,10.0,721.1201926027838,185.11243746779226
P07T17,MidHip,650.985,214.045,0.0,0.0,870.4,598.003,10.0,758.940376508038,178.1872853074326
P07T17,MidHip,649.005,206.156,462.895,507.865,886.047,586.291,9.0,708.7873036683363,186.33296358093185
P07T17,MidHip,648.879,190.535,0.0,0.0,901.734,578.464,9.0,698.8368502525304,195.19561488907584
P07T17,MidHip,643.112,174.872,380.562,456.971,913.449,556.915,8.0,760.0078191096247,180.22261079927318
P07T17,MidHip,635.26,157.214,0.0,0.0,907.581,527.491,10.0,701.1400757952752,200.14891554036845
P07T17,MidHip,631.355,145.398,472.638,464.825,921.292,511.853,9.0,704.2342201998342,198.98771218663072
P07T17,MidHip,633.214,129.735,476.565,449.124,929.106,511.84,9.0,704.517827960309,196.95822764479092
P07T17,MidHip,633.364,116.037,366.828,435.442,925.19,500.083,9.0,705.2655869596548,195.88112122567154
P07T17,MidHip,645.013,102.424,478.578,398.191,964.414,464.798,9.0,704.3731434800311,196.22277977583346
P07T17,MidHip,658.756,84.7583,537.299,411.899,919.314,472.63,8.0,704.7796749033139,196.30626622360447
P07T17,MidHip,668.637,70.9646,0.0,0.0,933.028,470.677,10.0,705.1516038546555,196.15417597443604
P07T17,MidHip,682.329,61.2607,411.941,433.481,1048.64,482.42,8.0,705.3423704156362,195.34728777066425
P07T17,MidHip,697.943,53.4643,0.0,0.0,1074.07,488.3,9.0,704.9270283927291,196.0605729984707
P07T17,MidHip,713.547,53.3151,0.0,0.0,1009.47,527.5,10.0,705.0062841126403,195.77940989695279
P07T17,MidHip,727.274,53.3358,409.954,374.686,0.0,0.0,9.0,704.8704720781802,195.7410367001355
P07T17,MidHip,735.154,53.3099,580.404,541.16,1013.38,556.909,9.0,705.0232736727808,195.11972566809698
P07T17,MidHip,743.079,49.4787,558.832,321.812,1091.76,511.836,10.0,705.5644116671428,195.49865152001772
P07T17,MidHip,748.858,39.7204,0.0,0.0,1085.85,519.675,7.0,705.0207436755887,196.0916688462794
P07T17,MidHip,756.695,37.769,490.285,388.4,1099.57,515.736,6.0,704.9462206362889,195.53980719883342
P07T17,MidHip,760.613,35.7777,0.0,0.0,1085.86,511.85,8.0,705.1149518997914,195.06964252565123
P07T17,MidHip,760.599,31.872,0.0,0.0,1107.42,484.416,13.0,697.5289403567112,225.080570600638
P07T17,MidHip,758.748,27.9214,621.534,308.067,1107.39,478.538,10.0,705.6622624570149,194.75883023705202
P07T17,MidHip,758.628,24.0918,693.997,245.397,1087.79,490.265,7.0,705.6016976003482,194.8588580441313
P07T17,MidHip,748.9,22.1496,0.0,0.0,1091.73,451.086,11.0,705.1966738268407,194.2161778198114
P07T17,MidHip,744.951,23.9997,0.0,0.0,1087.76,447.201,10.0,697.5682712840586,222.89276618161958
P07T17,MidHip,739.1,27.8986,605.878,286.557,1078.04,437.387,11.0,704.3834016517867,195.31896315592738
P07T17,MidHip,731.286,37.6681,598.049,327.657,1070.19,439.328,6.0,704.3544870051821,195.10122302241737
P07T17,MidHip,729.319,51.4043,600.0,366.87,1097.61,453.061,5.0,704.2812496399849,194.91012542437736
P07T17,MidHip,733.208,65.1241,464.85,319.879,1113.31,480.505,5.0,703.6191979629264,194.33937630433022
P07T17,MidHip,743.078,74.9349,462.822,335.475,1132.87,511.822,5.0,703.3528950981112,193.51893680539789
P07T17,MidHip,748.871,86.7812,0.0,0.0,1156.4,552.992,11.0,703.8176617424239,194.07306215568335
P07T17,MidHip,758.649,102.456,0.0,0.0,1089.83,494.19,11.0,704.5195643476638,194.50311990572823
P07T17,MidHip,774.359,121.968,0.0,0.0,0.0,0.0,12.0,696.9688915843712,223.76825742410117
P07T17,MidHip,792.083,145.45,0.0,0.0,1107.41,552.99,9.0,703.4011311057178,193.86223643941466
P07T17,RKnee,809.685,161.109,770.436,419.736,1121.11,552.981,7.0,695.8144447671573,223.36821989295163
P07T17,RKnee,836.972,178.8,0.0,0.0,1103.46,566.7,6.0,703.1592960783598,193.38054841792783
P07T17,Neck,856.643,190.523,621.578,521.639,1103.49,570.622,5.0,695.5163389446036,223.1710952114113
P07T17,Other,876.234,200.308,652.885,509.881,1097.61,570.642,12.0,702.0520840520204,194.71811530058247
P07T17,MidHip,878.172,208.136,680.296,507.909,0.0,0.0,11.0,701.7396621270149,195.16942587427843
P07T17,MidHip,864.493,210.062,707.753,498.141,1111.31,613.696,10.0,701.8000156065077,195.26294047666988
P07T17,MidHip,841.012,194.459,676.391,474.581,1089.77,560.81,9.0,700.9078580400802,194.39086654421632
P07T17,LKnee,827.303,178.711,692.083,462.892,1121.15,617.63,3.0,700.4540047814364,194.51434772922994
P07T17,MidHip,835.092,174.857,688.158,458.896,1121.18,603.944,5.0,700.8845616499464,194.81358757265556
P07T17,MidHip,839.048,174.837,750.832,441.281,1119.2,588.204,8.0,700.8200175581618,195.37888143959734
P07T17,MidHip,840.958,161.154,733.218,413.826,1115.23,558.86,4.0,699.7992511157939,194.50140867977277
P07T17,MidHip,839.091,145.417,729.267,386.467,1099.54,462.863,4.0,700.1191546749978,194.93773192191517
P07T17,MidHip,844.901,131.744,729.311,380.535,1121.11,511.868,4.0,692.4909749852293,225.8851278570174
P07T17,MidHip,852.656,129.815,742.997,380.517,1125.01,505.979,4.0,699.9098819683662,194.58077710712575
P07T17,MidHip,864.48,131.705,748.884,386.414,1128.93,503.991,4.0,699.7571200723008,194.57717044261472
P07T17,MidHip,868.437,118.122,756.704,378.59,1128.97,478.489,5.0,699.4268495715742,194.85843293427752
P07T17,MidHip,870.299,100.411,793.955,351.137,1128.99,462.833,4.0,699.470144447831,195.13358978318024
P07T17,MidHip,868.31,100.437,737.139,362.945,1115.26,431.468,5.0,699.5824414372031,194.99036207077356
P07T17,MidHip,868.366,119.974,748.875,368.742,1121.09,490.283,4.0,699.7852406751723,194.85581070183073
P07T17,MidHip,868.332,131.828,748.892,380.553,1119.13,507.864,4.0,700.2261919801551,194.76685109785868
P07T17,MidHip,852.723,133.697,746.932,384.525,1107.4,527.533,4.0,700.0003671348259,194.69080565286984
P07T17,MidHip,837.086,135.687,717.559,406.047,1103.47,552.976,4.0,699.7014321855364,196.1986814015461
P07T17,MidHip,823.322,137.608,758.715,398.245,1103.51,582.346,4.0,700.5161073151384,197.21738113905528
P07T17,MidHip,809.661,145.463,733.212,415.847,1103.48,584.32,4.0,700.9178061865405,196.74104972921484
P07T17,MidHip,805.784,145.508,0.0,0.0,1095.66,552.971,5.0,700.7926778524597,196.66138905772397
P07T17,MidHip,799.856,145.4,678.321,411.894,1081.93,523.542,6.0,700.8109608237435,196.8329337768123
P07T17,MidHip,788.035,135.735,651.009,404.114,1046.69,476.578,9.0,700.9364541135454,197.07504772290918
P07T17,LElbow,776.302,133.801,633.303,411.877,1040.84,458.93,9.0,700.8671179295059,197.28754901791248
P07T17,MidHip,772.429,120.074,607.826,400.201,993.772,478.514,9.0,700.9513698769904,197.19419516952658
P07T17,MidHip,782.17,100.495,603.956,378.589,1001.62,472.633,9.0,701.109869372641,197.29360955455633
P07T17,MidHip,805.772,84.7824,568.642,443.273,987.894,513.777,10.0,700.6855674073702,197.79019885349024
P07T17,MidHip,833.087,71.1039,670.521,370.789,1087.85,511.84,8.0,700.8447094646867,197.5998739878008
P07T17,MidHip,839.056,55.4279,690.133,351.184,1064.29,504.018,6.0,701.2975526808552,197.4089699815593
P07T17,MidHip,842.948,45.5772,705.791,337.434,1068.22,496.199,7.0,701.7275446966561,198.2050081850279
P07T17,MidHip,854.651,65.1181,731.234,398.243,1074.18,601.912,6.0,701.5882013282046,198.12743465394817
P07T17,MidHip,866.382,86.6619,717.541,394.271,1081.92,615.629,4.0,701.62758425138,198.31200002529343
P07T17,MidHip,856.659,90.6446,778.281,292.437,1091.78,525.586,4.0,701.7668768604549,198.6941932655768
P07T17,MidHip,864.497,100.482,792.042,292.455,1144.62,539.271,5.0,702.3439948709868,198.5461675945794
P07T17,MidHip,883.986,131.769,801.793,341.369,1154.47,494.222,4.0,702.4622606632565,198.09843434194548
P07T17,MidHip,897.702,161.096,792.0,364.868,1197.51,464.837,5.0,702.2093526823144,198.3152362879026
P07T17,MidHip,899.748,169.012,786.091,368.85,1213.2,464.861,6.0,702.5067265362466,198.5939461165427
P07T17,MidHip,893.876,174.884,776.272,378.629,1199.45,478.487,9.0,702.3348315789124,197.9233306547712
P07T17,MidHip,880.155,165.164,764.586,372.716,1172.08,492.183,8.0,701.935773989919,197.94918590750282
P07T17,MidHip,862.549,165.027,752.815,368.847,1138.81,509.887,5.0,701.6594952888672,197.75589329707864
P07T17,MidHip,852.616,167.057,741.051,382.496,1127.0,511.856,5.0,701.5049939113712,196.68855604202676
P07T17,MidHip,839.075,176.845,727.36,386.488,1111.36,525.604,4.0,701.4087597295829,196.58670813196704
P07T17,MidHip,829.226,186.613,711.626,404.119,1119.21,492.26,8.0,701.6214792559142,197.17588280019731
P07T17,MidHip,807.752,212.138,680.333,435.465,1042.81,468.741,10.0,701.3790172931739,196.75714869510537
P07T17,MidHip,805.639,241.413,756.696,427.595,1019.26,525.59,10.0,701.0648559287841,197.38852580636797
P07T17,MidHip,803.667,278.683,635.32,560.829,1030.99,523.593,10.0,701.3752112133393,197.53352943856498
P07T17,MidHip,821.356,306.154,633.29,547.111,1003.55,531.448,12.0,700.7844862477198,197.37108590881004
P07T17,MidHip,840.992,304.101,647.016,580.383,0.0,0.0,13.0,700.3226441656568,196.5708164356099
P07T17,LElbow,884.045,300.195,674.432,629.386,1105.47,576.494,10.0,700.3809219293788,196.76637927371556
P07T17,MidHip,917.321,270.873,0.0,0.0,1132.85,552.966,13.0,700.0515077598436,196.754743544511
P07T17,MidHip,964.426,227.817,0.0,0.0,1197.54,619.601,12.0,699.2129977797492,196.7098728225065
P07T17,MidHip,1011.37,182.697,0.0,0.0,1219.08,633.238,12.0,698.6600731557637,196.43301292451272
P07T17,LElbow,1027.01,127.814,0.0,0.0,0.0,0.0,17.0,698.4748045047235,196.80248652784624
P07T17,LElbow,1040.74,98.4585,0.0,0.0,1185.81,613.71,16.0,698.1698009488712,196.03241230511046
P07T17,LElbow,1042.82,106.317,0.0,0.0,1162.24,678.324,16.0,697.644542018767,195.90074015578298
P07T17,Neck,1050.59,165.095,0.0,0.0,1134.81,647.017,16.0,697.1826128693455,195.83714802699274
P07T17,LElbow,1044.69,131.707,547.112,668.572,0.0,0.0,15.0,695.6595359046635,195.62011210250145
P07T17,Neck,1029.08,174.827,0.0,0.0,1070.19,680.341,16.0,695.4956272379272,198.49408391636894
P07T17,Neck,1001.64,247.325,0.0,0.0,0.0,0.0,17.0,698.2421063502102,202.9372443806633
P07T17,Neck,995.817,249.279,0.0,0.0,0.0,0.0,17.0,704.3764839383302,218.72405275826546
P07T17,Nose,982.061,268.853,0.0,0.0,1236.7,588.288,16.0,708.6515536740997,258.53752722307013
P07T17,Neck,946.678,229.782,0.0,0.0,1217.11,480.485,16.0,712.4899956112508,299.0161051362509
P07T17,MidHip,915.415,212.056,0.0,0.0,1213.23,415.868,12.0,709.6748540543044,273.4706847928431
P07T17,LElbow,931.093,210.028,0.0,0.0,0.0,0.0,17.0,716.0864053178148,289.8708726324057
P07T17,RElbow,968.355,235.613,0.0,0.0,0.0,0.0,8.0,715.6041954205624,328.4914110053121
P07T17,RElbow,1011.49,243.398,0.0,0.0,1262.16,382.534,7.0,717.9247912092103,300.594036228417
P07T17,LElbow,1070.2,253.217,0.0,0.0,1264.16,415.898,16.0,716.5996638125082,306.42902876647463
P07T17,RElbow,1105.39,272.843,0.0,0.0,0.0,0.0,8.0,715.7932193413774,301.55842457736105
P07T17,Other,1121.11,302.225,0.0,0.0,0.0,0.0,12.0,714.2326356129697,296.2873875233471
P07T17,Other,1117.15,268.898,0.0,0.0,0.0,0.0,16.0,713.4666247236762,295.44044112957016
P07T17,LElbow,1089.78,257.169,0.0,0.0,0.0,0.0,17.0,714.9086794094479,293.14824487924943
P07T17,MidHip,1056.49,249.339,0.0,0.0,0.0,0.0,8.0,714.2893098236965,293.7268181277195
P07T17,MidHip,1038.8,245.356,0.0,0.0,0.0,0.0,13.0,711.9273319004867,293.50554027583576
P07T17,LElbow,1025.12,243.404,0.0,0.0,0.0,0.0,16.0,712.2238013699035,293.21971484231403
P07T17,MidHip,1023.2,257.204,0.0,0.0,1152.46,413.834,14.0,711.697953344436,292.68012365195614
P07T17,Neck,1013.42,259.044,0.0,0.0,0.0,0.0,17.0,711.0264550773038,292.97257078643355
P07T17,MidHip,1011.41,265.011,0.0,0.0,1164.22,411.923,11.0,710.0934901594634,292.4669039595972
P07T17,Other,1007.47,292.406,0.0,0.0,0.0,0.0,14.0,709.4656987465194,293.1719828623677
P07T17,MidHip,993.782,298.257,0.0,0.0,1207.33,619.619,12.0,708.2777378998096,292.6191165773031
P07T17,Neck,980.148,282.592,0.0,0.0,1213.24,590.204,15.0,708.3585585148443,291.48272469209024
P07T17,Neck,989.845,276.748,739.114,335.547,1224.94,623.485,13.0,707.7655480659473,290.55316022803765
P07T17,Other,997.723,290.386,772.369,349.22,1170.15,631.273,13.0,708.0936598038518,289.5288738251325
P07T17,Other,1007.46,310.029,0.0,0.0,0.0,0.0,18.0,707.5744194131227,289.16887794168326
P07T17,Neck,1009.46,321.838,0.0,0.0,0.0,0.0,17.0,707.5875792560545,288.85191233049613
P07T17,Other,1011.48,321.828,0.0,0.0,0.0,0.0,16.0,703.3590633314863,336.4597244194529
P07T17,Other,1017.26,323.756,0.0,0.0,1185.75,417.791,16.0,705.6004463834403,287.06998471510894
P07T17,Other,1034.89,351.113,889.973,464.829,0.0,0.0,15.0,704.3140300538964,286.0588327892066
P07T17,Other,1042.78,386.476,901.687,615.664,0.0,0.0,15.0,704.3836134618671,285.42243187968614
P07T17,Other,1040.71,413.798,715.576,598.047,0.0,0.0,15.0,704.2709921646704,285.3428619401434
P07T17,Other,1040.72,433.486,0.0,0.0,0.0,0.0,17.0,703.5526140073448,285.28361888300105
P07T17,Other,1021.19,402.102,0.0,0.0,0.0,0.0,17.0,703.0901134912367,284.7078950561583
P07T17,Other,1009.36,364.833,0.0,0.0,0.0,0.0,17.0,702.6682061226625,284.48067336034404
P07T17,Other,993.78,351.237,0.0,0.0,1046.68,533.375,16.0,702.4020752464767,284.22976301127716
P07T17,LElbow,964.392,341.375,0.0,0.0,0.0,0.0,17.0,702.6912155576151,283.35811494017105
P07T17,Neck,940.904,337.48,0.0,0.0,1136.83,500.072,16.0,702.1580920596256,283.3614799632259
P07T17,RElbow,913.43,327.671,827.247,690.123,0.0,0.0,15.0,701.6654570605444,282.9442995193269
P07T17,Neck,886.031,325.69,0.0,0.0,1148.52,482.461,16.0,701.2658319642804,282.3269909639143
P07T17,Neck,883.99,333.499,760.634,715.611,1199.54,541.201,14.0,701.786503734231,280.9307988791167
P07T17,Neck,866.38,321.874,0.0,0.0,1170.13,425.648,15.0,701.7225113486111,280.55716430713653
P07T17,Neck,825.354,337.476,0.0,0.0,0.0,0.0,18.0,700.863161098414,280.7257072907147
P07T17,Other,760.703,364.901,0.0,0.0,0.0,0.0,17.0,700.3839474159435,280.3487833014436
P07T17,Other,709.694,398.228,0.0,0.0,0.0,0.0,17.0,700.8834841923526,279.84413789350504
P07T17,Neck,674.471,431.462,0.0,0.0,0.0,0.0,17.0,700.4174321131825,279.55077461795764
P07T17,Neck,635.29,460.931,0.0,0.0,0.0,0.0,16.0,699.590304367576,278.8474420286943
P07T17,Other,1036.89,217.946,0.0,0.0,0.0,0.0,12.0,699.7273542088602,279.2194812510535
P07T17,Other,580.424,509.88,0.0,0.0,0.0,0.0,16.0,699.9639361630839,279.3281486200744
P07T17,Other,545.127,472.653,0.0,0.0,0.0,0.0,16.0,700.1230072761587,278.8056608376517
P07T17,Other,511.804,458.927,0.0,0.0,0.0,0.0,16.0,699.6727074041487,277.8711760361715
P07T17,Other,482.431,437.394,0.0,0.0,0.0,0.0,16.0,699.1754538976113,277.9931988333409
P07T17,Other,492.167,429.465,0.0,0.0,0.0,0.0,16.0,699.4392468094417,278.2596346931364
P07T17,Other,98.4814,429.508,147.46,600.027,0.0,0.0,4.0,699.4091304163712,278.0046048874868
P07T17,Other,462.867,427.531,0.0,0.0,0.0,0.0,16.0,699.3412682638422,277.8334151036066
P07T17,Other,447.149,431.473,0.0,0.0,0.0,0.0,17.0,699.4008161919221,277.8816079606801
P07T17,Other,429.549,453.035,0.0,0.0,0.0,0.0,16.0,699.7604039609789,277.61678256795983
P07T17,Other,396.257,456.935,0.0,0.0,0.0,0.0,16.0,700.2744584859513,278.2122981725111
P07T17,Other,368.811,462.92,0.0,0.0,0.0,0.0,17.0,700.3192138889171,278.2022555167244
P07T17,Other,339.445,478.505,0.0,0.0,733.224,394.28,16.0,695.3616721104601,321.2436889116938
P07T17,Other,319.87,466.781,0.0,0.0,0.0,0.0,17.0,700.9652156476195,278.3450000115952
P07T17,Other,290.435,437.384,0.0,0.0,0.0,0.0,17.0,695.9077897189079,322.65989638239733
P07T17,Other,266.959,400.163,0.0,0.0,0.0,0.0,18.0,701.0039742268443,277.8856490234075
P07T17,Neck,241.492,337.462,0.0,0.0,0.0,0.0,17.0,700.9171501807587,277.8768405060038
P07T17,Other,221.876,259.172,0.0,0.0,0.0,0.0,17.0,701.2754026011769,278.36727146595973
P07T17,MidHip,200.365,202.304,0.0,0.0,0.0,0.0,10.0,702.05699201698,279.34803024545516
P07T17,Other,237.515,165.083,0.0,0.0,0.0,0.0,16.0,702.6717261118749,279.6380341765172
P07T17,RElbow,194.384,194.395,505.954,684.21,0.0,0.0,15.0,697.4908717150156,322.8961679606612
P07T17,Other,112.13,241.456,0.0,0.0,0.0,0.0,14.0,702.6666581783865,280.3449241689722
P07T17,Other,nan,nan,nan,nan,nan,nan,nan,697.5104979835826,324.55001888411243
P07T17,Other,nan,nan,nan,nan,nan,nan,nan,703.7382500949004,281.11392286612204
P07T17,Other,nan,nan,nan,nan,nan,nan,nan,698.4683451449429,325.74346543986115
P07T17,Other,1025.07,355.119,987.913,398.189,1048.64,407.981,0.0,703.5816983785365,282.4845066887376
P07T17,Other,nan,nan,nan,nan,nan,nan,nan,703.9487798901763,282.50309442780076
P07T17,Other,0.0,0.0,0.0,0.0,274.831,651.005,16.0,704.1846100927492,282.5099940111977
P07T17,Other,0.0,0.0,0.0,0.0,351.189,433.437,17.0,698.7323899769733,325.1041921589912
P07T17,Other,0.0,0.0,0.0,0.0,362.961,329.617,16.0,703.930845199603,284.76059550308304
P07T17,Other,5.36055,210.192,0.0,0.0,0.0,0.0,15.0,698.6057904161939,327.940145171272
P07T17,MidHip,20.0996,165.151,65.14,584.278,0.0,0.0,11.0,703.4868473135443,283.98415252993146
P07T17,MidHip,82.7627,147.46,82.7817,596.05,413.903,219.918,9.0,697.9085298898979,327.5192805044307
P07T17,MidHip,106.296,159.192,116.053,641.128,472.666,263.033,10.0,704.2563353005314,286.49485807908013
P07T17,MidHip,131.738,182.753,149.464,664.616,0.0,0.0,11.0,698.9679438857876,329.8442421788529
P07T17,RElbow,163.162,194.436,174.821,664.636,0.0,0.0,10.0,699.7808635505409,329.5378440898012
P07T17,RElbow,196.401,192.468,198.408,654.892,758.713,335.446,10.0,704.1383132354476,288.20511053019027
P07T17,MidHip,227.805,194.52,221.842,662.671,649.005,351.134,10.0,697.267997477955,331.48548537984914
P07T17,RElbow,253.233,206.228,237.535,666.643,0.0,0.0,11.0,705.6821421466094,288.9003134030461
P07T17,RElbow,276.78,212.126,249.297,676.407,629.389,323.745,10.0,698.9255056358865,332.53030916314805
P07T17,MidHip,300.223,214.072,243.461,660.709,603.88,294.365,10.0,705.8487018428129,288.5558914640886
P07T17,MidHip,339.444,214.107,245.435,643.111,695.991,306.103,10.0,700.3566386481327,332.758596188491
P07T17,Neck,364.86,214.1,255.155,641.121,727.308,323.788,10.0,706.1485990225736,288.9238454880541
P07T17,Neck,380.537,223.823,261.13,635.316,713.55,321.733,9.0,700.7393248327331,334.18541979021563
P07T17,Neck,396.206,227.793,272.781,639.165,729.297,341.384,9.0,705.8575594861021,287.9958321826172
P07T17,MidHip,409.966,241.426,280.624,649.008,735.202,360.996,9.0,700.2018347800015,331.7234258214438
P07T17,MidHip,417.849,253.215,286.528,660.733,742.964,384.503,10.0,704.9755517119768,288.23157298610215
P07T17,Neck,423.691,261.127,288.476,666.571,744.947,388.423,10.0,700.4323493142432,331.34824411566746
P07T17,Neck,433.448,266.905,306.142,658.795,701.863,437.402,10.0,699.9705957398294,329.0104833651866
P07T17,Neck,458.93,261.067,310.051,670.507,799.832,415.902,10.0,705.799188350312,288.62415817067586
P07T17,Neck,478.552,272.765,319.874,672.478,825.285,431.537,10.0,699.0606194648403,328.24223585754686
P07T17,MidHip,509.796,288.418,325.694,682.291,838.96,449.181,11.0,705.211455648051,288.46589530021504
P07T17,Neck,505.881,276.751,321.853,686.182,805.619,411.906,12.0,698.8472633348141,328.00825528524325
P07T17,Neck,509.936,259.17,337.495,680.289,821.436,402.161,11.0,706.1403824457017,289.892440516727
P07T17,Neck,525.479,255.203,341.385,699.897,0.0,0.0,13.0,706.880919275944,290.19271645978307
P07T17,Neck,529.489,259.162,347.255,715.613,837.083,415.917,11.0,700.0182272384668,329.06793161927266
P07T17,Neck,537.229,263.064,355.135,715.594,852.782,437.409,11.0,706.7282105381946,289.73592411920805
P07T17,Neck,541.155,261.028,347.269,715.616,866.417,460.952,10.0,699.3211270923558,328.7538243591547
P07T17,Neck,545.152,257.162,0.0,0.0,858.614,492.296,11.0,706.7640568810068,290.0153969658521
P07T17,Neck,554.98,241.391,325.732,715.603,888.018,509.879,10.0,701.2685201675936,332.23888413432815
P07T17,Neck,570.684,212.099,321.747,715.596,884.018,482.476,10.0,707.8161164658188,289.9937156661128
P07T17,Other,574.522,178.842,304.176,674.436,915.398,541.209,10.0,701.0737626003772,331.8604234638378
P07T17,MidHip,570.627,168.982,308.09,666.588,0.0,0.0,11.0,707.1257960274495,289.2350624831205
P07T17,MidHip,556.994,167.015,306.098,664.626,0.0,0.0,11.0,702.0576941117662,331.9621956387661
P07T17,RElbow,541.307,168.967,321.775,670.507,0.0,0.0,11.0,707.1719049896991,291.30343348515134
P07T17,Other,539.213,176.745,337.478,670.513,0.0,0.0,11.0,701.2218108106615,331.2349677341413
P07T17,RElbow,533.389,178.831,335.501,668.596,0.0,0.0,11.0,707.3536018176786,291.32336052783387
P07T17,MidHip,531.393,184.679,351.142,666.637,0.0,0.0,12.0,701.5947386079902,335.1016354435915
P07T17,MidHip,539.209,186.628,370.809,678.38,0.0,0.0,12.0,708.7201167613757,291.21441545725196
P07T17,MidHip,541.258,188.572,0.0,0.0,888.008,652.927,11.0,709.2608257234729,292.10373001475534
P07T17,RElbow,550.993,194.392,0.0,0.0,0.0,0.0,12.0,701.7108232838644,334.78695123189704
P07T17,RElbow,556.84,208.103,437.39,699.936,917.364,652.88,10.0,703.595871547996,335.03086292816255
P07T17,MidHip,566.661,215.976,429.567,684.258,897.804,529.464,10.0,716.1611951452347,249.55660870517542
P07T17,Other,574.486,206.217,433.464,656.827,929.124,564.703,10.0,711.8342171336109,313.49002549673145
P07T17,LElbow,584.354,196.393,460.916,652.893,942.841,543.159,11.0,713.5351284877888,228.61675597106347
P07T17,Other,588.301,204.245,474.632,656.819,976.118,615.657,10.0,702.9176271936741,250.5318554195438
P07T17,Other,590.235,241.443,494.183,682.278,935.017,590.198,11.0,709.0670746756546,221.14895441061
P07T17,RElbow,588.299,276.73,500.078,701.887,917.373,607.841,11.0,698.2179473094862,204.57823251021728
P07T17,RElbow,590.199,310.048,494.21,715.611,915.434,621.563,11.0,724.538107843001,210.70447681579472
P07T17,RElbow,601.883,335.414,494.158,715.604,0.0,0.0,14.0,696.3412171264883,195.02469460125167
P07T17,Other,611.733,339.468,0.0,0.0,938.91,645.062,14.0,694.8900348824145,202.3832750524638
P07T17,Other,621.541,353.195,486.359,715.615,0.0,0.0,14.0,732.8202105193049,191.07740626206183
P07T17,Other,635.323,374.691,0.0,0.0,0.0,0.0,15.0,715.3051841359511,207.6214319266759
P07T17,Other,650.962,380.542,0.0,0.0,0.0,0.0,15.0,726.8660027433908,178.83473887864463
P07T17,Other,662.701,382.455,0.0,0.0,0.0,0.0,15.0,716.907357888575,205.94002290649135
P07T17,Other,664.712,384.435,0.0,0.0,0.0,0.0,16.0,718.857955020885,176.2135888597637
P07T17,Other,656.779,382.568,0.0,0.0,0.0,0.0,17.0,726.0304719886004,206.7401895284263
P07T17,RElbow,650.854,382.582,0.0,0.0,0.0,0.0,16.0,719.7109768630587,176.909473228785
P07T17,Other,648.909,398.192,0.0,0.0,0.0,0.0,16.0,719.8808480237401,203.7299813996594
P07T17,Other,654.839,413.816,0.0,0.0,0.0,0.0,16.0,721.3209743099267,173.96795769773723
P07T17,Other,670.546,415.869,0.0,0.0,0.0,0.0,17.0,710.4221546654271,199.8457546303769
P07T17,Other,695.896,415.842,0.0,0.0,0.0,0.0,17.0,722.950064029198,171.3429042922452
P07T17,Other,719.541,396.235,0.0,0.0,0.0,0.0,17.0,710.9010603992293,198.10574801762897
P07T17,Nose,727.352,384.462,0.0,0.0,0.0,0.0,16.0,711.4620317406934,196.5209043461913
P07T17,Other,744.978,384.541,0.0,0.0,0.0,0.0,16.0,723.8856114715961,170.3629544348108
P07T17,Other,758.627,382.537,0.0,0.0,0.0,0.0,15.0,712.6114590962286,196.36879635897208
P07T17,Other,760.572,368.891,0.0,0.0,0.0,0.0,15.0,714.0764973029904,194.03244534823716
P07T17,Other,758.67,359.037,0.0,0.0,0.0,0.0,15.0,723.3416439261464,168.39584976630476
P07T17,Other,758.591,353.09,0.0,0.0,0.0,0.0,15.0,715.4437290170192,194.0848698085537
P07T17,Other,758.752,345.335,0.0,0.0,0.0,0.0,15.0,723.4455560325798,167.59398022730215
P07T17,Other,756.646,351.183,0.0,0.0,0.0,0.0,15.0,714.7589440345917,195.5315418250723
P07T17,LElbow,748.908,368.866,0.0,0.0,0.0,0.0,16.0,724.1753234309626,167.71663277071977
P07T17,Other,754.752,384.46,0.0,0.0,0.0,0.0,16.0,713.0223954251416,193.82839037670666
P07T17,Nose,770.469,392.29,0.0,0.0,0.0,0.0,17.0,724.1115430240907,167.5173841987894
P07T17,Other,776.302,388.421,0.0,0.0,0.0,0.0,16.0,714.1086070445101,191.73859707523638
P07T17,Other,774.306,398.201,0.0,0.0,1070.18,525.537,15.0,724.8612752579104,167.4823692180625
P07T17,Other,768.503,409.932,0.0,0.0,0.0,0.0,16.0,724.994650907634,167.08040142618304
P07T17,Other,756.715,413.815,0.0,0.0,0.0,0.0,17.0,714.7348620713559,193.02256802336228
P07T17,Other,741.064,415.786,0.0,0.0,0.0,0.0,17.0,725.4602332734488,167.1357548225399
P07T17,Other,727.281,413.792,0.0,0.0,0.0,0.0,16.0,714.1552522228568,191.52664411100298
P07T17,Other,695.903,398.268,0.0,0.0,0.0,0.0,16.0,714.8689313540806,191.14658875830472
P07T17,Other,664.654,388.436,0.0,0.0,0.0,0.0,16.0,725.8807301788539,165.40668344326556
P07T17,Neck,619.589,374.663,0.0,0.0,0.0,0.0,17.0,716.4555970958265,192.08006162232732
P07T17,RElbow,621.529,366.868,0.0,0.0,991.774,682.239,14.0,725.9449460195475,165.41214826597073
P07T17,Other,646.971,380.544,0.0,0.0,0.0,0.0,15.0,716.3519044251043,191.9284148873526
P07T17,Other,646.946,370.838,0.0,0.0,0.0,0.0,15.0,726.3005446673592,164.3152082188163
P07T17,Other,664.545,394.244,0.0,0.0,0.0,0.0,16.0,718.4258665185519,189.46570982447327
P07T17,Other,743.049,443.209,0.0,0.0,0.0,0.0,16.0,718.7592737206052,190.246684933529
P07T17,Other,835.103,494.181,0.0,0.0,0.0,0.0,16.0,727.1153648862796,164.1635575416535
P07T17,Other,850.768,478.609,0.0,0.0,0.0,0.0,17.0,716.714561705421,189.08931255988384
P07T17,Neck,833.099,476.537,0.0,0.0,0.0,0.0,17.0,727.2376422648695,163.41989479188078
P07T17,Neck,805.688,476.636,0.0,0.0,0.0,0.0,18.0,726.7331470513202,163.4728425528258
P07T17,Other,782.228,476.62,0.0,0.0,0.0,0.0,17.0,715.9793122999828,188.30680759159725
P07T17,Other,762.573,464.863,0.0,0.0,0.0,0.0,17.0,727.9233444294412,162.40536229140267
P07T17,Other,746.951,454.994,0.0,0.0,0.0,0.0,16.0,716.8633274812906,188.36935101510218
P07T17,Other,745.074,447.127,0.0,0.0,0.0,0.0,15.0,728.3492585231418,162.50180873607655
P07T17,Other,748.919,443.231,0.0,0.0,0.0,0.0,15.0,717.662393376777,187.86456063754324
P07T17,Other,756.742,443.287,0.0,0.0,0.0,0.0,15.0,728.9948606298003,161.42455319920387
P07T17,Other,745.078,445.156,0.0,0.0,0.0,0.0,15.0,717.6753896377845,187.49472823051022
P07T17,Other,743.06,445.204,0.0,0.0,0.0,0.0,15.0,729.2592225104286,161.92159706469138
P07T17,Other,740.972,445.242,0.0,0.0,0.0,0.0,15.0,717.3086115044016,186.19269447204323
P07T17,Other,737.151,431.534,0.0,0.0,0.0,0.0,15.0,730.2640717393353,160.5661463400362
P07T17,Other,737.152,413.919,0.0,0.0,0.0,0.0,16.0,718.4197858847235,185.49286278510473
P07T17,Other,727.301,390.39,0.0,0.0,0.0,0.0,16.0,729.7649940174276,159.37214471085454
P07T17,Other,721.446,402.145,0.0,0.0,0.0,0.0,16.0,718.7888271501492,185.51889188792128
P07T17,Other,715.599,413.927,0.0,0.0,0.0,0.0,16.0,719.1344754263758,184.98389704894822
P07T17,Other,715.559,429.483,0.0,0.0,0.0,0.0,17.0,730.8574484805008,158.9736989864375
P07T17,Other,711.671,431.549,0.0,0.0,0.0,0.0,17.0,719.4566275109325,185.5684152226815
P07T17,Other,711.664,433.459,0.0,0.0,0.0,0.0,16.0,731.1941279789428,159.24414097713085
P07T17,Other,719.505,431.592,0.0,0.0,0.0,0.0,16.0,720.2439205241294,183.34263878230857
P07T17,Other,731.308,431.521,0.0,0.0,0.0,0.0,17.0,731.267818083022,158.9044217643484
P07T17,Other,745.073,429.602,0.0,0.0,0.0,0.0,17.0,719.5295787464562,181.80973478096553
P07T17,Other,758.679,427.597,0.0,0.0,0.0,0.0,16.0,732.7974178852934,157.9340421818181
P07T17,Other,758.635,417.818,0.0,0.0,0.0,0.0,16.0,718.9067965332135,180.58806273261976
P07T17,Other,735.159,400.218,0.0,0.0,0.0,0.0,16.0,733.0130280475189,156.9261797498048
P07T17,Neck,697.965,392.301,0.0,0.0,0.0,0.0,17.0,720.6787797393374,179.78488412779274
P07T17,Other,682.357,396.214,0.0,0.0,0.0,0.0,15.0,733.1117305561045,156.8664987225667
P07T17,Other,660.736,394.242,0.0,0.0,0.0,0.0,16.0,720.9361244654535,180.88933277257317
P07T17,Other,633.226,392.292,0.0,0.0,0.0,0.0,15.0,878.1172712302807,91.56248861791877
P07T17,Neck,607.829,390.377,0.0,0.0,0.0,0.0,15.0,721.0992609959746,180.0320678016676
P07T17,Neck,596.074,392.29,0.0,0.0,0.0,0.0,15.0,878.2905147184061,92.73199718028273
P07T17,Neck,578.467,398.246,0.0,0.0,0.0,0.0,15.0,722.570383463395,179.65650031249876
P07T17,Other,572.516,402.162,0.0,0.0,0.0,0.0,15.0,878.1633984205162,90.40690385132396
P07T17,Other,570.582,408.002,0.0,0.0,0.0,0.0,15.0,722.822536808553,178.3095047352819
P07T17,Other,570.577,413.911,0.0,0.0,0.0,0.0,16.0,877.4562178751703,92.16733488205669
P07T17,Other,570.629,419.768,0.0,0.0,0.0,0.0,17.0,877.438730804552,92.17573329711705
P07T17,Other,572.668,419.789,0.0,0.0,0.0,0.0,16.0,724.0907856895005,178.68011180722553
P07T17,Other,582.315,413.938,0.0,0.0,0.0,0.0,17.0,883.7920989903058,86.51060564851494
P07T17,Other,584.34,396.238,0.0,0.0,0.0,0.0,17.0,722.9007765040541,177.9964160428916
P07T17,Other,586.255,366.781,0.0,0.0,0.0,0.0,17.0,723.7188131915509,178.66680131442405
P07T17,Other,582.378,329.593,0.0,0.0,0.0,0.0,16.0,879.9176586351407,88.02629600064259
P07T17,Other,570.514,274.844,0.0,0.0,0.0,0.0,16.0,-128000.0,-72000.0
P07T17,Neck,554.872,233.601,384.46,662.699,0.0,0.0,15.0,882.9810924587036,85.04975414813613
P07T17,Other,547.098,208.183,400.208,715.589,0.0,0.0,13.0,-128000.0,-72000.0
P07T17,RElbow,502.064,167.038,408.012,695.94,0.0,0.0,12.0,886.5267759707419,83.28569941422418
P07T17,MidHip,498.114,123.92,460.87,715.608,0.0,0.0,11.0,-109454.06874285697,-60634.22226017308
P07T17,LElbow,600.013,82.7281,500.061,682.3,0.0,0.0,10.0,892.0129947760086,71.66947467934028
P07T17,Neck,678.342,67.0735,474.572,701.875,1029.02,276.806,10.0,24866.799155145072,16600.655030842452
P07T17,MidHip,598.06,37.782,0.0,0.0,974.179,243.413,12.0,889.6857070272783,74.77773804666326
P07T17,MidHip,539.173,84.8163,0.0,0.0,821.355,225.81,10.0,8488.40014072576,5586.794227330195
P07T17,LElbow,588.301,133.688,0.0,0.0,886.042,261.076,13.0,-128000.0,-72000.0
P07T17,RElbow,646.995,135.725,580.423,697.945,848.817,214.039,10.0,886.373692893243,78.83977262163533
P07T17,RElbow,654.87,167.015,0.0,0.0,0.0,0.0,13.0,886.3241119407161,78.64654377269834
P07T17,Other,617.607,204.216,0.0,0.0,839.073,464.813,12.0,128000.0,72000.0
P07T17,LElbow,658.742,196.363,0.0,0.0,0.0,0.0,15.0,889.7387970825274,75.7512603625262
P07T17,Neck,695.997,167.034,0.0,0.0,964.415,400.195,12.0,831.0637904169059,460.5655100003547
P07T17,Neck,676.408,180.736,0.0,0.0,968.326,439.335,14.0,876.9222245363256,80.99130398632768
P07T17,Neck,742.933,264.959,0.0,0.0,1062.36,617.59,15.0,327.28955341890406,144.24881249383543
P07T17,Neck,795.956,317.811,0.0,0.0,1081.95,643.089,14.0,329.31509650458236,130.47714940750848
P07T17,Other,825.299,353.107,0.0,0.0,0.0,0.0,17.0,876.2550621156886,78.02883838323355
P07T17,Neck,854.723,415.818,0.0,0.0,0.0,0.0,17.0,876.2203976153462,77.88057529478444
P07T17,Other,858.578,513.776,0.0,0.0,0.0,0.0,18.0,237.44384913930662,96.73155945088808
P07T17,Other,858.603,570.563,0.0,0.0,0.0,0.0,17.0,883.2613632454303,72.83094493392126
P07T17,Other,868.3,560.808,0.0,0.0,0.0,0.0,17.0,288.87594732305763,103.41593156621141
P07T17,Other,903.681,541.228,0.0,0.0,0.0,0.0,16.0,100.33281609473636,23.691470675851303
P07T17,Other,946.796,588.291,0.0,0.0,0.0,0.0,18.0,877.7738099868045,74.72227316184402
P07T17,Other,962.498,670.535,0.0,0.0,0.0,0.0,18.0,222.91334223809758,41.57378251268618
P07T17,Other,966.339,692.087,0.0,0.0,0.0,0.0,19.0,876.3703957125429,71.69072618257819
P07T17,Other,950.683,692.075,0.0,0.0,0.0,0.0,18.0,876.2494655766889,70.87989134452481
P07T17,Other,931.021,648.998,0.0,0.0,0.0,0.0,17.0,-128000.0,-72000.0
P07T17,Other,956.539,635.326,0.0,0.0,0.0,0.0,19.0,875.2591990356389,67.43759109036647
P07T17,Other,1011.46,556.893,0.0,0.0,0.0,0.0,17.0,-128000.0,-72000.0
P07T17,Other,1019.27,449.16,0.0,0.0,0.0,0.0,17.0,865.6529921311876,76.412547036713
P07T17,Nose,1023.18,413.91,0.0,0.0,0.0,0.0,17.0,-128000.0,-72000.0
P07T17,Neck,1036.9,400.126,0.0,0.0,0.0,0.0,17.0,73.2198681605969,222.14696598904453
P07T17,Other,993.742,411.889,0.0,0.0,0.0,0.0,17.0,872.7090376515648,70.96352612996967
P07T17,Other,960.469,408.012,0.0,0.0,0.0,0.0,17.0,101.86150410086248,264.14478355905936
P07T17,Other,964.354,447.232,0.0,0.0,0.0,0.0,17.0,867.6456352126298,68.32441974726818
P07T17,Other,970.291,478.559,0.0,0.0,0.0,0.0,17.0,4347.944804574492,440.124722841367
P07T17,Other,980.135,490.294,0.0,0.0,0.0,0.0,16.0,860.5708715223827,71.94614663519873
P07T17,Other,993.849,523.634,0.0,0.0,0.0,0.0,16.0,20.614624839416365,475.569808089204
P07T17,Other,989.88,560.799,0.0,0.0,0.0,0.0,16.0,865.0378845366172,66.82309603323883
P07T17,Other,980.096,605.888,0.0,0.0,0.0,0.0,19.0,126.545830516254,690.4070750118934
P07T17,Other,950.73,635.26,0.0,0.0,0.0,0.0,17.0,864.1071136684375,69.06226665937834
P07T17,Other,nan,nan,nan,nan,nan,nan,nan,1196.601343432535,28.365908846379643
P07T17,Other,nan,nan,nan,nan,nan,nan,nan,864.0763049433976,68.92471322423901
P07T17,Other,nan,nan,nan,nan,nan,nan,nan,1124.7048050167791,-96.45839370458312
P07T17,Other,nan,nan,nan,nan,nan,nan,nan,750.1278833517126,108.0461446363553
P07T17,Other,nan,nan,nan,nan,nan,nan,nan,868.7995838531866,64.7137876036198
P07T17,Other,nan,nan,nan,nan,nan,nan,nan,128000.0,-72000.0
P07T17,Other,nan,nan,nan,nan,nan,nan,nan,749.8265468559226,108.04577399450577
P07T17,Other,nan,nan,nan,nan,nan,nan,nan,859.140239691621,69.62039736505436
P07T17,Other,nan,nan,nan,nan,nan,nan,nan,858.930189702508,68.75790280256703
P07T17,Other,1185.81,523.518,0.0,0.0,1130.89,668.544,13.0,128000.0,-72000.0
P07T17,Other,nan,nan,nan,nan,nan,nan,nan,749.0541770295561,107.6773747558684
P07T17,Other,844.86,619.661,0.0,0.0,0.0,0.0,21.0,862.0710690139681,67.90851503284401
P07T17,Other,899.772,525.621,0.0,0.0,0.0,0.0,17.0,-128000.0,72000.0
P07T17,Other,954.57,460.871,0.0,0.0,0.0,0.0,15.0,749.2000233811484,107.06374856233376
P07T17,Neck,985.934,388.416,0.0,0.0,1009.43,715.624,14.0,978.1473111640246,-143.2295145761209
P07T17,Neck,997.714,317.822,744.971,715.586,1183.76,605.855,11.0,747.5424143829503,106.24019442872735
P07T17,Neck,995.71,276.702,699.908,650.906,1199.49,556.899,10.0,860.8380729977271,70.87868824027963
P07T17,Other,989.852,274.783,692.09,652.887,0.0,0.0,11.0,-6148.962823751199,14687.271126960404
P07T17,LElbow,989.887,286.484,709.72,682.282,0.0,0.0,11.0,860.7436546465534,70.4049697304879
P07T17,LElbow,987.885,308.056,729.313,715.611,1040.79,584.273,10.0,747.7355847680809,105.66869915223036
P07T17,Other,972.23,323.733,0.0,0.0,0.0,0.0,12.0,984.3477974657663,-158.74850731236143
P07T17,Other,958.511,323.807,0.0,0.0,1168.1,594.143,14.0,747.786998408797,105.06187856867359
P07T17,Other,940.905,337.447,0.0,0.0,1166.13,590.224,14.0,128000.0,-72000.0
P07T17,Other,919.298,351.204,0.0,0.0,1183.81,645.049,14.0,746.5183057311615,105.46810253428104
P07T17,Other,901.651,368.826,0.0,0.0,1215.14,682.245,14.0,928.4442383066494,-217.23754341603527
P07T17,Other,884.119,384.447,0.0,0.0,0.0,0.0,15.0,746.2035643149827,106.17803524391002
P07T17,Other,868.361,400.164,0.0,0.0,0.0,0.0,15.0,959.0673771644884,-204.6528656782766
P07T17,Neck,848.821,407.969,0.0,0.0,1217.12,688.156,14.0,746.5454675210517,105.73119390815563
P07T17,Other,827.241,404.055,0.0,0.0,1217.11,680.312,14.0,968.7932505306017,-202.67257622183905
P07T17,Other,809.671,398.111,0.0,0.0,1215.17,674.434,14.0,745.6391057563774,106.3569825425617
P07T17,Neck,803.698,390.377,0.0,0.0,1132.85,590.182,14.0,1033.7968334851575,-120.42716452834428
P07T17,Neck,789.946,392.302,0.0,0.0,1211.22,684.271,14.0,745.9705466865469,106.27882996599746
P07T17,Neck,772.397,394.306,0.0,0.0,1121.17,601.934,14.0,869.3120114177947,-142.02350368708585
P07T17,Neck,752.786,396.204,0.0,0.0,0.0,0.0,15.0,744.5481902362405,114.14827104719942
P07T17,Neck,741.08,398.124,0.0,0.0,0.0,0.0,15.0,-103127.0015223934,72000.0
P07T17,Other,727.398,400.187,0.0,0.0,0.0,0.0,16.0,741.811561456349,130.07348892303128
P07T17,Other,711.572,398.272,0.0,0.0,0.0,0.0,16.0,1423.720599506857,-3538.117945081783
P07T17,Other,1011.46,268.881,1015.35,319.827,1027.17,327.685,1.0,725.89458419169,170.2519127800104
P07T17,Neck,670.546,400.218,0.0,0.0,0.0,0.0,17.0,128000.0,-72000.0
P07T17,Neck,648.926,415.86,0.0,0.0,0.0,0.0,17.0,718.4772389085404,220.12960384881944
P07T17,MidHip,960.452,243.483,972.184,288.45,978.087,304.119,0.0,128000.0,-72000.0
P07T17,Other,944.768,241.447,954.585,276.728,960.465,304.076,0.0,709.2671359349115,253.78817994497376
P07T17,Other,1140.76,223.857,1134.78,288.546,1166.17,288.415,5.0,128000.0,-72000.0
P07T17,RElbow,899.758,243.403,915.367,290.467,931.008,304.103,0.0,710.1098050289745,286.3158743854179
P07T17,Nose,474.592,443.223,0.0,0.0,0.0,0.0,18.0,128000.0,-72000.0
P07T17,Other,380.526,478.569,0.0,0.0,0.0,0.0,17.0,707.1400095477657,293.1520875368019
P07T17,Neck,319.861,476.522,0.0,0.0,0.0,0.0,18.0,128000.0,-72000.0
P07T17,Nose,212.113,427.529,0.0,0.0,0.0,0.0,17.0,710.50882258665,285.09874086776574
P07T17,Other,110.234,419.775,0.0,0.0,0.0,0.0,17.0,128000.0,-72000.0
P07T17,Neck,116.137,437.405,0.0,0.0,0.0,0.0,18.0,709.2064694335297,282.3869592815811
P07T17,Other,212.084,419.745,0.0,0.0,0.0,0.0,18.0,128000.0,-72000.0
P07T17,RElbow,713.628,257.07,715.61,325.691,756.695,319.842,6.0,706.7884450646956,282.878216293293
P07T17,RElbow,723.437,259.194,725.344,321.887,758.66,319.88,10.0,706.67601210371,283.38736988031417
P07T17,Neck,460.841,370.805,558.864,715.62,882.116,478.469,11.0,128000.0,-72000.0
P07T17,Other,525.518,333.558,576.504,715.631,917.395,433.484,10.0,708.1816644729811,283.7493073321876
P07T17,Other,580.38,308.15,603.907,697.937,948.731,433.495,10.0,128000.0,-72000.0
P07T17,Other,664.628,325.723,513.787,688.175,1029.07,527.524,11.0,708.1668222671271,282.47912097511744
P07T17,MidHip,731.269,339.496,431.509,684.25,1015.34,505.962,11.0,128000.0,-72000.0
P07T17,Neck,760.718,368.863,0.0,0.0,0.0,0.0,15.0,707.2868008421727,281.3853656333289
P07T17,Other,813.542,451.099,0.0,0.0,0.0,0.0,18.0,128000.0,-72000.0
P07T17,Other,817.432,545.155,0.0,0.0,0.0,0.0,16.0,707.2735756365972,282.2017303436738
P07T17,Other,380.606,366.794,388.398,406.023,404.065,413.876,0.0,128000.0,-72000.0
P07T17,Other,366.915,345.272,378.606,394.27,390.374,398.245,1.0,706.9454242238113,280.62998119926294
P07T17,Other,341.364,308.133,351.116,355.128,366.907,353.19,1.0,128000.0,-72000.0
P07T17,Other,0.0,0.0,0.0,0.0,447.181,429.538,15.0,706.6585886921873,281.27891716782824
P07T17,Other,319.823,343.335,321.774,386.486,335.5,396.272,1.0,128000.0,-72000.0
P07T17,Other,521.603,288.5,509.826,341.389,523.604,339.419,6.0,706.632936278922,280.98973541947555
P07T17,Other,337.469,321.849,366.811,384.534,374.695,386.471,0.0,128000.0,-72000.0
P07T17,Other,400.197,378.586,415.856,441.265,429.529,435.418,1.0,706.1228127237619,281.99114090031054
P07T17,Other,431.573,384.436,443.292,447.176,449.128,447.222,1.0,128000.0,-72000.0
P07T17,Other,415.76,380.504,415.862,411.893,433.457,443.206,1.0,705.7080565981363,283.1508612192127
P07T17,Other,409.916,366.856,421.692,429.58,431.437,427.597,1.0,128000.0,-72000.0
P07T17,Other,382.462,339.501,396.176,398.256,402.107,398.245,1.0,706.0754378798074,283.318388901317
P07T17,Other,353.146,300.205,364.91,359.041,382.458,360.967,1.0,128000.0,-72000.0
P07T17,Other,319.8,272.845,325.706,321.824,337.396,321.847,1.0,705.3787014375474,283.8933135239309
P07T17,Other,286.555,239.516,290.464,288.552,306.153,292.385,1.0,128000.0,-72000.0
P07T17,Other,255.223,208.095,253.237,229.711,274.839,257.17,1.0,704.1159841355154,283.32202849012566
P07T17,Other,229.741,180.854,239.491,255.177,259.097,249.295,1.0,128000.0,-72000.0
P07T17,Other,474.644,163.107,460.925,225.807,492.226,227.786,0.0,703.6922354041301,284.44638082991685
P07T17,Other,235.589,180.785,241.364,229.699,257.069,237.569,1.0,128000.0,-72000.0
P07T17,Other,247.387,178.828,253.243,212.018,278.674,243.436,1.0,702.4530903808115,284.86213342110904
P07T17,Other,272.77,176.786,274.823,225.806,294.376,225.731,1.0,128000.0,-72000.0
P07T17,Other,539.179,145.426,521.657,204.231,541.313,204.252,0.0,702.4892715104248,285.2275647394865
P07T17,Other,556.811,149.45,543.15,210.207,0.0,0.0,1.0,128000.0,-72000.0
P07T17,Other,570.572,147.379,554.912,202.285,570.592,176.81,0.0,702.0868726731785,284.83194782086827
P07T17,Other,596.061,131.754,584.281,182.698,598.035,180.784,0.0,128000.0,-72000.0
P07T17,Other,366.92,104.412,368.749,133.77,388.396,172.865,1.0,701.687221049242,285.3916106167405
P07T17,Other,727.288,102.402,696.03,149.311,713.609,147.482,0.0,128000.0,-72000.0
P07T17,Other,746.894,82.805,721.464,131.716,772.377,137.654,5.0,702.3455334742564,285.454799416625
P07T17,LKnee,790.085,71.0643,764.543,114.106,784.176,116.053,2.0,128000.0,-72000.0
P07T17,Other,574.556,5.34301,572.496,37.664,599.93,68.9828,1.0,128000.0,-72000.0
P07T17,Other,876.216,59.2792,854.642,100.337,909.526,116.06,2.0,701.8078170963684,286.7250831207543
P07T17,Other,0.0,0.0,692.08,22.0508,699.921,22.0037,5.0,128000.0,-72000.0
P07T17,Other,0.0,0.0,774.373,29.8733,788.083,27.9474,5.0,700.0326564719791,286.30007667335036
P07T17,Other,1050.62,72.9532,1032.93,116.141,1044.69,116.127,0.0,128000.0,-72000.0
P07T17,Other,1080.02,84.6726,1064.33,118.11,1072.09,116.126,5.0,699.3893492826742,288.1100178814165
P07T17,Other,1109.35,82.7221,1089.74,110.239,1103.4,110.228,11.0,128000.0,-72000.0
P07T17,Other,1130.88,63.2221,1113.28,92.5554,1119.18,90.6553,3.0,699.5388186309798,288.05581339835754
P07T17,Other,1152.5,63.1737,1134.86,96.4546,1140.72,96.5044,3.0,128000.0,-72000.0
P07T17,Other,1166.23,51.4579,1152.44,70.9999,1158.34,73.043,11.0,697.5357297035432,287.8577904359465
P07T17,Other,0.0,0.0,0.0,0.0,0.0,0.0,12.0,128000.0,-72000.0
P07T17,Other,0.0,0.0,0.0,0.0,0.0,0.0,20.0,696.4532550662494,287.7635933945013
P07T17,Other,nan,nan,nan,nan,nan,nan,nan,128000.0,-72000.0
P07T17,Other,nan,nan,nan,nan,nan,nan,nan,697.8188884390011,289.330342736428
P07T17,Other,nan,nan,nan,nan,nan,nan,nan,128000.0,-72000.0
P07T17,Other,nan,nan,nan,nan,nan,nan,nan,696.7051166698093,290.99163113982553
P07T17,Other,nan,nan,nan,nan,nan,nan,nan,128000.0,-72000.0
P07T17,Other,0.0,0.0,0.0,0.0,0.0,0.0,20.0,697.0270226874454,290.4074832744773
P07T17,Other,nan,nan,nan,nan,nan,nan,nan,128000.0,-72000.0
P07T17,Other,0.0,0.0,0.0,0.0,0.0,0.0,21.0,694.939061544706,291.3399659343246
P07T17,Other,nan,nan,nan,nan,nan,nan,nan,128000.0,-72000.0
P07T17,Other,0.0,0.0,0.0,0.0,0.0,0.0,20.0,695.458629915563,291.66727039395175
P07T17,Other,0.0,0.0,0.0,0.0,0.0,0.0,20.0,128000.0,-72000.0
P07T17,Other,0.0,0.0,0.0,0.0,0.0,0.0,20.0,695.253315679438,292.61897460867766
P07T17,Other,0.0,0.0,0.0,0.0,0.0,0.0,20.0,128000.0,-72000.0
P07T17,Other,0.0,0.0,0.0,0.0,0.0,0.0,20.0,694.1747406836448,292.73719262273215
P07T17,Other,0.0,0.0,0.0,0.0,0.0,0.0,20.0,128000.0,-72000.0
P07T17,Other,0.0,0.0,0.0,0.0,0.0,0.0,20.0,694.6322496270441,293.70034569414605
P07T17,Other,0.0,0.0,0.0,0.0,0.0,0.0,20.0,128000.0,-72000.0
P07T17,Other,0.0,0.0,0.0,0.0,0.0,0.0,20.0,128000.0,-72000.0
P07T17,Other,0.0,0.0,0.0,0.0,0.0,0.0,20.0,128000.0,-72000.0
P07T17,LKnee,0.0,0.0,0.0,0.0,0.0,0.0,20.0,128000.0,-72000.0
P07T17,Other,0.0,0.0,0.0,0.0,0.0,0.0,20.0,128000.0,-72000.0
P07T17,LKnee,0.0,0.0,0.0,0.0,0.0,0.0,20.0,128000.0,-72000.0
P07T17,Other,0.0,0.0,0.0,0.0,0.0,0.0,20.0,128000.0,-72000.0
P07T17,Other,0.0,0.0,0.0,0.0,0.0,0.0,19.0,128000.0,-72000.0
P07T17,Other,0.0,0.0,0.0,0.0,0.0,0.0,20.0,128000.0,-72000.0
P07T17,Other,0.0,0.0,0.0,0.0,0.0,0.0,12.0,128000.0,-72000.0
P07T17,Other,0.0,0.0,0.0,0.0,0.0,0.0,12.0,128000.0,-72000.0
P07T17,Other,0.0,0.0,0.0,0.0,0.0,0.0,8.0,128000.0,-72000.0
P07T17,Other,1036.87,5.3704,1036.89,35.7013,1038.83,35.7543,0.0,128000.0,-72000.0
P07T17,Other,0.0,0.0,784.148,39.6849,803.771,37.6506,5.0,128000.0,-72000.0
P07T17,Other,1027.14,24.0499,1027.03,57.3101,1027.09,63.2081,3.0,128000.0,-72000.0
P07T17,MidHip,1025.1,39.7547,1025.07,86.6737,1025.15,80.7868,10.0,128000.0,-72000.0
P07T17,RKnee,758.64,33.8271,760.735,104.323,778.289,100.427,1.0,128000.0,-72000.0
P07T17,RKnee,756.695,61.2129,758.643,133.738,776.245,131.689,1.0,128000.0,-72000.0
P07T17,Other,758.599,88.6536,760.635,163.005,776.263,161.081,1.0,128000.0,-72000.0
P07T17,Other,756.736,117.987,760.627,182.686,778.302,180.713,1.0,663.0673133531329,357.2394536158521
P07T17,Other,756.73,135.714,760.588,210.036,778.238,204.274,1.0,662.6179554532614,357.28464821017894
P07T17,Other,758.76,163.103,762.638,227.857,786.133,225.851,1.0,128000.0,-72000.0
P07T17,Other,762.682,180.732,770.408,255.184,791.92,251.294,1.0,662.9068964225756,357.5541154012186
P07T17,Other,772.332,210.069,774.269,274.823,792.051,274.704,1.0,662.4678907890693,358.06944969307114
P07T17,Other,776.262,225.871,776.283,292.376,803.677,290.399,1.0,128000.0,-72000.0
P07T17,Other,782.221,241.528,786.09,306.196,805.641,304.163,1.0,661.4309200848097,357.97565011228795
P07T17,Other,1046.71,294.372,1040.87,337.452,1042.82,337.503,1.0,661.684144527244,357.68582783233546
P07T17,Other,792.027,259.054,791.969,323.756,815.485,321.763,1.0,128000.0,-72000.0
P07T17,Other,803.719,264.947,801.774,333.488,821.314,325.724,1.0,660.3392659155886,358.3892503458824
P07T17,Other,807.7,264.994,805.766,333.534,829.244,333.504,1.0,660.5704626478024,358.8206697939953
P07T17,Other,813.528,259.149,811.63,325.69,837.001,323.828,1.0,128000.0,-72000.0
