P07T24,Other,674.428,118.133,619.535,319.877,772.372,290.512,0.0,384.4880228091007,-219.4462433664276
P07T24,Other,678.325,145.418,613.707,343.363,766.552,319.898,0.0,793.9051096138434,-228.47244131164584
P07T24,Other,678.384,176.768,598.029,372.78,762.642,357.096,0.0,390.1372664895862,-216.6128791060619
P07T24,Other,678.381,215.99,572.655,419.756,760.608,398.173,0.0,819.8022472396465,-189.40026848880225
P07T24,Other,674.407,268.889,562.754,464.832,744.898,456.98,8.0,480.90335635513605,-107.47756047714672
P07T24,Other,664.654,317.831,543.206,500.081,723.416,509.9,8.0,817.2690544165982,-187.14657125955594
P07T24,Other,654.835,355.119,533.397,535.315,701.87,554.894,8.0,483.44382093936696,-123.7513547199519
P07T24,Other,648.97,384.539,525.529,556.829,686.225,584.266,9.0,824.6515191568201,-179.68672783936657
P07T24,Other,647.039,406.04,523.583,568.636,684.253,599.962,10.0,825.5144675405301,-180.47901856463704
P07T24,Other,648.917,421.684,523.573,580.432,674.43,619.565,10.0,484.73572543206194,-103.24283593757383
P07T24,Other,648.957,431.608,523.611,588.186,668.567,629.345,10.0,513.7687615968816,-143.12387669632682
P07T24,Other,648.955,445.122,521.592,596.074,668.622,633.28,10.0,824.6647868491162,-148.7530363095208
P07T24,Other,648.938,454.987,513.794,599.988,662.689,639.178,10.0,824.1450687150304,-145.14965506416618
P07T24,Other,647.001,460.915,509.891,602.029,652.896,649.013,10.0,503.44959464247154,-85.80801829264007
P07T24,Other,645.018,462.88,509.805,603.995,652.914,648.922,10.0,825.6529331926904,-145.2898030578569
P07T24,Other,641.138,464.79,507.973,605.848,650.863,650.99,10.0,513.3500178178746,10.600954308605157
P07T24,Other,641.114,462.825,509.84,605.929,650.878,650.961,10.0,827.0087209193427,-144.9206878182597
P07T24,Other,637.196,460.873,509.908,609.767,650.962,650.938,10.0,517.4153518246882,-57.24396486080057
P07T24,Other,637.297,457.006,509.804,607.819,662.708,646.998,10.0,856.7708637396815,-121.93586393931227
P07T24,Other,637.282,455.028,513.802,611.733,664.657,646.941,10.0,523.8457614262205,-31.654658458971525
P07T24,Other,641.116,447.229,521.573,617.66,676.403,637.287,10.0,854.1251991641464,-116.96730258150266
P07T24,Other,645.032,441.316,541.279,615.606,696.022,629.372,9.0,531.7685432366625,-9.332511685359108
P07T24,Other,647.052,437.362,552.912,619.677,697.916,633.327,10.0,889.5344983833193,-139.0624161142396
P07T24,Other,649.036,431.553,554.867,619.623,705.816,633.317,9.0,541.275712737803,26.810085675094562
P07T24,Other,650.961,431.587,558.848,621.541,739.089,621.578,10.0,818.5651797217874,-139.64078122598906
P07T24,Other,652.87,431.503,566.701,627.424,719.487,625.474,10.0,570.5443258324179,134.61636621332943
P07T24,Other,652.897,429.593,570.648,623.524,727.257,619.625,10.0,839.9077658878198,-154.53265229255842
P07T24,Other,651.033,429.511,572.628,623.478,731.294,617.643,10.0,636.5710311607938,291.7124866903105
P07T24,Other,652.853,429.513,586.203,631.37,743.038,605.903,10.0,832.0318734904764,-128.8169994659127
P07T24,Other,645.056,429.633,605.883,629.356,764.605,590.228,10.0,579.3657970942771,135.6805917576064
P07T24,Other,641.102,429.582,609.797,633.236,762.608,594.094,10.0,834.0367100265236,-130.29878716928357
P07T24,Other,637.252,429.57,607.871,631.279,774.409,590.253,10.0,1311.0377932565139,478.1256500883684
P07T24,Other,635.292,429.55,604.008,625.482,772.378,592.154,10.0,855.3272567681724,-163.0868777976122
P07T24,Other,633.267,417.84,592.143,615.647,741.041,588.254,10.0,1311.0377932565139,478.1256500883684
P07T24,Other,633.285,415.798,588.261,611.767,742.967,580.424,10.0,855.2270148341372,-160.251563187372
P07T24,Other,633.26,413.817,586.296,607.81,737.101,582.37,10.0,651.7728328925475,318.66763449666865
P07T24,Other,633.236,411.857,582.331,605.831,729.328,586.231,10.0,856.7665547707886,-160.1028944859865
P07T24,Other,633.268,406.042,570.623,601.906,725.401,586.28,10.0,687.3923566889052,399.26095087632916
P07T24,Other,633.351,406.029,570.525,601.883,725.398,586.276,10.0,885.746938205549,-163.7204394417134
P07T24,Other,635.208,404.079,568.637,600.02,721.424,590.238,10.0,875.0950588842702,697.1655228954843
P07T24,Other,635.271,404.09,570.526,598.024,717.546,596.083,10.0,883.5053401575171,-157.4800033862876
P07T24,Other,635.349,404.073,554.898,590.166,713.607,599.921,10.0,901.5821770490995,747.8619778722593
P07T24,Other,637.25,406.074,545.185,588.278,713.69,597.989,10.0,885.4790430068197,-157.765883097951
P07T24,Other,639.167,409.923,552.994,590.163,709.717,599.953,10.0,959.543101264717,842.8542545182992
P07T24,Other,639.202,409.917,554.878,590.23,709.651,600.007,10.0,869.3278877316005,-182.700809339535
P07T24,Other,639.202,409.924,554.835,590.242,711.581,598.066,10.0,922.0853516160673,794.9794994755913
P07T24,Other,639.177,408.006,554.886,590.191,711.586,599.956,10.0,928.4004441174062,-167.78416371626366
P07T24,Other,637.264,402.177,554.97,588.259,717.556,590.227,10.0,988.1890055127983,904.9222006388803
P07T24,Other,637.274,402.114,556.944,590.183,717.559,594.129,10.0,918.3997687299045,-171.5564003424611
P07T24,Other,639.162,400.24,556.907,588.311,715.632,594.118,10.0,863.4189315710373,797.2023347032738
P07T24,Other,639.164,400.193,560.852,588.293,717.575,594.14,10.0,919.5044509194735,-165.56354579315095
P07T24,Other,639.189,400.161,562.798,588.332,727.313,590.213,10.0,944.7419473769239,949.0279324751986
P07T24,Other,639.172,400.1,564.705,590.239,729.35,590.175,10.0,905.435652722846,-139.49158898396055
P07T24,Other,637.295,398.288,568.599,596.085,727.359,590.236,10.0,1311.0377932565139,478.1256500883684
P07T24,Other,637.236,398.252,566.647,597.989,725.35,592.147,10.0,914.9387164650436,-132.52450185276214
P07T24,Other,637.205,398.224,566.675,598.029,729.249,588.266,10.0,1138.101375728365,1314.5312254177065
P07T24,Other,635.346,398.114,566.66,599.977,729.231,588.226,10.0,929.9137890415957,-179.12974579987318
P07T24,Other,635.325,396.278,556.941,599.935,735.187,594.131,10.0,1311.0377932565139,478.1256500883684
P07T24,Other,635.322,398.093,527.54,596.088,754.712,590.244,10.0,935.8795826720786,-192.13657494430007
P07T24,Other,635.276,398.115,525.599,580.429,772.427,584.28,10.0,1311.0377932565139,478.1256500883684
P07T24,Other,635.246,398.13,511.807,586.292,786.075,596.055,10.0,984.4142740775108,-116.14099729069406
P07T24,Other,635.197,398.151,500.055,578.412,799.791,584.286,10.0,1311.0377932565139,478.1256500883684
P07T24,Other,635.178,398.165,525.561,582.387,791.975,574.495,10.0,983.307585440099,-121.81684873264844
P07T24,Other,635.18,398.181,541.227,588.19,768.464,570.573,10.0,1311.0377932565139,478.1256500883684
P07T24,Other,633.377,398.176,533.352,598.006,731.3,558.896,10.0,168.60544835072682,620.441056882441
P07T24,Other,633.317,398.182,580.393,551.007,697.918,556.809,10.0,1311.0377932565139,478.1256500883684
P07T24,Other,633.258,398.151,611.776,547.081,664.584,545.125,10.0,168.60544835072682,620.441056882441
P07T24,Other,633.207,396.279,607.858,541.234,664.622,541.214,10.0,383.4353939658366,-60.620524605225356
P07T24,Other,631.376,396.229,601.964,549.071,666.62,545.137,10.0,168.60544835072682,620.441056882441
P07T24,Other,631.342,396.217,601.926,556.835,668.593,553.006,10.0,382.73652316554023,-27.291468638791425
P07T24,Other,631.326,396.239,588.316,564.757,680.308,562.809,10.0,168.60544835072682,620.441056882441
P07T24,Other,629.406,396.229,578.429,586.198,684.255,582.361,10.0,380.91475176754267,-34.22630093294808
P07T24,Other,631.272,398.113,570.612,621.545,717.573,601.992,10.0,379.6760828182556,-30.4322509751605
P07T24,Other,629.409,398.118,554.9,625.471,729.363,615.622,10.0,168.60544835072682,620.441056882441
P07T24,Other,629.345,398.11,541.286,635.263,743.044,611.764,10.0,378.4115639520462,-27.22947901416502
P07T24,Other,627.382,398.107,539.197,646.966,746.906,633.332,10.0,168.60544835072682,620.441056882441
P07T24,Other,623.49,398.104,527.506,648.99,756.679,633.272,10.0,421.0600061780599,3.7093879955284237
P07T24,Other,619.569,398.184,521.651,625.432,756.662,623.507,10.0,168.60544835072682,620.441056882441
P07T24,MidHip,617.636,398.225,515.78,615.609,752.775,619.657,10.0,399.35306550118156,1.147089678951465
P07T24,MidHip,615.701,398.252,515.737,603.892,752.803,603.892,10.0,614.4615402814312,167.69229134958482
P07T24,Other,613.672,400.098,515.766,598.02,750.815,605.894,10.0,391.56013146774103,7.0582328317412815
P07T24,MidHip,611.71,400.107,525.503,599.983,758.693,609.774,10.0,616.5424468063713,169.0971771888389
P07T24,Other,605.852,400.092,509.853,601.881,744.997,599.972,10.0,390.6998230461567,3.0987332224268456
P07T24,Other,603.903,400.103,502.02,603.891,745.02,603.905,10.0,613.1362756624058,174.63577953251252
P07T24,MidHip,602.032,398.27,496.239,605.884,739.109,601.88,10.0,381.46987881553633,9.32094150114767
P07T24,MidHip,601.941,398.231,496.15,615.601,731.227,601.962,10.0,611.7938109106587,174.96377762114022
P07T24,Other,601.875,398.238,492.281,617.669,727.315,605.843,10.0,381.022894126276,12.848501348951151
P07T24,Other,600.008,398.212,492.139,619.65,721.489,617.574,10.0,612.1834153855297,174.34914522720112
P07T24,Other,599.973,398.184,486.328,627.44,721.442,621.586,10.0,379.37060480167213,9.051562646555489
P07T24,MidHip,599.918,398.135,490.243,637.262,711.686,631.303,10.0,609.4903113633204,180.31794633919836
P07T24,MidHip,598.051,398.125,492.129,643.112,707.729,633.349,10.0,377.6068167482323,6.303890799831305
P07T24,Other,598.041,396.282,494.124,635.32,697.984,633.217,10.0,611.7602318719761,168.7332396658211
P07T24,Other,599.932,396.237,498.111,633.336,695.966,625.456,10.0,376.6437315323304,9.999309444400541
P07T24,Other,601.855,396.201,507.836,633.324,688.158,621.522,10.0,611.3674242388934,165.90190100922223
P07T24,Other,601.986,396.18,511.91,633.24,682.275,617.66,10.0,367.3165252092333,15.57932294265548
P07T24,Other,603.94,394.275,523.573,629.38,682.21,607.806,10.0,610.0325584763615,162.9051149595716
P07T24,MidHip,607.825,390.385,529.435,623.498,678.337,611.781,10.0,358.6332426928115,21.004074437229374
P07T24,MidHip,615.635,394.241,539.214,619.627,680.216,611.78,10.0,609.0239273341591,162.37656612145497
P07T24,MidHip,617.675,394.232,549.027,629.34,680.228,617.636,10.0,349.8818122621779,26.548175757495656
P07T24,Other,621.577,388.421,556.866,631.358,690.099,615.699,10.0,608.8776957271115,161.33405016017971
P07T24,Other,631.292,390.394,560.846,637.218,697.913,619.585,10.0,355.73475902674096,5.6587177964688795
P07T24,Other,635.187,388.413,566.697,633.279,711.648,617.681,10.0,607.4463623429484,159.16441904043035
P07T24,MidHip,639.22,386.472,570.566,633.352,729.26,619.621,10.0,345.7838494326061,13.091053588961099
P07T24,Other,651.041,386.484,574.519,650.967,758.702,623.532,10.0,607.2370681522405,157.3788694764812
P07T24,Other,660.714,388.437,572.647,645.038,774.383,633.343,10.0,344.9410826620856,16.396096210562774
P07T24,Other,664.673,388.446,572.63,639.167,789.976,629.398,10.0,605.5993564771741,156.218949683637
P07T24,Other,666.644,388.422,572.613,641.129,795.898,619.592,10.0,343.4440234544564,19.878792162054204
P07T24,Other,672.519,386.529,572.642,637.252,807.612,615.651,10.0,605.1463768341341,154.57852253391067
P07T24,Other,680.207,388.399,574.553,635.228,815.494,607.858,10.0,349.04245887449,6.497910080616105
P07T24,MidHip,682.212,386.478,576.464,627.391,823.326,603.926,10.0,604.2138212603616,152.96899280711736
P07T24,MidHip,684.245,386.423,578.459,621.552,825.318,601.889,10.0,346.6298994045842,3.7440937699083054
P07T24,Other,690.08,386.426,582.325,619.571,829.241,601.873,10.0,603.0164586003037,152.40625557754663
P07T24,Other,693.992,386.434,586.283,619.577,833.112,599.933,10.0,375.754048818457,-29.7552034767973
P07T24,Other,696.005,384.582,588.189,615.66,836.941,590.179,10.0,601.9771606402659,151.583316924796
P07T24,MidHip,697.924,384.522,598.044,631.343,835.089,594.146,10.0,372.11450573932154,-24.00299328402088
P07T24,MidHip,699.925,384.481,603.904,631.346,835.036,599.93,10.0,602.335709409622,150.88178749716923
P07T24,MidHip,705.78,384.507,607.805,633.358,829.226,599.951,10.0,599.844290884286,149.40799150675355
P07T24,Other,709.658,384.446,615.617,631.373,825.286,601.977,10.0,362.4278543981077,-17.91128525929674
P07T24,Other,711.588,384.452,617.581,635.343,823.357,609.807,10.0,600.7280694739275,149.1154241242657
P07T24,MidHip,711.722,384.463,619.571,637.214,821.329,607.853,10.0,393.0861195943778,-44.947397000082944
P07T24,Other,713.556,384.456,619.555,637.255,819.344,607.876,10.0,600.401365262697,149.01080945372007
P07T24,Other,713.668,384.416,619.627,639.146,813.535,611.725,10.0,389.23604277629283,-47.27283052812757
P07T24,MidHip,717.514,382.595,621.524,635.194,809.687,605.868,10.0,601.1681535733875,149.25441289092544
P07T24,Other,721.456,382.521,621.526,633.348,807.738,603.948,10.0,380.2953659119998,-42.41131030674805
P07T24,Other,725.316,382.452,621.51,637.234,807.676,613.728,10.0,612.1624578742837,176.4938377943947
P07T24,MidHip,725.402,382.479,621.532,635.231,807.622,617.551,10.0,634.0717713142012,168.4719440803053
P07T24,MidHip,727.269,382.485,621.554,633.364,807.714,617.583,10.0,626.7083402024402,224.8844639451848
P07T24,Other,727.31,382.506,619.65,625.462,807.603,615.676,10.0,635.6936155117837,187.97888993953734
P07T24,MidHip,727.373,382.536,619.568,625.487,807.617,611.759,10.0,646.2594265567031,263.1079499532677
P07T24,Other,727.373,382.533,617.656,619.609,807.617,615.701,10.0,647.676667544073,218.105481938004
P07T24,Other,727.336,382.521,617.541,619.61,805.652,613.734,10.0,652.5131434322984,260.42429691550825
P07T24,Other,727.27,382.55,613.736,623.492,805.68,613.706,10.0,650.5482876860923,240.5938595941158
P07T24,Other,725.337,382.502,611.712,619.548,805.646,615.603,10.0,646.8976260960641,248.27098597545847
P07T24,Other,721.424,382.472,603.925,605.872,803.771,611.757,10.0,647.3719176321412,229.0361719802726
P07T24,Other,713.663,382.524,601.961,607.864,803.685,609.799,10.0,645.9865635364176,250.94772787108386
P07T24,Other,711.638,382.506,596.085,607.829,799.855,605.903,10.0,653.1941801872788,234.61764195600318
P07T24,Other,707.707,382.458,588.202,611.764,795.901,605.915,10.0,648.1364570166638,252.24584808599613
P07T24,Other,698.019,382.456,586.184,619.543,792.071,607.87,10.0,657.6189492920323,235.25729286265417
P07T24,Other,695.916,382.431,580.382,617.624,790.079,607.843,10.0,649.2048637076723,256.17673616310583
P07T24,Other,688.146,380.533,574.492,615.604,788.075,613.701,10.0,657.5502534884926,236.1203711748469
P07T24,Other,680.368,380.585,570.608,609.784,780.267,603.948,10.0,648.5122399282811,256.80356359485467
P07T24,Other,674.445,380.5,564.733,601.949,776.372,602.007,10.0,659.846850681992,240.0123464958095
P07T24,Other,664.736,380.586,556.986,601.935,772.434,601.973,10.0,650.7531607392344,254.5684123430607
P07T24,Other,660.718,380.58,556.825,607.831,768.475,605.85,10.0,661.0164282753282,240.16658459444992
P07T24,Other,650.883,382.432,552.9,598.06,758.651,605.914,10.0,650.0094493920997,255.48313217936752
P07T24,Other,645.033,382.436,541.25,594.105,754.742,605.93,10.0,662.5987369971552,237.84520171502993
P07T24,Other,635.306,382.484,537.323,590.172,746.947,603.879,10.0,651.5500768240622,255.38090514273554
P07T24,Other,631.344,382.491,533.361,588.253,744.934,600.007,10.0,663.2190740291207,237.64539776616186
P07T24,Other,621.567,382.517,525.552,586.231,731.273,601.868,8.0,651.8662815438315,255.4920799071495
P07T24,Other,617.639,382.555,525.54,592.142,719.522,603.917,10.0,666.5725004977935,239.66365267671097
P07T24,Other,613.706,382.595,523.575,590.226,709.719,607.801,9.0,652.2401370102275,257.1688836722738
P07T24,Other,605.848,382.594,521.615,588.243,697.999,611.742,9.0,668.5785117886674,237.55659731040978
P07T24,Other,597.985,382.587,515.765,598.034,682.27,607.846,10.0,654.3821503274677,256.0863439402233
P07T24,Other,590.236,382.532,513.768,592.203,680.337,605.933,8.0,670.494276938339,238.2987283927649
P07T24,Other,588.253,382.541,513.765,588.313,680.214,607.854,10.0,655.7183263898075,256.41699405867985
P07T24,Other,586.333,382.535,509.981,588.184,680.208,609.82,10.0,672.9294577022179,239.87060137163147
P07T24,Other,586.223,382.524,509.948,586.32,678.28,611.724,8.0,673.1646386325483,240.60303466541612
P07T24,Other,584.297,382.506,509.929,588.198,676.391,617.606,8.0,657.5088282506617,257.04897570704526
P07T24,Other,582.344,382.584,511.807,586.281,680.318,615.664,8.0,675.3189765014758,239.4545695749408
P07T24,Other,580.393,382.599,511.83,588.239,680.274,617.536,8.0,657.0301259314069,258.7868994741781
P07T24,Other,576.533,382.58,511.835,588.299,682.34,611.729,8.0,676.7422092200566,239.74421957410885
P07T24,Other,576.461,382.618,511.843,588.267,684.203,605.877,9.0,659.0978152652951,259.54358547992217
P07T24,Other,574.557,384.411,511.855,588.28,686.182,605.916,8.0,677.1980502477529,238.89549188169295
P07T24,Other,574.522,382.615,511.907,592.158,690.114,603.937,8.0,658.0782087521393,259.2803906623985
P07T24,Other,574.534,384.405,511.897,592.198,692.094,605.921,8.0,679.0030361783558,240.67165225653764
P07T24,Other,574.53,384.411,511.845,592.146,695.974,601.999,8.0,659.2159837807301,260.4537699719785
P07T24,Other,574.513,384.41,513.788,598.035,697.881,601.903,8.0,679.0754622402869,240.8258089149575
P07T24,Other,574.532,384.412,511.873,598.055,697.87,602.0,8.0,660.8533688134146,261.36730443495316
P07T24,Other,574.529,384.397,511.805,599.997,695.988,602.013,8.0,680.2533155493031,240.29146079780517
P07T24,Other,574.551,384.406,511.852,601.986,697.94,600.012,8.0,662.8730305114682,261.12281355967843
P07T24,Other,574.599,384.397,511.857,601.979,697.911,598.016,8.0,683.3401038680759,242.6668822544255
P07T24,Other,576.491,382.605,509.929,599.958,697.877,601.946,8.0,663.6258171110613,261.9058059675896
P07T24,Other,576.528,382.611,509.91,598.023,698.011,588.322,8.0,681.6359970257712,241.45618565163076
P07T24,Other,580.398,384.413,509.9,594.144,697.984,601.905,8.0,664.2176216893661,262.4922031907034
P07T24,Other,582.374,384.403,509.899,592.126,699.951,599.998,8.0,684.747130456172,243.3598102732914
P07T24,Other,584.3,384.467,511.835,603.892,703.839,599.949,8.0,666.173867832284,263.36495512341804
P07T24,Other,584.332,384.497,511.793,601.907,705.801,599.968,8.0,686.1109277196826,243.43757151931163
P07T24,Other,586.219,384.585,511.87,605.881,709.719,594.116,8.0,666.1681678804366,264.1285043905197
P07T24,Other,588.3,388.373,513.761,603.993,709.721,603.961,9.0,685.4657204877856,243.17062324627636
P07T24,Other,596.058,390.384,517.717,611.725,715.625,607.817,9.0,666.5745149846855,265.514166249446
P07T24,Other,600.001,394.244,515.772,605.927,719.492,605.845,9.0,674.4061891047882,253.44140359344027
P07T24,Other,603.898,388.447,523.638,615.652,727.297,609.814,10.0,654.6417468427862,267.4301011100353
P07T24,Other,607.878,386.518,525.594,611.777,729.221,599.939,10.0,655.2808120996924,268.45226915892755
P07T24,Other,615.645,388.435,537.233,621.527,742.906,601.926,10.0,633.1183985295675,276.0409766359593
P07T24,Other,617.683,386.507,539.231,617.685,745.018,603.919,10.0,656.0920888251708,265.5270786266561
P07T24,Other,619.702,386.459,541.137,619.545,748.904,603.9,10.0,637.2588353091119,282.43210553548425
P07T24,Other,625.465,386.48,543.139,615.668,756.654,599.99,10.0,661.8168441933519,261.5175145441496
P07T24,Other,631.293,388.388,549.056,617.644,756.659,605.852,10.0,647.7531821915364,277.078277292946
P07T24,Other,633.272,386.484,554.874,619.603,744.884,615.655,10.0,663.0201914137815,260.7333149603161
P07T24,Other,633.381,386.473,556.813,621.529,744.908,617.607,10.0,647.5727138176347,277.5517317165131
P07T24,Other,635.371,386.434,556.962,621.558,746.902,619.682,10.0,665.1631398363904,260.7760162728548
P07T24,Other,641.141,386.446,558.893,625.438,745.077,619.52,10.0,646.8936017100268,276.8285434891713
P07T24,Other,645.041,386.472,560.838,619.618,746.995,623.477,10.0,666.5779158008279,262.49233471634227
P07T24,Other,648.868,386.448,562.749,617.647,750.875,621.61,10.0,648.7422932119682,278.990920163097
P07T24,Other,648.979,384.577,566.685,619.539,756.651,631.327,10.0,666.9982557598627,261.9155899239844
P07T24,Other,649.035,384.561,566.673,617.592,756.745,633.276,10.0,649.4334832328445,278.5352595992808
P07T24,Other,650.879,384.533,568.608,619.622,758.653,631.297,10.0,668.5789483054511,262.75034414495383
P07T24,Other,650.986,384.468,568.57,617.607,758.658,631.372,10.0,651.3859547767572,281.00255575880345
P07T24,Other,652.901,382.62,568.605,619.538,758.689,633.288,10.0,669.3079405972762,260.4415128588191
P07T24,Other,654.843,382.6,568.631,619.552,758.76,633.247,10.0,652.6853643573916,280.35339689481657
P07T24,Other,656.828,382.59,566.716,609.805,760.741,635.266,10.0,672.9372687512782,263.0903594939562
P07T24,Other,660.691,382.592,566.704,609.782,762.601,635.281,10.0,653.4588068504651,280.0630639447465
P07T24,Other,660.756,382.561,566.683,603.869,762.627,633.336,10.0,673.7947671377369,263.89618706521935
P07T24,Other,662.64,382.591,566.702,603.907,762.587,633.282,10.0,654.1866383886174,282.14729643558513
P07T24,Other,662.661,384.404,560.794,601.977,762.615,633.311,10.0,674.2035336264881,261.5118996336314
P07T24,Other,660.753,384.465,560.782,603.968,764.593,635.248,10.0,654.8961458582357,282.4938329758934
P07T24,Other,656.846,384.462,556.995,603.97,766.51,635.257,10.0,675.2254803767561,263.92241305685405
P07T24,Other,652.951,384.442,556.832,607.822,764.548,635.23,10.0,654.8191863301272,282.0612427808568
P07T24,Other,649.052,384.458,554.87,611.776,762.579,635.194,10.0,676.3044430110863,264.11375803687906
P07T24,Other,647.042,384.467,549.071,605.916,760.676,635.209,10.0,655.2514433731528,281.7913200927876
P07T24,Other,639.192,382.578,541.231,602.0,758.661,633.297,10.0,678.216796614479,265.91633050626416
P07T24,Other,633.347,382.526,537.236,607.81,756.722,633.308,10.0,655.7712403595092,284.552221928447
P07T24,Other,627.407,380.517,525.56,592.142,750.881,631.293,10.0,677.5703399945933,266.02713854832507
P07T24,Other,619.506,374.685,523.511,590.209,745.053,625.46,10.0,657.7848756228966,283.6752207965867
P07T24,Other,615.613,374.662,517.695,588.293,743.013,621.535,10.0,680.166891671713,266.21614436487766
P07T24,Other,601.917,368.882,507.893,580.387,737.092,615.68,8.0,657.2656603163064,284.95695153322066
P07T24,Other,594.103,366.839,500.075,588.24,733.243,611.78,8.0,679.4082380626548,265.65372723839914
P07T24,Other,588.3,366.766,500.059,586.326,733.258,609.808,8.0,658.3278248462843,284.34606812396686
P07T24,Other,588.246,366.777,498.101,582.346,735.147,605.916,8.0,678.7024598139508,267.38416019137986
P07T24,Other,590.276,359.011,504.007,570.583,743.026,601.965,9.0,659.2663606278046,284.2584827083123
P07T24,Other,598.013,357.11,507.845,556.9,746.966,592.175,8.0,680.1522757738733,267.91444336361536
P07T24,Other,601.882,355.094,509.839,554.878,756.67,574.504,8.0,659.6920743762862,286.04884140718906
P07T24,Other,601.91,353.058,507.927,541.249,758.585,570.672,8.0,679.9545600939655,269.2501216880102
P07T24,Other,601.952,351.088,509.844,533.378,758.724,574.588,8.0,660.6961424644,284.1331003405265
P07T24,Other,604.016,341.376,509.949,525.485,762.613,580.418,8.0,684.4331656646842,270.1037538211165
P07T24,Other,615.604,335.435,517.682,523.622,774.296,576.463,8.0,661.7943503037992,286.6866804033025
P07T24,Other,621.58,323.815,517.738,515.771,780.247,572.535,8.0,661.1249598472084,285.2153628577681
P07T24,Other,633.215,310.028,523.633,504.005,789.929,558.843,8.0,680.9780894184587,269.8437431879814
P07T24,Other,635.264,290.447,525.643,474.632,790.061,539.224,8.0,662.4631399883228,286.1225630019843
P07T24,Other,635.296,266.922,529.435,447.127,791.982,507.848,8.0,683.9802256876626,269.60085213868103
P07T24,Other,635.249,243.44,527.533,427.575,793.97,494.181,4.0,661.9078564231482,287.0018000072404
P07T24,LElbow,635.264,227.719,525.592,421.733,799.826,486.382,4.0,683.1964495094637,272.3680334765812
P07T24,Other,625.477,200.297,519.647,409.98,793.944,503.954,4.0,661.478719967299,287.5211899443874
P07T24,LElbow,621.605,196.504,507.909,404.068,791.991,505.936,8.0,682.6911141163869,271.73765732048304
P07T24,MidHip,617.525,182.769,500.11,386.465,792.04,488.3,4.0,662.333184748041,286.7977659497253
P07T24,MidHip,613.717,178.85,503.986,396.257,799.797,476.593,4.0,682.5982264434157,272.8231482191268
P07T24,MidHip,615.654,182.664,502.045,404.075,805.731,478.614,4.0,662.0614656901938,287.74855708070163
P07T24,LElbow,619.647,182.664,507.872,413.914,811.562,482.467,4.0,684.9310431538154,273.65563919044547
P07T24,LElbow,631.331,180.689,511.848,411.943,823.379,482.428,4.0,662.3426043912732,286.8782806160883
P07T24,LElbow,635.285,178.736,509.861,406.044,835.082,490.228,4.0,683.4392115623664,271.49907608592594
P07T24,MidHip,639.205,178.773,519.646,425.646,842.973,490.276,4.0,662.9436542482928,287.9683663218564
P07T24,MidHip,641.106,178.812,525.557,431.473,856.647,494.149,4.0,683.9735362392869,275.3594753617716
P07T24,LElbow,639.143,180.73,527.499,447.164,866.452,498.146,4.0,662.6148548715882,288.9931299442588
P07T24,LElbow,637.228,182.684,505.937,441.302,870.383,507.924,4.0,684.89474099263,273.7736766429107
P07T24,LElbow,635.354,184.698,521.636,451.086,874.262,509.827,4.0,663.4509983245034,289.8412730430567
P07T24,MidHip,635.305,180.813,513.798,449.159,872.339,509.866,4.0,684.2879820848838,274.31994297382715
P07T24,MidHip,635.287,178.726,517.7,441.308,884.034,502.043,4.0,663.800888953873,290.9386254095532
P07T24,LElbow,635.221,170.956,511.872,431.513,884.095,492.185,4.0,684.7266717618793,273.13041965510513
P07T24,MidHip,633.259,161.162,521.597,423.692,882.05,478.586,4.0,663.9953247317943,289.26276908548436
P07T24,MidHip,629.349,145.461,509.911,433.5,883.989,480.498,4.0,683.7634742949692,275.0915081110869
P07T24,LElbow,625.44,137.642,519.671,415.882,885.974,478.542,8.0,664.9982631607564,288.92192057819966
P07T24,MidHip,664.666,145.429,550.992,413.838,919.328,460.913,4.0,684.0216770738257,276.06612387867006
P07T24,MidHip,666.659,145.484,549.072,413.887,915.395,447.177,4.0,664.4770409341545,290.2002010957019
P07T24,MidHip,668.601,139.575,543.196,409.954,905.643,429.511,4.0,684.2913201231825,275.83074076298584
P07T24,MidHip,674.402,133.696,552.972,402.164,905.61,431.498,4.0,662.9939047254604,289.2593079135337
P07T24,MidHip,680.285,133.781,552.976,406.016,917.317,437.402,4.0,683.4514065580736,275.9182925619933
P07T24,MidHip,688.144,135.703,576.498,402.117,942.865,443.265,4.0,663.215982773223,289.99175503227906
P07T24,MidHip,701.886,131.82,588.258,406.062,980.072,435.434,4.0,683.0572819613983,274.60827852287775
P07T24,MidHip,719.525,131.75,613.696,413.801,1007.48,419.764,4.0,662.9775645505104,289.0817680078931
P07T24,MidHip,741.063,131.715,621.52,419.744,1044.75,413.85,4.0,684.5046891705454,272.20615597394675
P07T24,MidHip,750.811,127.817,631.369,423.672,1103.46,398.21,10.0,661.8342952084652,289.1132322117039
P07T24,MidHip,782.217,102.37,678.336,431.542,1170.15,482.45,4.0,680.8565034957321,272.90743945981507
P07T24,MidHip,813.524,55.3694,635.292,419.765,1119.15,507.935,12.0,662.9940043833182,290.2449705997627
P07T24,MidHip,842.9,24.0391,650.997,388.428,0.0,0.0,14.0,680.7641453863037,274.2588059782851
P07T24,LKnee,897.762,5.34355,672.502,364.885,1125.05,458.924,8.0,662.421466728173,291.0299621119185
P07T24,MidHip,884.037,5.36932,668.62,335.51,0.0,0.0,9.0,680.1959145219804,276.3064450767313
P07T24,MidHip,0.0,0.0,760.632,268.917,1097.62,409.965,14.0,661.6664489749107,290.75411429852176
P07T24,MidHip,0.0,0.0,748.893,253.218,1089.75,384.454,15.0,680.625752476994,273.00369936437676
P07T24,MidHip,0.0,0.0,0.0,0.0,0.0,0.0,20.0,661.9225297344343,289.2465880118899
P07T24,MidHip,0.0,0.0,645.04,243.425,0.0,0.0,12.0,680.3497728167558,273.32238096566505
P07T24,Nose,nan,nan,nan,nan,nan,nan,nan,679.1343857646922,273.62762193045694
P07T24,LKnee,0.0,0.0,0.0,0.0,0.0,0.0,20.0,660.0034213627018,289.3431290695309
P07T24,MidHip,0.0,0.0,666.57,296.324,0.0,0.0,15.0,678.1638375531938,263.2734452448363
P07T24,MidHip,0.0,0.0,811.586,212.145,1123.11,417.797,12.0,660.1723355775821,281.59934074915657
P07T24,MidHip,0.0,0.0,784.135,278.693,1228.88,570.584,12.0,666.5858351434756,250.02747284142234
P07T24,MidHip,878.194,5.37843,719.492,325.703,1132.9,484.396,11.0,672.3170683837567,217.65929539066173
P07T24,MidHip,0.0,0.0,652.929,390.377,1125.07,502.041,13.0,670.6164825077892,201.07974649758256
P07T24,MidHip,895.843,22.0362,744.974,384.529,1132.88,554.927,9.0,660.5860468264559,163.83667418934343
P07T24,MidHip,913.456,51.4634,744.953,384.507,1123.06,562.778,10.0,685.5458966654871,160.90800135080087
P07T24,MidHip,909.561,70.9861,746.915,378.619,1103.44,662.699,8.0,659.5635370749856,126.19399067637048
P07T24,MidHip,901.728,94.563,733.246,384.492,1078.06,605.898,5.0,712.7323550885206,128.6966595002517
P07T24,MidHip,878.172,110.21,711.648,388.399,1054.49,605.866,5.0,686.5904428293286,84.1609648174801
P07T24,MidHip,868.339,133.738,705.814,404.068,1027.15,625.454,4.0,722.6551803942314,111.65872211306278
P07T24,MidHip,868.455,149.339,711.703,413.827,1013.38,615.644,4.0,695.7778902825398,65.86029244659562
P07T24,MidHip,868.462,151.421,715.638,415.9,1025.19,556.923,4.0,692.971790316381,59.47720150548298
P07T24,MidHip,862.482,157.206,713.671,415.793,1023.19,547.077,4.0,717.5409008999882,100.10529068192702
P07T24,MidHip,846.844,163.029,709.66,413.795,1009.52,580.42,4.0,695.0344446231919,60.941517891582855
P07T24,MidHip,825.347,163.175,698.022,409.989,1015.3,558.855,8.0,710.0988657440705,101.26921351348973
P07T24,MidHip,813.551,178.818,698.011,423.669,1021.24,568.64,4.0,696.810322814672,61.66111393071922
P07T24,MidHip,807.608,210.074,699.962,458.896,1027.1,588.194,8.0,710.8042964088719,99.73816760631108
P07T24,MidHip,805.706,235.598,0.0,0.0,1038.79,609.763,10.0,697.6195087434184,60.857385514443855
P07T24,MidHip,801.791,245.389,660.719,509.844,1042.73,617.647,10.0,712.7801216363164,98.38758801362374
P07T24,Neck,790.012,280.646,648.997,566.701,1070.19,656.836,12.0,698.189134281073,59.83673111539997
P07T24,Neck,786.076,296.354,607.826,580.371,1089.82,680.275,11.0,710.8516925442138,99.46547126705623
P07T24,Neck,786.09,313.93,596.072,609.778,1109.37,690.111,13.0,699.2317148670056,60.73376171773292
P07T24,Nose,790.029,323.815,558.84,619.606,1117.22,692.077,13.0,710.4036961473141,99.31958475112039
P07T24,Nose,805.697,323.756,570.622,631.339,1111.32,684.258,13.0,699.4971014689969,59.79754005249678
P07T24,MidHip,823.277,319.778,545.147,623.486,1089.8,666.602,9.0,709.0615298806292,99.13607643746586
P07T24,MidHip,838.925,319.825,578.437,619.617,1074.13,682.251,12.0,699.857926264196,59.754037568144525
P07T24,Nose,839.103,319.899,574.542,607.817,1046.71,650.917,13.0,707.924839263829,98.83806663255159
P07T24,Nose,835.027,319.806,639.174,605.838,1042.73,686.197,12.0,700.1416894455009,59.80108723082409
P07T24,Nose,819.45,308.146,643.077,592.176,1021.21,682.3,10.0,708.2278338812317,99.31622600833435
P07T24,LElbow,805.662,302.139,592.168,570.565,993.822,668.571,9.0,698.87467944163,61.44998025430367
P07T24,LElbow,789.937,278.678,629.381,554.984,962.47,601.954,10.0,707.2937031438685,100.41513369487937
P07T24,LElbow,770.417,255.22,621.534,527.556,958.496,592.144,5.0,701.092597934508,63.948860137588746
P07T24,LElbow,754.774,237.507,609.785,509.807,960.426,588.253,10.0,706.4840628453873,100.64758287765595
P07T24,LElbow,735.145,225.77,613.706,492.228,960.488,560.823,4.0,702.0831927580333,62.79419746511892
P07T24,LElbow,733.252,225.843,615.675,492.205,970.247,552.97,12.0,706.114833537291,101.50260435935125
P07T24,LElbow,742.954,229.736,619.568,492.171,964.461,507.948,5.0,701.2382354638595,65.47312516238917
P07T24,LElbow,754.753,235.565,625.479,490.28,1013.39,541.247,9.0,704.9475455305361,102.19698566945786
P07T24,MidHip,758.658,229.741,635.272,484.433,1046.67,549.06,9.0,701.3805795367692,64.55851963385881
P07T24,LElbow,758.657,229.788,635.295,480.56,978.098,613.729,9.0,704.8053124806299,101.70091223779697
P07T24,Neck,758.65,233.659,635.321,484.413,1009.47,623.505,9.0,702.5565054830901,65.26460749546375
P07T24,Neck,758.713,235.559,641.127,482.445,1011.4,652.901,5.0,704.5838947783408,102.04246687414015
P07T24,LElbow,762.623,237.508,617.648,462.894,1003.57,650.903,9.0,701.4274790325209,66.15476101156015
P07T24,LElbow,758.677,233.658,603.889,460.947,1019.25,613.695,4.0,703.3690838681625,101.18463686294673
P07T24,LElbow,745.05,227.784,592.168,462.837,1038.85,586.3,4.0,701.1008527375519,66.32154737010775
P07T24,LElbow,742.97,225.813,586.225,462.892,1044.74,533.38,8.0,703.949837126092,102.02174780162991
P07T24,LElbow,729.354,223.863,576.502,470.694,1042.75,509.921,8.0,701.6069763949101,67.11586374004969
P07T24,Neck,715.566,221.877,558.854,464.866,0.0,0.0,10.0,702.3591928086774,101.67547927883149
P07T24,LElbow,697.985,221.893,543.189,462.903,0.0,0.0,5.0,698.9960068918259,67.61911642770698
P07T24,Neck,682.245,223.813,523.599,460.907,0.0,0.0,6.0,701.8589477595851,101.79224129808611
P07T24,Neck,676.426,227.739,513.772,472.675,0.0,0.0,11.0,698.7880011156071,67.72507079435833
P07T24,LElbow,664.717,239.501,502.046,486.357,0.0,0.0,7.0,703.3881817256811,102.41582730033859
P07T24,MidHip,654.826,243.473,492.227,500.061,0.0,0.0,11.0,698.513567149978,67.0535940341065
P07T24,Neck,637.214,247.376,474.561,486.368,0.0,0.0,12.0,702.2509978440121,101.60151637386309
P07T24,Neck,635.266,257.158,482.454,505.963,0.0,0.0,6.0,696.929893481798,67.3023606637968
P07T24,Neck,656.811,282.584,496.127,586.27,0.0,0.0,10.0,701.5757466558908,102.96594282339566
P07T24,Neck,686.207,304.209,494.195,590.201,0.0,0.0,11.0,697.4282057847602,67.3069871032342
P07T24,Neck,729.255,321.783,509.885,645.063,839.067,715.631,10.0,700.7572050649997,103.36655083738934
P07T24,LElbow,758.602,335.524,0.0,0.0,782.191,715.621,14.0,696.8713609371428,67.95759937625306
P07T24,LElbow,766.547,355.08,0.0,0.0,799.813,650.931,14.0,701.0499879595238,101.73573633975539
P07T24,LElbow,790.026,339.448,0.0,0.0,805.665,654.864,14.0,697.0735536021327,69.01156890942842
P07T24,LElbow,836.948,290.509,0.0,0.0,891.924,554.885,11.0,700.4009721167765,102.09638278893001
P07T24,LElbow,874.248,259.056,0.0,0.0,0.0,0.0,13.0,695.5916151636807,69.11263036910988
P07T24,LElbow,887.978,241.459,0.0,0.0,978.089,482.485,12.0,698.7110641623298,101.98582137452775
P07T24,LElbow,888.025,243.369,766.522,715.606,995.678,503.998,11.0,695.3886951165804,69.21832385184292
P07T24,LElbow,872.36,257.068,742.947,668.569,993.792,513.806,11.0,697.3532212370512,101.2747570190859
P07T24,LElbow,852.702,266.93,760.6,650.89,995.738,509.912,10.0,696.8945586745745,69.83219313460816
P07T24,Neck,833.156,278.686,711.628,633.255,976.137,543.213,10.0,696.514171769034,101.61055697530662
P07T24,Neck,819.387,304.079,586.305,605.855,970.244,584.307,10.0,698.2418487777179,70.39800322478456
P07T24,Neck,811.61,319.873,525.544,586.235,980.106,654.844,12.0,695.4263047131427,102.35977278076936
P07T24,Neck,819.337,335.437,511.854,635.264,968.331,648.909,11.0,699.5814814586035,70.95802666297642
P07T24,Neck,823.383,355.164,462.881,605.893,991.787,621.544,13.0,694.3655258683657,104.45948549703346
P07T24,Neck,821.329,372.727,490.23,558.821,899.738,570.658,13.0,691.9942781537145,72.05247952447941
P07T24,Neck,835.064,368.836,586.242,556.94,1123.07,619.533,13.0,694.0458686489153,103.92985346146547
P07T24,Neck,850.721,339.411,633.274,582.34,0.0,0.0,15.0,693.02292034502,105.43061513750561
P07T24,Neck,852.754,306.115,645.068,586.315,0.0,0.0,14.0,691.2679862562165,74.34812714977033
P07T24,Neck,854.761,274.798,635.247,564.759,0.0,0.0,15.0,692.1127022665119,105.29933851210282
P07T24,Neck,866.388,231.721,568.657,586.303,0.0,0.0,13.0,689.1830928008167,73.11757677682817
P07T24,Neck,878.222,200.317,574.578,551.027,0.0,0.0,13.0,690.8795706767017,106.55073236153297
P07T24,Neck,899.728,192.487,654.853,466.777,0.0,0.0,13.0,689.3715539209466,74.80013716786286
P07T24,Neck,929.14,147.438,537.288,476.577,0.0,0.0,12.0,689.2196651897368,106.50239383855708
P07T24,Neck,944.779,137.635,0.0,0.0,0.0,0.0,13.0,688.0134032535748,74.95242117644386
P07T24,LElbow,950.738,194.48,0.0,0.0,1150.51,647.004,14.0,687.939969523515,106.43375428078117
P07T24,Neck,948.639,190.492,0.0,0.0,1213.22,582.346,14.0,687.9592609606004,74.4893781776686
P07T24,Neck,962.366,143.47,662.645,605.868,0.0,0.0,14.0,687.6065055879316,106.4671567168651
P07T24,Neck,980.142,125.89,0.0,0.0,1195.59,619.644,14.0,684.6833792969711,77.13099618834353
P07T24,Neck,1015.37,157.229,0.0,0.0,0.0,0.0,15.0,685.3861793723931,106.47516947389997
P07T24,LElbow,1029.03,200.321,0.0,0.0,1219.06,688.15,14.0,684.4369639418636,77.18537454771713
P07T24,Other,1042.71,196.453,0.0,0.0,1228.91,697.984,14.0,683.9757944604861,106.87140764702315
P07T24,Neck,1038.79,151.399,0.0,0.0,1170.1,666.644,11.0,681.1276261974726,77.64966463210806
P07T24,Neck,995.717,98.4539,0.0,0.0,1119.1,695.999,14.0,682.5052312723716,107.72073263454385
P07T24,Neck,985.914,100.321,0.0,0.0,1011.41,715.61,14.0,679.6201989874072,76.87384118778591
P07T24,Neck,993.761,133.697,0.0,0.0,1023.13,664.637,13.0,681.1894963552494,108.77062624896095
P07T24,Neck,931.082,174.827,556.898,603.965,0.0,0.0,14.0,676.8366089025234,78.85899931651848
P07T24,Neck,854.694,151.342,556.855,588.291,0.0,0.0,12.0,678.771355296921,109.3987905017498
P07T24,LElbow,811.582,174.85,566.707,588.217,1105.42,692.058,13.0,675.9979136161985,78.89414765107838
P07T24,Other,778.35,192.463,570.571,580.398,1076.07,635.298,13.0,677.5496816337487,108.84455882857137
P07T24,Other,794.009,196.418,598.054,697.914,1089.75,654.843,11.0,674.7049099032357,80.03915706270058
P07T24,Other,842.971,245.444,560.828,715.592,1107.42,699.911,13.0,676.05375959779,111.20230743480431
P07T24,Other,870.341,276.781,507.844,696.016,0.0,0.0,14.0,672.2618761147307,80.2893414393118
P07T24,Other,870.395,243.499,447.249,650.958,1103.47,617.61,10.0,673.7085819448725,111.83255602635809
P07T24,LElbow,866.432,206.182,431.516,619.571,1099.58,601.919,10.0,670.1256985363839,81.26862448472093
P07T24,Other,839.006,178.732,445.183,588.233,0.0,0.0,11.0,671.945079228756,112.30250831713293
P07T24,Other,821.418,174.881,445.266,584.323,1111.34,601.924,13.0,667.8564917019073,81.46692598892342
P07T24,LElbow,772.371,212.098,0.0,0.0,1003.6,592.154,14.0,670.7354321589626,111.87703219022248
P07T24,Neck,780.209,239.454,478.583,621.566,0.0,0.0,15.0,667.3052115305754,81.72325544851448
P07T24,Neck,791.943,225.731,445.201,631.309,0.0,0.0,15.0,670.3806784576681,112.63082609512443
P07T24,LElbow,789.966,196.403,417.821,617.635,1021.19,511.818,13.0,663.6697035655551,81.78713877525048
P07T24,Neck,760.644,163.082,427.617,598.032,0.0,0.0,15.0,669.0253726155536,112.34110077901417
P07T24,Neck,746.953,145.408,398.22,631.315,1111.32,358.989,10.0,665.8696817035974,81.7409799410407
P07T24,Neck,729.289,131.717,413.896,568.649,0.0,0.0,12.0,667.3299064481771,112.60667906103546
P07T24,Neck,713.647,125.886,386.482,621.544,0.0,0.0,12.0,666.4130110626386,82.31356711476914
P07T24,Neck,709.685,118.046,384.524,639.164,1146.58,317.899,10.0,665.0811466424062,112.33383626158384
P07T24,Neck,697.982,106.273,0.0,0.0,1168.18,341.363,11.0,659.8374160243618,80.044715255638
P07T24,Neck,690.094,102.384,0.0,0.0,0.0,0.0,12.0,663.9916336472154,112.22693340623697
P07T24,Neck,684.268,198.354,0.0,0.0,0.0,0.0,15.0,658.9073663486774,80.27095637103385
P07T24,Neck,670.528,233.62,0.0,0.0,0.0,0.0,15.0,663.4808969460686,111.84899270957547
P07T24,Neck,650.941,214.089,0.0,0.0,0.0,0.0,15.0,659.6032883790833,80.77952729458866
P07T24,Neck,639.173,182.733,374.669,629.389,0.0,0.0,14.0,662.9544734115391,111.99509687662893
P07T24,Neck,631.359,161.181,366.872,672.499,1013.35,701.87,10.0,660.1270398107649,81.24644555763507
P07T24,Neck,617.572,145.411,368.837,680.307,993.757,650.94,10.0,661.6826211722105,111.7609095999438
P07T24,Neck,607.816,137.635,384.495,680.328,1013.38,623.494,10.0,654.4682316866248,79.57286624473046
P07T24,Neck,613.685,147.474,406.062,664.615,995.723,625.461,10.0,661.8406062138654,111.8608230868391
P07T24,Neck,633.288,151.42,441.316,666.608,997.708,617.619,10.0,655.4252761170796,80.18282304454534
P07T24,Neck,635.362,163.151,460.911,666.562,980.086,605.874,10.0,655.8718336132738,80.6160685349677
P07T24,Neck,637.284,198.389,490.233,703.839,976.1,603.874,10.0,660.2765378383829,111.99557872592595
P07T24,Neck,641.158,298.252,0.0,0.0,968.302,621.517,11.0,656.3174884760734,81.0468836934497
P07T24,LElbow,635.292,304.077,0.0,0.0,970.267,617.595,14.0,659.8470038210194,112.62972485828402
P07T24,Neck,623.514,302.208,0.0,0.0,974.177,627.404,12.0,653.9339261148062,79.19269126128336
P07T24,Neck,605.887,300.25,0.0,0.0,976.155,601.97,12.0,659.8069576346587,113.37088275116035
P07T24,Neck,586.313,298.282,0.0,0.0,960.47,584.313,12.0,654.5707845349898,79.77192675773172
P07T24,Other,552.92,315.941,0.0,0.0,970.255,601.952,14.0,659.7039505688299,112.23854220190933
P07T24,Other,543.184,319.847,470.686,715.622,978.051,617.603,13.0,654.9788033823576,80.16608715706452
P07T24,Other,539.34,321.755,476.586,715.601,964.457,631.336,13.0,658.1257451298502,112.03415799040881
P07T24,Other,535.307,302.145,496.167,684.255,944.805,605.884,13.0,653.6834256779845,80.24320088218475
P07T24,Other,523.669,270.786,453.087,654.833,909.528,523.589,13.0,657.7646290718723,113.17699943418481
P07T24,Neck,511.85,245.449,695.972,699.922,980.079,509.938,13.0,654.2096998803199,80.65471244601666
P07T24,Neck,507.807,227.827,615.645,633.271,0.0,0.0,14.0,656.88815677513,113.72111335972106
P07T24,Other,494.256,241.502,0.0,0.0,983.983,554.979,13.0,654.324778619605,80.36611278347627
P07T24,Other,488.335,253.176,0.0,0.0,966.364,558.873,14.0,657.3228619612338,112.64584036931605
P07T24,Other,476.588,251.29,611.749,656.819,964.437,552.971,13.0,653.4036728538753,80.8444351419283
P07T24,Other,478.592,259.135,429.552,654.825,985.943,570.655,13.0,655.8112072340059,113.69793448856214
P07T24,Other,478.577,274.711,431.492,656.811,985.957,572.57,13.0,652.1122005357528,79.87365109913989
P07T24,Other,476.572,276.741,482.445,658.755,978.144,570.619,13.0,656.239202366796,113.8082348446284
P07T24,Other,464.794,264.961,731.239,682.224,985.934,552.98,13.0,653.6604420787457,80.73950415631637
P07T24,Other,460.823,257.155,558.862,654.838,931.053,584.323,13.0,655.3126200034222,113.13867185132246
P07T24,Other,451.076,251.245,582.353,658.761,921.287,582.351,13.0,652.8535730722447,80.22059140072426
P07T24,Other,458.877,249.28,603.895,647.023,952.677,590.235,13.0,655.3007973373292,113.46203753517352
P07T24,Neck,460.891,231.703,617.633,625.456,946.72,609.815,13.0,653.401223867267,79.34712016769868
P07T24,Neck,447.214,223.838,607.847,648.976,929.095,623.499,13.0,654.3705935620035,112.76718760121
P07T24,Other,413.871,225.866,596.074,654.824,866.402,635.294,14.0,651.4933682787389,80.79196473315538
P07T24,LElbow,380.519,225.725,556.899,686.228,844.88,646.971,14.0,653.2984815861919,113.16672830913488
P07T24,Other,337.495,221.847,535.32,715.631,788.04,668.563,14.0,650.1910473087357,79.55651707743256
P07T24,Neck,290.523,212.126,411.916,703.849,727.39,658.777,11.0,652.9930017145628,112.63093502236167
P07T24,Neck,272.787,208.152,392.339,715.605,699.952,654.839,11.0,650.2355854444065,79.95024665420716
P07T24,Other,317.807,225.71,0.0,0.0,725.339,613.686,12.0,652.976594670168,112.56828315838247
P07T24,LElbow,347.228,241.453,0.0,0.0,756.666,576.489,12.0,650.5421944129196,80.25457047822772
P07T24,LElbow,388.388,249.324,0.0,0.0,788.072,554.921,12.0,651.7418685421126,112.52681524293573
P07T24,LElbow,433.436,284.602,0.0,0.0,811.602,550.997,11.0,651.4640420129363,80.2154107449642
P07T24,Other,468.714,323.76,0.0,0.0,825.32,539.248,11.0,653.4769611730832,112.84671714581941
P07T24,Other,494.127,362.943,0.0,0.0,839.053,541.171,11.0,669.7716213900733,85.72934606508811
P07T24,Other,515.716,364.842,0.0,0.0,854.622,511.886,11.0,663.1290855707086,117.34132377876298
P07T24,Other,527.481,351.173,0.0,0.0,866.409,505.917,11.0,684.3941039687868,92.91035402100263
P07T24,Other,521.589,359.016,0.0,0.0,856.715,527.526,11.0,678.7824457802997,125.34541588428075
P07T24,Other,490.238,362.927,0.0,0.0,852.788,556.855,11.0,674.3959900195548,93.56782729248255
P07T24,Other,460.976,347.245,0.0,0.0,856.631,547.102,11.0,676.2954445623164,123.78146474119549
P07T24,Other,449.158,349.213,0.0,0.0,862.504,562.761,11.0,673.4293746431208,89.66393286022365
P07T24,Other,462.788,362.955,382.569,715.614,837.042,476.548,10.0,673.2282590435755,121.78785508310305
P07T24,Other,486.333,388.419,413.815,715.613,762.636,505.977,10.0,673.3549314093976,89.58082998724171
P07T24,Other,507.919,413.834,0.0,0.0,850.723,500.077,13.0,673.9782660444944,121.44620143482203
P07T24,Other,511.867,419.786,0.0,0.0,0.0,0.0,15.0,675.5013277106434,89.12469762354407
P07T24,Other,521.633,417.78,0.0,0.0,837.046,441.326,14.0,673.4330154685442,122.56420257332914
P07T24,Other,519.637,425.636,0.0,0.0,844.919,466.759,15.0,673.2845086904388,90.95249829582586
P07T24,Other,523.532,431.548,0.0,0.0,933.125,533.355,15.0,672.9645233878994,122.13446257660304
P07T24,Other,525.599,431.516,0.0,0.0,756.705,543.239,15.0,671.4731153746652,88.93056107569626
P07T24,Other,507.907,398.159,0.0,0.0,0.0,0.0,17.0,672.3906724489318,122.68932556202815
P07T24,Other,433.538,372.749,539.237,513.783,866.443,419.793,14.0,672.7393163173247,87.76738319406503
P07T24,Other,286.53,368.898,0.0,0.0,456.953,690.125,16.0,671.8700943404918,122.02941098938742
P07T24,Other,227.837,355.165,0.0,0.0,0.0,0.0,16.0,672.435846803493,89.53930631678938
P07T24,Other,216.038,337.563,0.0,0.0,790.011,417.772,12.0,672.5485701203731,121.85746336766049
P07T24,Other,241.514,337.502,0.0,0.0,729.288,500.083,12.0,672.622548713839,90.06957454411521
P07T24,Other,304.166,366.791,0.0,0.0,789.96,525.536,14.0,671.6732296393235,122.27998029469202
P07T24,Other,374.66,382.585,0.0,0.0,829.186,482.447,14.0,671.4506752286235,90.61517670680746
P07T24,Other,431.506,353.129,0.0,0.0,870.322,476.597,14.0,669.5997489837746,121.81757897511878
P07T24,Neck,476.513,319.768,0.0,0.0,819.408,431.455,13.0,670.2593842777527,88.66841232248885
P07T24,Neck,484.412,292.421,0.0,0.0,788.06,402.105,13.0,668.437244108648,121.46024679217514
P07T24,Other,480.547,294.395,0.0,0.0,782.218,441.269,14.0,670.8553618609106,89.17604500539026
P07T24,Other,488.283,302.225,0.0,0.0,0.0,0.0,12.0,668.8759250897672,120.54789205266106
P07T24,Neck,541.211,272.837,339.431,533.386,680.285,484.372,10.0,669.2878024886211,88.50946523684966
P07T24,Neck,541.195,237.527,353.154,533.381,801.79,490.273,10.0,669.4369732218458,121.07526813653043
P07T24,LElbow,541.199,212.034,337.542,543.212,827.284,468.755,10.0,669.8758048660059,88.89262511167213
P07T24,Neck,550.988,210.2,384.531,547.09,844.859,466.775,10.0,667.983453397726,120.78124060473817
P07T24,Neck,566.71,225.781,402.169,601.952,866.448,482.453,10.0,668.538879833123,87.71567510199637
P07T24,Neck,586.353,247.324,400.202,631.35,901.719,519.691,10.0,667.3108529274584,119.66400549206433
P07T24,Neck,601.976,257.05,396.198,695.985,0.0,0.0,11.0,669.237187834439,88.67426754773399
P07T24,Other,609.814,257.216,374.699,699.899,903.662,417.785,10.0,667.213679248563,120.21376720191337
P07T24,Neck,615.632,253.182,364.886,715.606,791.97,433.46,10.0,669.6233928931412,88.91008415364945
P07T24,Neck,617.545,257.107,396.251,670.537,0.0,0.0,12.0,666.7413212184047,119.42271870455885
P07T24,Neck,617.597,270.841,382.549,682.28,901.729,527.485,13.0,667.4839614298891,118.93546103073378
P07T24,Neck,600.021,290.393,0.0,0.0,903.682,437.356,14.0,669.5472363309647,89.19204430549325
P07T24,Other,570.627,347.256,0.0,0.0,935.013,633.282,14.0,666.2282428661658,119.70233355221355
P07T24,Other,568.618,368.799,0.0,0.0,0.0,0.0,16.0,669.6361535337305,89.11086413230484
P07T24,Other,545.161,413.796,0.0,0.0,891.897,588.197,16.0,666.9712105751084,119.80951265158079
P07T24,Other,539.223,406.006,0.0,0.0,911.487,654.826,15.0,669.821688339685,88.47441310959566
P07T24,Neck,539.241,408.004,0.0,0.0,901.707,645.068,15.0,667.0127827847649,119.26403845034966
P07T24,Other,539.256,382.499,0.0,0.0,0.0,0.0,16.0,669.4881119652872,88.84720354394581
P07T24,Other,523.615,351.172,0.0,0.0,888.009,596.086,14.0,666.3218271942787,119.96420662282587
P07T24,Other,529.459,319.85,0.0,0.0,866.457,478.516,15.0,669.3813175327797,89.36518379667419
P07T24,Neck,539.325,288.45,0.0,0.0,860.576,558.878,15.0,666.3323382616817,119.82453863701309
P07T24,Other,572.591,257.115,0.0,0.0,858.57,413.867,15.0,668.483863902557,88.82863604090429
P07T24,Neck,637.255,214.071,0.0,0.0,886.045,417.772,15.0,666.3478389059944,119.38961492703031
P07T24,Neck,664.64,249.333,0.0,0.0,917.398,433.518,16.0,669.0900860167621,89.03425355688869
P07T24,Neck,666.53,310.061,0.0,0.0,925.221,519.657,15.0,666.4061135090194,119.88206091074221
P07T24,Neck,680.253,343.335,0.0,0.0,0.0,0.0,16.0,669.4197980577673,89.27511263581872
P07T24,Neck,670.497,343.347,0.0,0.0,927.178,601.924,15.0,666.4592863440048,119.05427923126652
P07T24,LElbow,672.507,325.75,0.0,0.0,860.535,584.328,15.0,671.1338906739048,89.91914908366968
P07T24,LElbow,697.943,300.267,0.0,0.0,960.477,601.924,15.0,666.7689067222756,119.35820986919114
P07T24,LElbow,713.562,296.346,0.0,0.0,982.049,586.271,15.0,669.5009986104658,87.94746123117261
P07T24,LKnee,53.3832,280.644,47.5413,288.577,80.7968,351.129,0.0,666.8309165296482,119.38961039133936
P07T24,Other,68.9614,274.876,63.2053,288.506,96.4746,349.231,0.0,671.2680967886538,88.71136709441114
P07T24,Neck,711.557,335.493,0.0,0.0,964.397,505.927,14.0,667.8754573779999,119.67019075732902
P07T24,LElbow,78.8759,272.77,69.0939,353.104,0.0,0.0,11.0,670.3333535110305,87.71505523727465
P07T24,Neck,666.681,345.306,0.0,0.0,1087.83,556.897,14.0,668.5117161551022,120.3375625776182
P07T24,Neck,646.945,358.995,0.0,0.0,0.0,0.0,15.0,670.4386347149366,88.29275935317673
P07T24,Neck,615.687,380.571,0.0,0.0,0.0,0.0,16.0,669.81139797854,121.50688125057614
P07T24,Other,588.343,398.113,0.0,0.0,0.0,0.0,16.0,672.383480708635,88.67336514304245
P07T24,Neck,601.889,402.094,0.0,0.0,0.0,0.0,17.0,669.4533759734397,121.81010819577298
P07T24,Neck,603.956,423.681,0.0,0.0,0.0,0.0,17.0,672.9573942526497,90.11695950499414
P07T24,Other,599.971,449.195,0.0,0.0,0.0,0.0,16.0,671.3270900324242,121.66476715157658
P07T24,Neck,556.904,478.513,0.0,0.0,0.0,0.0,17.0,673.0975629108459,88.59905663951486
P07T24,Neck,523.638,507.963,0.0,0.0,0.0,0.0,17.0,671.3218429728578,121.89266255901396
P07T24,Neck,492.263,529.454,0.0,0.0,0.0,0.0,18.0,673.3857761776369,89.19292716389756
P07T24,Other,460.942,541.209,0.0,0.0,0.0,0.0,18.0,672.7187684132906,121.79685807728882
P07T24,Other,433.433,525.589,0.0,0.0,0.0,0.0,17.0,674.7343133312879,89.31314849953489
P07T24,Other,408.012,488.346,0.0,0.0,0.0,0.0,18.0,674.1214115438581,122.18329106037287
P07T24,Other,398.273,490.283,0.0,0.0,0.0,0.0,17.0,674.9290968892666,89.82681509592257
P07T24,Other,398.199,507.861,0.0,0.0,0.0,0.0,17.0,673.844434909675,122.49708335833043
P07T24,Other,407.963,552.941,0.0,0.0,0.0,0.0,18.0,674.1818258840341,90.11495602872037
P07T24,Neck,413.895,599.93,0.0,0.0,0.0,0.0,18.0,674.4038885934594,123.05883698845537
P07T24,Neck,429.523,633.3,0.0,0.0,0.0,0.0,17.0,676.110579999706,88.84638110413565
P07T24,Other,447.152,650.909,0.0,0.0,0.0,0.0,19.0,676.0545781047642,123.53819721051948
P07T24,Neck,511.839,648.95,0.0,0.0,0.0,0.0,18.0,676.508846751502,89.43689455500693
P07T24,Nose,552.936,619.529,0.0,0.0,0.0,0.0,21.0,676.7062312226913,123.13667063497017
P07T24,Other,582.342,590.176,0.0,0.0,0.0,0.0,18.0,676.602940710382,90.09028880322968
P07T24,Other,639.21,584.315,0.0,0.0,0.0,0.0,18.0,677.9504815569103,124.61334951716535
P07T24,Other,715.608,566.709,0.0,0.0,0.0,0.0,17.0,678.8856580868883,88.85881870241862
P07T24,Other,776.27,556.9,0.0,0.0,1085.85,621.574,15.0,679.3316278913068,123.63227014291007
P07T24,Other,815.503,527.562,0.0,0.0,1117.2,572.523,16.0,678.6907936202624,90.62943181334616
P07T24,Other,850.729,503.95,0.0,0.0,1146.59,539.254,15.0,681.2124385046732,90.07062625241295
P07T24,Other,846.829,476.49,0.0,0.0,1166.15,529.471,16.0,678.7919056162706,123.62819494642916
P07T24,Other,837.091,427.585,0.0,0.0,1175.98,488.33,15.0,681.1591371045008,90.83682214556782
P07T24,Other,844.88,413.902,0.0,0.0,1205.38,478.504,16.0,678.6115401601546,123.63377480262146
P07T24,Neck,860.566,435.409,0.0,0.0,0.0,0.0,18.0,691.007818893886,90.15473086698378
P07T24,Other,897.73,445.173,0.0,0.0,1199.54,529.482,16.0,681.2848428342922,124.53374126711762
P07T24,Other,925.188,429.582,0.0,0.0,0.0,0.0,18.0,683.4290001281381,90.55055301015463
P07T24,Other,946.837,427.563,0.0,0.0,1201.47,552.967,15.0,681.4854835047196,123.72131002545584
P07T24,Neck,960.493,374.694,0.0,0.0,0.0,0.0,17.0,684.3827792233119,89.76678762138413
P07T24,Neck,942.866,370.777,0.0,0.0,0.0,0.0,18.0,683.0428909962621,123.75514323582499
P07T24,Neck,931.126,388.404,0.0,0.0,0.0,0.0,18.0,684.8092237497142,89.96370167713599
P07T24,Other,917.399,400.167,0.0,0.0,0.0,0.0,18.0,683.7746929893101,125.52251506252743
P07T24,Neck,933.111,380.596,0.0,0.0,0.0,0.0,18.0,685.9127395747223,91.61418357017452
P07T24,Neck,964.482,384.548,0.0,0.0,0.0,0.0,18.0,682.507583490359,124.60495382621457
P07T24,Neck,1011.38,398.19,0.0,0.0,0.0,0.0,18.0,686.0002249593797,92.1040778460056
P07T24,Other,178.775,41.6972,163.066,61.2687,192.453,141.54,0.0,684.2263585172681,124.23018660649188
P07T24,Other,1011.46,321.815,0.0,0.0,0.0,0.0,18.0,686.4200212177864,92.19422608298942
P07T24,Neck,968.312,272.729,0.0,0.0,0.0,0.0,18.0,683.9483641818877,124.3219016098235
P07T24,LKnee,257.139,27.9158,243.375,49.4911,276.738,118.044,0.0,686.8418748836277,92.3299408009318
P07T24,LKnee,288.575,39.595,272.887,55.3785,310.06,137.635,0.0,684.9787496020915,125.38880940199601
P07T24,Other,317.821,39.6399,0.0,0.0,323.78,135.678,1.0,689.2118502002539,92.86591879438184
P07T24,Neck,991.757,386.416,0.0,0.0,0.0,0.0,19.0,686.2638182489247,125.09019059370465
P07T24,LKnee,349.264,39.6376,331.582,67.1063,347.29,72.9802,0.0,689.4947499195732,92.96753073050026
P07T24,Other,370.833,37.6618,355.079,53.4372,0.0,0.0,1.0,685.4541213786385,123.95460327579033
P07T24,Other,413.816,37.7235,398.218,55.3009,415.828,67.0961,0.0,689.1075844636368,92.99888347565422
P07T24,Other,441.271,20.0334,425.588,29.8854,453.036,92.5911,3.0,685.9879070013089,124.69851933261015
P07T24,LKnee,118.091,21.9332,116.097,110.213,0.0,0.0,3.0,689.3985108050572,92.28671295529611
P07T24,LKnee,116.126,5.33351,116.053,100.466,139.57,96.4643,1.0,685.8527575863084,124.79529995722119
P07T24,Other,123.904,5.35232,116.113,94.5133,133.802,86.785,1.0,689.6559436625416,93.58557233108228
P07T24,Other,116.145,5.34804,116.098,98.4044,137.671,88.7294,0.0,686.3810372398309,124.68898209515183
P07T24,Other,133.741,5.34214,133.756,100.355,163.009,88.7318,1.0,689.7245777987836,92.54556733712093
P07T24,LKnee,0.0,0.0,133.65,100.448,151.425,88.6361,5.0,686.5564252467823,124.84356152221918
P07T24,LKnee,151.325,5.33862,163.131,90.5952,192.435,84.8123,0.0,690.6610058950558,93.89555920366124
P07T24,LKnee,194.432,5.35994,198.406,92.5506,0.0,0.0,1.0,687.0618926569427,125.21485634912281
P07T24,Nose,870.34,384.499,0.0,0.0,0.0,0.0,21.0,691.0792737358593,93.42528684667151
P07T24,Neck,823.364,351.216,0.0,0.0,0.0,0.0,18.0,686.4425179835023,124.73018132956801
P07T24,Neck,807.69,364.865,0.0,0.0,0.0,0.0,18.0,690.9414216049818,92.86914457743387
P07T24,LKnee,574.568,5.35684,568.662,33.816,588.267,53.3668,0.0,687.4810122434907,124.00799967442404
P07T24,LKnee,0.0,0.0,537.288,55.3738,564.755,65.1321,1.0,691.2352860463794,92.84348546633257
P07T24,LKnee,539.268,5.3338,507.866,55.3526,509.876,55.3873,0.0,687.9861365184969,125.1037927640317
P07T24,LKnee,552.998,37.672,523.533,86.7396,541.272,90.6269,1.0,690.9761883935685,94.29810164164702
P07T24,LKnee,570.515,43.6218,537.271,92.5758,556.871,92.5762,5.0,688.2163668080908,124.45393262712534
P07T24,Other,584.266,63.1532,554.828,112.166,566.699,116.04,1.0,690.7855596613093,93.28367565294113
P07T24,Other,596.078,68.9815,564.754,116.058,584.253,116.089,1.0,687.7227117798474,125.39243869643634
P07T24,LKnee,617.624,53.438,588.298,98.3806,601.985,98.488,1.0,691.2155003629366,93.7248816923641
P07T24,Other,633.346,37.763,603.939,82.7922,619.582,84.6823,1.0,686.9925096147629,125.91164362737517
P07T24,LKnee,662.67,37.7037,629.352,80.7846,631.354,82.7264,1.0,691.3432707589124,92.67208488241774
P07T24,LKnee,740.978,41.6175,699.9,82.8119,709.712,84.7373,5.0,688.2635260237221,125.98545365743578
P07T24,Other,815.514,53.4521,786.115,92.5791,803.717,98.4601,1.0,690.9889978240242,92.82798960119952
P07T24,Other,858.634,72.9981,833.091,115.972,850.768,121.979,8.0,689.3195968247232,125.78314716284612
P07T24,Other,872.316,102.329,840.998,131.722,852.689,133.807,4.0,691.5376026807251,94.33938655336577
P07T24,Other,848.789,121.94,811.579,147.38,0.0,0.0,8.0,688.162927127978,125.47980370430908
P07T24,Other,835.04,114.152,790.01,129.736,805.679,145.47,1.0,691.0263281008894,92.68070971593112
P07T24,LKnee,809.615,102.359,760.605,110.186,0.0,0.0,4.0,688.0640324713904,125.95472208284045
P07T24,LKnee,788.001,96.4781,739.112,100.408,0.0,0.0,2.0,689.3083611593881,92.41207623017294
P07T24,LKnee,0.0,0.0,0.0,0.0,0.0,0.0,12.0,687.5912534695274,125.74307633939179
P07T24,Other,754.716,88.6902,717.508,100.491,0.0,0.0,2.0,689.6118199494376,93.54569664860261
P07T24,Other,774.299,102.345,743.089,116.145,744.941,165.07,3.0,688.5561738349409,125.598736971244
P07T24,Other,772.343,104.401,744.88,123.966,0.0,0.0,6.0,691.2220514254601,92.37620086715904
P07T24,Other,770.415,114.085,744.932,133.817,746.96,139.639,1.0,688.4841753255746,125.67011850771016
P07T24,Other,782.186,116.171,756.675,145.456,758.725,149.336,1.0,689.8869182146475,92.35789747508659
P07T24,Nose,801.773,117.992,774.425,163.069,776.34,165.09,1.0,688.9981608418921,125.50660825859812
P07T24,Other,813.522,131.736,788.017,174.834,790.062,180.693,1.0,691.4762798256744,92.49670082545003
P07T24,Other,823.429,145.421,799.824,192.496,807.687,194.443,1.0,687.8458545688044,125.75412973555815
P07T24,LKnee,838.993,164.999,809.612,215.987,819.432,221.836,1.0,691.9799868752907,92.42182037158052
P07T24,Other,837.128,167.052,807.701,219.892,817.465,221.883,1.0,688.0400264641237,125.82773367664073
P07T24,Other,0.0,0.0,0.0,0.0,527.475,37.7354,8.0,691.0549611491674,93.00575403940294
P07T24,Other,852.667,174.89,821.413,225.819,825.324,225.813,3.0,688.9251630118433,125.67163387745009
P07T24,LKnee,850.789,165.069,821.324,216.04,825.307,216.014,5.0,688.3035219186013,124.8089084664538
P07T24,Other,842.907,153.327,819.436,212.077,827.263,208.178,3.0,691.1367492620797,92.2408121563627
P07T24,Other,838.919,147.385,811.625,198.362,821.327,202.318,1.0,688.6447591166241,125.39778389486358
P07T24,Other,821.262,125.888,799.798,190.507,821.388,194.401,1.0,691.5715499211013,92.21944635752892
P07T24,Other,797.863,120.058,774.354,180.774,795.929,192.478,1.0,688.6329957061695,125.58385614869691
P07T24,Other,476.573,5.38596,454.978,53.303,468.698,55.3023,4.0,691.8981615548828,92.70937289248513
P07T24,Other,793.967,147.493,770.467,204.257,786.127,208.131,1.0,689.183476601616,125.07387265575281
P07T24,Other,772.397,133.842,744.977,194.441,774.311,200.311,1.0,691.0458990317279,92.34743414041893
P07T24,Other,0.0,0.0,0.0,0.0,0.0,0.0,12.0,688.7824094095529,124.56548719931831
P07T24,Other,807.662,70.9455,782.184,117.978,819.427,131.753,4.0,692.159072695544,93.77560697256249
P07T24,Other,821.315,55.4619,805.676,112.199,827.244,118.039,1.0,688.0163984871288,125.65711589140993
P07T24,Other,831.164,53.4166,809.629,102.336,833.127,104.307,2.0,692.8018430538509,93.37824994014595
P07T24,Other,840.944,51.3645,823.357,100.465,850.727,106.327,2.0,689.0593986263561,125.70071128291224
P07T24,Other,852.652,43.6207,835.105,100.375,846.833,100.436,1.0,693.335125037316,93.57675574112632
P07T24,Other,858.648,41.6035,846.816,98.4481,856.639,96.4737,1.0,689.5110150901211,125.45001956570357
P07T24,Other,870.296,39.6616,854.72,94.5696,880.131,90.647,1.0,692.6844444006094,94.26307254274352
P07T24,Other,0.0,0.0,0.0,0.0,0.0,0.0,12.0,688.5812354216193,125.98394504756676
P07T24,Other,885.961,41.6797,868.338,96.4858,889.959,96.4839,2.0,693.7718302739902,94.98748288379669
P07T24,Other,889.964,53.3924,876.248,110.237,899.655,106.303,1.0,689.151177454353,126.29268478506133
P07T24,Other,899.688,70.982,882.142,127.829,901.639,129.735,2.0,693.269680586385,95.28753402940944
P07T24,Other,907.564,96.4833,889.962,151.363,913.453,159.139,1.0,689.3934519205312,125.074848602796
P07T24,Other,917.44,120.052,899.8,178.828,921.282,180.685,2.0,692.6409078246216,93.95226392828275
P07T24,Other,588.288,55.293,586.326,147.471,605.867,145.513,1.0,688.5104428430045,127.46408496270371
P07T24,Other,596.092,84.8103,599.969,168.977,615.696,165.11,1.0,692.3542359763017,95.4400451416648
P07T24,Other,598.011,102.449,599.921,196.46,617.615,190.547,1.0,688.8024957427124,125.803308536915
P07T24,Other,598.055,131.76,594.091,225.776,613.701,217.933,1.0,691.7415945011057,94.50346891196558
P07T24,Other,599.977,157.202,599.944,247.349,617.557,243.367,1.0,690.1286759739892,126.94082854073645
P07T24,Other,601.952,178.766,601.928,272.786,619.643,264.986,1.0,693.8389572323633,95.04341949057324
