P07T19,Other,650.968,323.818,533.42,558.854,782.217,554.853,8.0,532.0509364812099,142.45576484491198
P07T19,Other,650.854,325.735,541.136,570.568,778.33,543.2,8.0,696.6768823440307,103.91048948851972
P07T19,Other,648.888,319.819,539.329,558.846,772.37,531.457,8.0,532.3760440978117,143.39055828213137
P07T19,Other,639.219,304.061,537.297,543.145,760.678,509.866,8.0,696.6575615221318,104.12814103852533
P07T19,Other,635.181,282.622,535.356,529.439,748.921,492.303,8.0,531.0903193150791,143.42309862441562
P07T19,Other,633.221,266.94,521.624,498.133,741.038,480.523,8.0,696.3546573305589,104.87157749635016
P07T19,Other,631.33,255.212,511.864,492.16,742.959,449.138,8.0,530.3189081986342,144.05687368280343
P07T19,Other,629.368,245.395,509.94,478.582,744.912,431.596,8.0,695.2147001827793,105.32281798527836
P07T19,Other,629.339,243.482,507.943,480.497,748.86,425.623,8.0,528.5765851277733,145.62170344856256
P07T19,Other,631.314,253.258,502.056,505.898,756.742,427.617,8.0,694.3832272809719,105.7954534763354
P07T19,Other,629.388,261.034,496.232,505.928,754.763,443.211,8.0,526.9519089936994,147.08927158182786
P07T19,Other,629.407,274.717,505.957,523.605,770.459,451.072,8.0,694.131134101617,106.5842123408629
P07T19,Other,633.184,282.646,502.02,539.202,770.439,492.249,8.0,525.9956571977015,147.70067257083772
P07T19,Other,633.18,290.446,496.136,541.263,756.708,496.151,8.0,693.1943586455711,107.10319408014927
P07T19,Other,633.255,292.483,494.284,549.041,752.794,513.774,8.0,524.6558340579757,149.47009254383235
P07T19,Other,633.206,290.461,494.255,549.051,742.963,509.915,8.0,691.8432056154068,108.37664376519571
P07T19,Other,633.358,288.424,494.275,545.18,745.037,509.855,8.0,523.341483125189,150.8496217490445
P07T19,Other,635.256,280.65,492.18,547.106,756.68,525.53,8.0,723.3930729926653,119.96956119166387
P07T19,Other,648.969,276.745,476.493,527.508,805.743,505.948,8.0,522.6191306803615,152.20351460935993
P07T19,Other,651.037,278.706,472.65,515.775,813.554,456.97,8.0,661.2401301326079,117.99531427429997
P07T19,Other,662.627,284.581,466.811,494.155,819.367,462.883,8.0,519.6396742591301,154.65396613742828
P07T19,Other,664.71,280.646,464.825,476.612,844.896,445.196,8.0,691.8972034663602,182.03376750838353
P07T19,Other,666.671,274.872,464.806,458.935,870.321,445.256,8.0,518.0346343707155,156.55791641117338
P07T19,Other,670.525,272.853,449.153,431.527,882.089,437.381,8.0,658.3039912491208,121.35810016732124
P07T19,Other,670.498,270.816,445.255,419.74,893.877,423.649,8.0,517.7389169439259,157.60853615404378
P07T19,Other,670.53,266.912,441.275,408.02,903.638,415.896,8.0,584.3690148833294,168.23016971159586
P07T19,Other,668.594,263.073,431.535,398.202,915.44,404.088,8.0,515.0732911308546,160.34506679243214
P07T19,Other,635.37,294.385,384.568,413.959,913.409,419.769,10.0,656.5239435658475,124.36407990841575
P07T19,Other,623.523,306.098,376.658,421.702,893.889,431.475,10.0,515.4904586106221,161.42987776759125
P07T19,Other,619.526,306.228,368.866,427.536,886.11,435.435,9.0,656.3798895956172,125.335301794985
P07T19,Other,615.617,311.977,364.915,429.462,884.136,445.237,9.0,514.547913017707,163.6706588022669
P07T19,Other,605.838,312.014,357.064,429.533,874.258,447.198,10.0,656.2418552462427,127.08020126781969
P07T19,Other,601.906,319.757,351.208,429.518,870.322,451.07,10.0,513.2491332417969,165.83487751695614
P07T19,Other,592.18,319.817,341.423,425.582,864.491,451.107,10.0,654.621056557608,128.2409275163936
P07T19,Other,586.345,319.843,337.449,423.691,854.754,454.989,9.0,512.3494044421808,167.32116154608627
P07T19,Other,582.362,319.854,335.468,419.785,854.615,447.287,8.0,654.2166368503335,130.42619967023373
P07T19,Other,572.679,315.953,333.488,415.836,842.919,449.142,10.0,511.05608799919867,170.42839126980962
P07T19,Other,568.679,319.767,325.754,413.8,839.105,447.117,10.0,653.351557266159,132.45502216965156
P07T19,Other,568.649,319.784,329.643,413.825,840.959,445.222,9.0,510.543901578023,172.4065845684753
P07T19,Other,568.595,319.81,333.503,415.846,839.081,445.168,10.0,676.3790315179451,213.8426195582446
P07T19,Other,568.642,319.788,333.489,415.9,839.048,445.22,9.0,507.873143679343,172.19018085044533
P07T19,Other,570.572,319.762,333.543,421.716,839.09,445.288,8.0,653.1483741272032,135.30278608226496
P07T19,Other,572.482,319.744,335.582,429.45,844.915,447.231,9.0,508.32549264459226,175.18923529813264
P07T19,Other,572.62,315.943,339.445,431.593,846.825,449.184,9.0,651.838520212246,138.3906275851659
P07T19,Other,576.492,315.912,343.347,441.322,844.859,458.887,9.0,508.1804534534011,177.44826598042368
P07T19,Other,584.298,317.873,351.103,447.149,850.787,462.908,9.0,653.2314789052407,139.8075973298917
P07T19,Other,586.335,317.844,353.197,451.121,852.694,466.769,8.0,508.2885348018034,177.94471460590438
P07T19,Other,592.13,315.926,366.848,460.834,850.783,476.472,10.0,653.0102808460404,141.1972824393148
P07T19,Other,601.88,317.817,374.685,460.982,854.626,478.577,9.0,508.0518160430153,177.887246894141
P07T19,Other,605.915,311.996,390.383,462.91,852.642,482.446,10.0,653.3734973481758,141.00713612029995
P07T19,Other,617.611,313.978,404.11,468.747,844.906,486.366,9.0,509.52516035780155,179.30186918763405
P07T19,Other,623.513,308.163,421.691,472.621,836.985,488.322,9.0,653.7294334016938,142.29703827596552
P07T19,Other,633.346,312.007,439.358,474.622,823.318,492.262,8.0,508.3548631291824,180.79234225586595
P07T19,Other,639.231,308.07,464.86,474.594,809.66,492.253,10.0,653.7463142033534,143.41217878508348
P07T19,Other,648.963,308.122,474.616,464.823,829.183,490.308,8.0,509.1373066571902,181.81547489416977
P07T19,Other,652.905,306.215,570.616,521.621,815.473,470.695,9.0,654.6462655044504,144.91273985242177
P07T19,Other,662.636,306.211,543.196,511.871,778.313,472.625,8.0,654.966558444667,145.57998046960802
P07T19,Other,666.546,306.199,598.024,476.566,750.869,482.489,8.0,509.18248852521583,182.8752748372308
P07T19,Other,668.62,306.127,650.929,470.68,707.756,474.61,8.0,510.05721932490815,183.91070058211517
P07T19,Other,674.476,306.07,654.887,462.95,725.338,476.488,8.0,654.7574548099077,145.90887471847677
P07T19,Other,680.269,304.212,662.63,472.681,719.532,478.466,9.0,509.7635535320229,184.15969270500796
P07T19,Other,682.186,304.2,670.529,476.605,729.381,486.335,8.0,655.0434935485212,146.5530527184646
P07T19,Other,682.293,304.166,660.69,488.293,741.053,494.294,8.0,511.0172814072664,184.7160627441349
P07T19,Other,686.185,304.202,639.191,496.136,754.775,507.98,8.0,655.8121063312981,146.46724546971734
P07T19,Other,688.19,304.192,648.96,525.555,774.327,525.523,8.0,511.5782025760324,185.18465161507126
P07T19,Other,690.102,306.039,647.037,556.902,790.02,543.189,8.0,655.6483733354463,146.26110067249036
P07T19,Other,688.148,306.09,605.854,580.427,811.627,580.373,8.0,656.4368007505261,146.1989726930347
P07T19,Other,686.204,306.169,594.129,601.997,823.353,582.362,8.0,512.6683423515094,187.0514847349341
P07T19,Other,682.392,306.096,584.301,592.136,827.238,574.549,8.0,655.7003261022296,146.16857271848153
P07T19,Other,682.246,306.042,570.528,588.267,835.068,554.879,8.0,512.597850486472,185.867559376823
P07T19,Other,680.295,306.09,555.003,584.271,835.049,558.83,8.0,656.496268665113,144.81950287891684
P07T19,Other,676.412,306.071,545.148,572.552,835.114,541.22,8.0,513.5693950636023,184.96337595075178
P07T19,Other,672.508,306.062,541.162,558.887,827.303,541.196,9.0,657.2438935784576,144.30386350473512
P07T19,Other,666.712,304.25,537.282,554.935,837.026,527.488,9.0,512.6680371323436,181.38499950443185
P07T19,Other,664.688,306.116,523.593,531.434,815.465,533.386,8.0,657.5032959921414,144.5731417718396
P07T19,LKnee,658.794,306.157,519.655,531.422,823.3,527.496,8.0,512.2947098228683,180.7141643482962
P07T19,Other,651.005,306.153,519.655,539.26,807.635,511.84,9.0,657.5355409911369,143.19810717713378
P07T19,Other,648.907,306.188,511.793,547.07,797.867,539.226,8.0,513.2519269116946,181.33175231923636
P07T19,Other,641.121,306.154,507.829,545.157,795.947,537.324,8.0,657.4382282391167,141.16488047627604
P07T19,Other,635.253,306.178,503.979,554.841,788.075,539.283,8.0,514.115946066855,178.6356227379478
P07T19,Other,631.356,306.153,498.132,558.823,774.318,554.878,8.0,657.688448690397,140.18115495658594
P07T19,Other,623.539,306.128,494.186,570.614,760.665,558.886,8.0,514.0938390707975,178.02649758977344
P07T19,Other,619.619,306.199,494.149,574.496,745.011,568.659,8.0,658.2654092659207,138.50533157189147
P07T19,Other,617.66,308.053,492.31,574.542,739.119,576.502,8.0,514.3248185752104,177.52706723043852
P07T19,Other,615.637,308.104,492.315,580.389,723.367,586.276,8.0,617.5614271703217,176.81665434243197
P07T19,Other,609.821,308.057,494.133,580.435,709.676,584.325,8.0,513.8037251370647,175.23154144826023
P07T19,Other,605.878,308.092,494.197,582.339,692.094,588.225,8.0,648.4002912846167,160.63178710521728
P07T19,Other,602.038,308.125,494.284,586.292,676.425,588.241,8.0,514.8557421948661,173.05020406668837
P07T19,Other,600.011,308.154,494.294,572.504,664.621,586.219,8.0,659.6548259254706,135.7854913411968
P07T19,Other,597.986,308.105,498.162,578.424,649.045,584.255,8.0,515.3951155236325,172.79812648399172
P07T19,Other,592.192,308.068,502.003,578.461,645.07,570.619,8.0,660.0560077208577,134.90382856213338
P07T19,Other,590.217,308.066,502.0,574.512,637.228,564.733,8.0,516.4511248624892,169.74519520572727
P07T19,Other,588.291,308.096,503.989,576.499,645.054,554.876,8.0,660.8176381490268,133.04853899838682
P07T19,Other,588.271,308.142,503.998,578.461,646.966,554.999,8.0,516.7036977920834,169.09968680127915
P07T19,Other,588.279,310.045,507.813,584.34,648.982,556.964,8.0,661.2629660438881,131.6549894376167
P07T19,Other,588.335,310.065,507.812,586.225,654.864,566.634,8.0,516.633533444794,166.58373217370195
P07T19,Other,590.202,311.985,505.966,590.199,670.514,564.737,8.0,662.3178900531645,130.58651618862098
P07T19,Other,592.189,310.065,505.898,596.075,678.325,584.307,9.0,517.6356491205406,164.3351615756848
P07T19,Other,598.068,311.975,505.925,599.968,693.986,592.139,9.0,662.2474509328006,129.86827333305925
P07T19,Other,601.979,312.017,505.934,599.955,729.279,570.57,8.0,518.0921132840109,163.01010725189997
P07T19,Other,604.021,308.146,505.93,592.188,731.247,584.287,8.0,662.2149481962363,128.8293389971666
P07T19,Other,617.642,306.159,507.859,582.336,760.636,580.396,10.0,518.4122905779568,162.75364614601892
P07T19,Other,621.578,306.077,507.847,586.23,776.289,582.338,10.0,663.1834070712683,127.48428632871426
P07T19,Other,631.345,304.195,507.997,586.275,789.99,570.648,10.0,519.8380091673163,160.78448997508028
P07T19,Other,635.267,304.158,509.963,582.338,801.812,566.714,10.0,662.9633295000112,127.04262399039774
P07T19,Other,643.051,304.148,513.826,584.269,807.764,564.713,10.0,517.2577257561121,157.87454037734062
P07T19,Other,648.995,304.152,521.607,586.268,819.373,566.642,10.0,663.6548182814997,125.44735420767368
P07T19,Other,651.036,304.174,525.46,588.183,823.329,566.662,10.0,517.3704078229015,156.59968269268637
P07T19,Other,662.63,304.247,533.398,590.19,829.215,568.618,10.0,663.6515550384053,124.70985360004853
P07T19,Other,666.62,306.108,539.298,599.954,836.977,562.771,10.0,517.5041253701688,155.37137080023675
P07T19,Other,670.546,306.076,549.04,601.984,837.114,566.684,10.0,663.9251945736793,122.7937503829385
P07T19,Other,680.222,306.128,556.841,605.937,838.933,578.463,10.0,518.5558936880612,154.0988660296059
P07T19,Other,682.245,306.111,568.575,603.922,837.052,578.437,10.0,664.582184944515,123.17396045843964
P07T19,Other,684.255,306.043,572.543,603.943,837.037,582.347,10.0,518.242743634329,152.80568328971617
P07T19,Other,690.143,304.211,582.338,601.934,833.162,586.243,10.0,518.4168059072314,152.0640566391396
P07T19,MidHip,695.922,304.203,586.296,603.919,829.225,586.293,10.0,664.0072146889486,122.37048422604973
P07T19,MidHip,697.879,304.103,590.193,600.022,825.31,586.277,10.0,517.5356457212049,152.4928293210758
P07T19,Other,698.021,304.111,592.172,601.898,823.257,586.33,9.0,664.2999466608076,122.21912189017664
P07T19,Other,699.933,304.09,594.091,603.899,819.443,590.179,9.0,517.5135656195062,152.10476683159388
P07T19,LKnee,701.902,304.157,592.19,602.01,815.512,588.178,9.0,664.8680689337116,121.97176630857828
P07T19,Other,705.741,302.186,592.132,601.997,811.598,588.249,9.0,518.4170959291076,151.5418637458683
P07T19,Other,709.68,300.228,590.197,599.973,809.654,586.303,9.0,664.4337764607338,121.49738116100743
P07T19,LKnee,711.652,300.209,588.293,598.044,811.557,586.33,9.0,518.2510720001576,151.76376792889408
P07T19,LKnee,711.722,298.312,588.233,603.915,811.582,586.338,9.0,664.0334081188926,121.2839699258801
P07T19,LKnee,713.567,296.327,586.196,594.095,817.404,582.339,9.0,518.9525767403172,152.17064797868792
P07T19,Other,713.617,294.399,584.335,594.13,817.464,582.366,8.0,664.061855052799,122.55942056576865
P07T19,Other,713.611,294.401,582.344,600.013,821.269,578.469,8.0,519.0659577341747,152.82374631241865
P07T19,RKnee,713.615,296.315,578.478,599.96,821.296,574.573,8.0,664.8628414619234,122.85901316458285
P07T19,LKnee,713.642,298.285,576.511,598.024,823.255,578.434,9.0,665.0675601377427,122.27847874600663
P07T19,LKnee,707.728,296.307,570.611,590.242,821.377,566.696,9.0,665.3124381652998,122.37899868666133
P07T19,MidHip,697.868,298.299,568.571,590.217,819.371,562.764,10.0,665.3498388160319,123.18281818661569
P07T19,MidHip,692.033,296.36,560.855,594.125,811.6,568.618,10.0,665.10056551898,123.90601009380849
P07T19,LKnee,682.32,300.214,556.887,596.099,805.743,564.74,9.0,666.3651169852958,123.69919121041173
P07T19,Other,678.358,302.13,554.915,601.908,803.68,570.578,10.0,666.872107747086,125.40183147627793
P07T19,Other,666.682,302.178,551.011,590.2,793.994,570.609,10.0,667.8013717589301,125.91420140764457
P07T19,Other,662.685,304.111,545.131,592.152,789.932,574.523,8.0,668.7822330663714,125.91059478121396
P07T19,LKnee,650.954,304.111,539.232,588.289,778.287,574.579,8.0,526.5197091497657,157.068855525314
P07T19,RKnee,645.014,304.082,527.574,576.51,772.348,580.386,8.0,669.2229165923347,126.30873353394806
P07T19,Other,633.382,304.119,523.53,590.184,760.564,584.33,9.0,525.9398404031031,156.70845840604434
P07T19,Other,625.453,304.151,509.899,580.378,746.984,584.339,8.0,670.6618812968711,126.36693894060946
P07T19,Other,617.607,304.201,502.045,572.64,737.141,588.323,8.0,527.4387836437061,155.85844500088788
P07T19,RKnee,607.802,306.042,492.251,572.612,725.309,590.193,8.0,671.4305608610152,126.67164367592761
P07T19,LKnee,601.898,306.124,480.516,570.567,711.554,588.279,8.0,528.324749696857,156.2515908503928
P07T19,Other,590.281,306.198,476.466,574.535,695.921,599.99,8.0,672.3418897243434,126.36096522534037
P07T19,LKnee,586.219,310.084,462.887,572.515,680.289,590.222,8.0,530.366047217394,155.37843567387944
P07T19,RKnee,576.461,308.119,458.873,570.676,664.717,594.102,9.0,673.2129857349883,127.46700409761773
P07T19,Other,570.693,310.083,447.285,568.628,652.892,601.977,9.0,531.1461864653404,155.37703441340844
P07T19,Other,568.663,312.009,445.206,566.666,647.053,602.017,9.0,675.2305905255125,126.89386402487537
P07T19,Other,562.781,308.092,445.105,556.984,643.11,602.008,8.0,532.7086377170623,155.09421524482616
P07T19,RKnee,556.991,308.116,441.273,554.994,646.983,596.069,9.0,675.8390333511228,126.62794279215451
P07T19,RKnee,554.993,308.143,435.467,554.998,648.862,596.059,9.0,533.5656865449157,154.81905135793846
P07T19,Other,554.867,312.019,437.382,552.968,652.89,586.308,8.0,677.2445243863772,126.87930388388769
P07T19,Other,553.012,313.93,439.355,554.896,660.753,586.284,8.0,535.9925165558507,154.35517648719576
P07T19,Other,552.97,312.035,443.301,556.846,666.659,588.295,8.0,679.1743137905385,126.98546247939974
P07T19,LKnee,552.965,313.965,445.267,556.843,670.565,584.265,8.0,537.9769673435642,153.89336298371794
P07T19,LKnee,552.957,315.865,447.276,556.931,680.335,586.214,8.0,680.0102994694437,125.9424108971386
P07T19,LKnee,552.964,315.904,451.111,556.948,684.255,588.211,8.0,539.4862123135649,153.5603121415856
P07T19,Other,556.817,313.971,464.891,564.744,696.044,586.231,8.0,681.4904735973255,125.46099562304506
P07T19,Other,557.002,313.954,474.55,562.756,697.959,584.336,8.0,539.4153755702647,154.12130069600812
P07T19,Other,566.668,315.914,476.505,570.603,698.02,586.236,8.0,681.7491504023003,124.65265682112468
P07T19,Other,570.573,317.887,480.485,570.628,699.869,588.186,8.0,540.3269292852171,150.0653882567198
P07T19,LKnee,574.529,319.827,490.271,572.639,699.92,588.19,8.0,683.4232968344272,123.62479078843535
P07T19,LKnee,584.347,321.869,492.185,576.514,703.86,598.021,8.0,540.9936363373128,150.46184294778928
P07T19,Other,588.294,327.661,496.178,588.217,711.552,603.881,8.0,684.3015475817135,123.33703930715754
P07T19,Other,601.849,337.437,505.949,601.883,713.558,605.908,10.0,543.2244277455079,150.03084514274428
P07T19,MidHip,605.871,345.334,509.883,613.713,721.45,617.561,10.0,686.4795755249208,122.59508513854576
P07T19,MidHip,617.633,357.033,519.646,623.51,731.249,619.61,10.0,545.3584208543002,148.005928198476
P07T19,MidHip,625.442,368.763,525.492,635.3,742.926,623.504,10.0,687.2198193924386,123.03232479167015
P07T19,Other,635.178,380.536,533.356,646.995,748.908,623.503,10.0,547.208177248536,147.96882504472933
P07T19,MidHip,639.224,384.571,539.337,654.835,760.685,635.238,10.0,689.5937309213239,122.31250622699497
P07T19,Other,648.983,398.134,547.066,656.811,774.261,635.328,10.0,547.8288346342389,147.2338417225717
P07T19,Other,652.885,402.096,554.919,666.688,778.304,645.05,10.0,690.7221256841489,121.79436966017613
P07T19,Other,658.785,411.924,562.759,678.347,790.094,648.939,10.0,549.6840905049559,144.90258071617086
P07T19,Other,662.713,415.848,570.656,688.171,794.018,650.968,10.0,690.4285144185949,122.33451530712601
P07T19,Other,664.702,423.689,576.473,688.18,801.792,658.734,10.0,552.5203803357404,144.30693626866548
P07T19,Other,666.626,429.495,586.201,682.298,805.729,656.836,10.0,691.684273077663,122.07403652027467
P07T19,Other,668.636,431.502,588.279,680.338,807.723,664.604,10.0,551.8598278311315,147.00359435275027
P07T19,Other,674.458,433.467,590.224,694.028,807.741,662.647,10.0,692.4068357360266,121.36725203450317
P07T19,Other,678.373,437.386,592.206,692.038,811.562,658.769,10.0,552.1347454771374,146.1877254446327
P07T19,Other,680.263,443.181,592.132,692.091,809.649,660.697,10.0,694.043627345831,122.3705012356591
P07T19,Other,680.376,443.276,592.132,695.972,809.664,658.798,10.0,551.635676158093,147.46193279294312
P07T19,Other,682.236,443.263,590.209,697.87,809.588,662.698,10.0,694.6351147745545,121.44513830139411
P07T19,Other,682.315,443.264,588.337,695.991,809.592,664.692,10.0,695.6056016746888,121.84968367525242
P07T19,Other,682.393,441.329,588.236,697.909,807.746,664.719,10.0,554.621570363598,146.4786871073438
P07T19,Other,684.221,439.373,586.269,697.954,805.786,666.556,10.0,696.3371973623432,121.46154449153254
P07T19,Other,682.382,437.406,584.312,699.888,805.62,664.703,10.0,554.3574717833698,146.37051642334822
P07T19,Other,682.311,437.364,580.408,698.034,799.819,666.615,10.0,696.4577681411445,122.01577472937855
P07T19,Other,682.24,439.344,574.485,695.888,793.973,666.656,10.0,555.5699242440911,147.19225819975415
P07T19,MidHip,680.35,437.354,570.563,699.975,791.902,664.656,10.0,697.5795249075821,122.11585982407834
P07T19,Other,680.221,435.405,568.643,696.031,788.035,668.604,10.0,557.1869522521213,147.69596311011776
P07T19,Other,676.362,433.44,558.864,696.045,776.374,672.502,10.0,698.0433753566341,121.88737161526251
P07T19,Other,668.593,431.556,554.967,695.955,772.385,668.556,10.0,559.4375395720308,147.59711390103283
P07T19,Other,666.546,431.511,553.003,692.074,768.491,672.482,10.0,698.4358274890265,122.8050206068833
P07T19,Other,662.683,429.603,547.11,682.305,760.593,670.564,10.0,559.1401768438478,147.62373719894947
P07T19,Other,654.84,429.563,541.235,682.279,754.729,672.472,10.0,699.6018478028359,123.38613359263465
P07T19,Other,650.864,429.534,537.224,678.325,746.994,668.532,10.0,558.1822436446473,148.1797776098299
P07T19,Other,647.045,429.468,527.571,672.5,744.957,672.472,10.0,699.5375413695833,123.35958554744732
P07T19,Other,639.22,427.536,525.519,668.562,742.923,672.509,10.0,560.4570890089124,148.8582286604185
P07T19,Other,635.259,427.614,523.518,664.708,735.194,672.48,10.0,699.8861783601808,123.30238084605688
P07T19,Other,633.229,423.687,515.723,660.727,735.141,664.58,10.0,560.6475362208654,149.28894298673558
P07T19,Other,627.386,419.734,509.945,664.65,727.386,666.557,10.0,701.0090114765648,123.63237719476217
P07T19,Other,619.624,417.839,507.849,666.588,725.305,666.633,10.0,560.7788777242544,149.60106143642233
P07T19,Other,617.674,419.743,503.994,664.639,721.459,664.642,10.0,701.4304796249381,123.75295130282709
P07T19,Other,617.518,419.757,502.018,660.74,729.377,662.652,10.0,561.3661917276503,149.35327220343183
P07T19,Other,615.599,419.75,498.168,662.66,719.475,664.69,10.0,702.2649651327622,124.00090241060596
P07T19,Other,611.744,417.855,496.221,658.791,715.632,664.715,10.0,561.1348383558174,150.80181730311327
P07T19,Other,605.955,417.857,496.161,660.704,715.588,664.672,10.0,702.0917959172601,124.40601608083651
P07T19,Other,603.953,419.785,494.286,662.667,715.56,668.573,10.0,561.5467846100935,150.94387626556033
P07T19,Other,603.911,421.685,494.268,664.639,715.542,666.565,10.0,703.0903817730706,124.13659193357309
P07T19,Other,603.856,421.716,494.278,664.582,715.599,666.632,10.0,563.6502719159049,152.40502516515343
P07T19,Other,602.03,421.747,494.257,662.653,717.511,668.564,10.0,704.0845270547748,125.60587674636095
P07T19,Other,601.984,423.64,494.179,662.694,717.548,670.517,10.0,563.261705296811,153.17646570438393
P07T19,Other,601.864,423.648,492.324,658.762,717.53,668.589,10.0,704.6048689151895,124.61883653576115
P07T19,Other,600.009,423.68,492.283,654.879,717.553,666.576,10.0,562.1242305562433,153.42122030712832
P07T19,Other,599.956,423.703,492.231,658.795,719.481,666.616,10.0,704.7001430517093,124.26626913690518
P07T19,Other,598.059,425.598,492.163,664.571,719.515,670.494,10.0,563.0458386577216,156.4336284187606
P07T19,Other,596.055,425.618,490.32,666.674,717.575,668.548,10.0,703.9187411227884,125.39827011279935
P07T19,Other,594.083,427.574,490.206,666.555,715.66,668.57,10.0,563.4674406076304,155.73089785235197
P07T19,Other,590.194,429.536,488.313,666.589,715.598,672.507,10.0,704.75462123945,125.62011510297125
P07T19,Other,588.317,431.442,484.399,670.501,713.676,678.291,10.0,561.3060637723235,155.91288232515262
P07T19,Other,590.16,431.539,486.352,670.506,713.642,680.288,10.0,704.045444117837,126.08019608248728
P07T19,Other,592.144,433.49,486.365,678.307,713.628,682.286,10.0,561.0741624723065,157.1655391602189
P07T19,Other,601.888,443.234,490.295,684.278,721.47,696.016,10.0,704.0583514544082,126.162575862686
P07T19,Other,605.841,447.152,494.203,688.128,729.367,697.929,10.0,561.377806705818,157.85578807760373
P07T19,Other,617.536,449.124,502.043,686.232,743.073,697.897,10.0,703.6134833427282,124.31120440508734
P07T19,Other,623.478,449.181,507.969,690.124,756.721,699.887,11.0,561.2670840293192,158.5010755706444
P07T19,Other,633.304,449.198,513.796,692.047,764.557,699.932,10.0,702.9945920182024,123.98542029990024
P07T19,Other,643.069,445.246,523.643,668.616,776.291,696.028,10.0,559.3537292658332,156.9562239445611
P07T19,Other,650.888,427.599,533.379,654.859,789.948,680.284,10.0,559.6561739236241,157.3051527393406
P07T19,Other,662.611,407.967,543.155,635.28,799.814,664.584,10.0,702.9680495434941,123.06989712559958
P07T19,Other,668.605,388.406,556.866,619.583,811.571,651.022,10.0,702.9661433233616,122.34392791379561
P07T19,Other,678.38,370.819,560.823,607.839,825.311,637.187,10.0,559.9291884795459,157.21520239485244
P07T19,Other,684.264,360.95,570.62,600.004,838.946,633.355,10.0,559.6784085798221,157.85902333393074
P07T19,Other,692.102,349.196,574.527,598.036,846.852,623.505,9.0,702.3710595667602,122.43957656707109
P07T19,Neck,696.048,331.607,574.495,584.331,852.728,613.698,8.0,559.7594557973002,156.1339546467041
P07T19,Neck,696.062,317.82,572.567,570.587,854.685,603.871,8.0,701.8249195942099,121.4784881098542
P07T19,Neck,695.878,302.222,570.511,558.893,852.802,592.135,8.0,558.4229217972899,156.54765971609973
P07T19,Neck,692.031,288.379,558.896,549.088,848.813,576.476,8.0,701.5558650294992,121.46117253889338
P07T19,Neck,684.258,268.916,556.956,537.315,846.827,562.767,7.0,559.6209300330114,155.146402487239
P07T19,LElbow,682.342,255.162,556.882,525.52,842.974,556.826,4.0,700.854451525802,120.3272591551083
P07T19,LElbow,680.372,243.349,554.975,517.699,840.946,549.067,8.0,556.0373291900086,154.0278951925435
P07T19,MidHip,674.43,229.783,554.836,513.808,837.118,541.247,8.0,701.3965082107597,120.22031639422657
P07T19,Neck,668.588,221.908,547.108,507.843,835.114,539.194,6.0,556.3877281461115,153.28050295355627
P07T19,MidHip,666.582,212.192,549.081,509.831,837.015,541.222,8.0,700.6682716883279,119.40103618991807
P07T19,LElbow,666.587,223.819,545.137,513.766,836.949,552.939,8.0,557.2329939285469,153.18926347687406
P07T19,LElbow,664.663,212.188,541.261,498.149,835.054,545.143,8.0,700.5473087465341,118.49027865962624
P07T19,MidHip,664.699,200.347,541.254,472.657,835.122,539.315,8.0,556.7111626365563,152.71558857911805
P07T19,MidHip,666.55,200.357,539.224,462.896,841.002,539.266,8.0,699.6383639519075,117.13945022668051
P07T19,MidHip,666.56,206.188,533.367,456.978,852.681,533.384,9.0,555.3116249220229,151.4463864950405
P07T19,LElbow,666.582,206.234,523.519,429.541,856.694,527.518,8.0,699.0468716537441,116.30625675597568
P07T19,LElbow,666.565,210.067,513.765,427.603,874.289,511.828,8.0,555.7902724485516,151.780258810704
P07T19,MidHip,666.601,210.138,502.032,431.484,882.067,496.182,8.0,698.323146492096,116.09934002933245
P07T19,LElbow,668.626,217.938,0.0,0.0,907.576,521.631,9.0,555.7499752587236,150.47569805202997
P07T19,MidHip,680.33,217.939,445.282,476.55,925.203,537.291,8.0,698.7276541527765,116.03991842024044
P07T19,MidHip,696.064,221.846,458.96,470.697,933.029,525.546,8.0,554.6549534567537,150.3377309056157
P07T19,MidHip,713.574,225.693,511.884,362.911,948.734,492.22,4.0,698.3942332261081,114.0702701481575
P07T19,Neck,727.322,227.805,505.942,437.389,944.802,462.864,5.0,555.4078971159179,148.3992931828591
P07T19,MidHip,740.991,241.508,531.436,429.501,919.329,406.038,8.0,697.9458523009068,113.68702681904996
P07T19,LElbow,746.902,255.118,590.26,435.398,893.879,368.773,5.0,553.137493636684,147.95842789344127
P07T19,MidHip,756.668,255.166,605.908,443.259,901.708,368.871,4.0,698.3098891614447,113.61830617037359
P07T19,MidHip,752.807,241.496,603.911,447.124,0.0,0.0,5.0,553.9257794560439,148.30639814532347
P07T19,MidHip,744.912,223.815,602.002,445.15,944.777,413.852,4.0,698.6085950263988,113.51312077200328
P07T19,LElbow,737.138,206.222,613.674,441.305,0.0,0.0,5.0,552.2696144666386,147.06601254860175
P07T19,LElbow,731.287,202.317,619.534,435.404,931.13,411.915,4.0,697.9006956356683,111.64869669466694
P07T19,LElbow,731.241,210.076,621.521,429.596,899.737,394.274,4.0,551.5299453506786,147.07951476961767
P07T19,MidHip,729.33,208.199,619.621,419.773,886.027,384.472,4.0,698.2812443177988,111.66442383893015
P07T19,LElbow,727.349,198.347,619.597,411.87,899.723,392.344,4.0,552.9562838312173,145.66810779578466
P07T19,MidHip,729.405,188.575,621.551,396.24,919.326,386.451,4.0,697.3018341672059,110.17933620448642
P07T19,MidHip,733.218,180.765,623.513,384.594,0.0,0.0,5.0,551.3764067550322,146.05293385381378
P07T19,MidHip,739.056,182.725,623.491,380.566,911.464,390.355,4.0,697.2338260264064,109.6221484672398
P07T19,LElbow,739.054,192.477,633.309,370.784,0.0,0.0,5.0,550.1220150980038,145.4904476304881
P07T19,LElbow,735.155,196.511,635.312,366.884,895.815,366.791,4.0,697.5857357655808,109.20072312409215
P07T19,MidHip,733.179,204.252,631.315,366.761,874.277,347.263,4.0,550.3565562009046,144.72054308456578
P07T19,MidHip,725.397,212.084,617.625,378.583,866.409,347.268,4.0,697.2161604428456,109.72330515199722
P07T19,MidHip,713.673,225.691,576.471,398.255,848.815,351.209,4.0,549.0656353972097,144.8698405041732
P07T19,LElbow,711.559,231.692,545.165,427.561,0.0,0.0,5.0,696.5043653075672,108.3185402072978
P07T19,LElbow,709.712,243.516,535.323,460.886,0.0,0.0,5.0,549.7121155096783,144.6680461579192
P07T19,MidHip,707.777,259.053,525.553,484.432,893.853,472.669,4.0,695.5127038074286,108.5903781614737
P07T19,MidHip,705.806,274.836,525.537,498.139,899.72,494.169,4.0,546.9090734408521,144.81519529040295
P07T19,MidHip,697.922,290.407,523.615,507.838,0.0,0.0,9.0,694.678329592248,106.81764809512879
P07T19,MidHip,682.309,298.251,496.188,502.026,0.0,0.0,5.0,547.5287047000148,142.70988775734656
P07T19,MidHip,676.363,302.228,496.186,529.51,0.0,0.0,5.0,694.6555883003832,107.01964992155669
P07T19,MidHip,668.527,306.168,480.514,552.959,905.608,584.297,10.0,545.434391719026,142.12245136280774
P07T19,MidHip,666.579,315.878,470.692,570.62,929.107,629.36,10.0,693.5454638854857,107.58950052490908
P07T19,MidHip,650.963,306.107,455.018,562.779,946.759,574.569,9.0,546.7025593308803,142.94293792115442
P07T19,MidHip,635.31,302.222,455.03,570.594,933.103,617.61,9.0,692.4906972951335,107.76606767285804
P07T19,MidHip,625.498,290.434,447.216,558.874,0.0,0.0,12.0,560.913251679946,148.78162206435425
P07T19,MidHip,617.559,280.686,443.224,554.948,0.0,0.0,11.0,699.5524979740201,112.60651733890337
P07T19,MidHip,613.674,272.809,439.339,552.972,1007.47,556.835,10.0,575.75703143555,158.0416776729314
P07T19,LElbow,599.963,270.891,427.588,541.168,1021.19,586.313,13.0,714.2623065353387,123.17078902048435
P07T19,MidHip,592.129,272.768,411.922,539.276,899.729,637.226,9.0,573.3622375427902,162.4250654127595
P07T19,MidHip,619.683,272.861,439.352,521.582,1009.47,464.792,9.0,715.6509672211982,127.44135893342742
P07T19,MidHip,635.273,276.702,453.057,519.658,991.832,449.123,9.0,566.2982992234463,166.05604431572885
P07T19,MidHip,649.026,276.773,462.913,511.87,0.0,0.0,10.0,711.8034334597646,127.75718487581572
P07T19,LElbow,662.651,274.837,476.546,509.937,1021.17,453.05,9.0,567.7517826315387,166.00020796714927
P07T19,Neck,672.512,272.853,496.159,505.945,1031.02,502.034,9.0,708.4133426760827,125.85080522696775
P07T19,MidHip,690.132,272.744,513.829,503.991,933.0,372.766,9.0,565.6788699124289,162.6994350158894
P07T19,MidHip,709.703,261.064,517.72,507.837,966.41,402.108,9.0,707.3707094803874,125.21588720260164
P07T19,MidHip,727.349,247.329,539.253,492.217,1111.33,447.23,8.0,707.9098597888649,125.36609117896793
P07T19,LElbow,743.08,225.856,549.045,476.607,0.0,0.0,7.0,567.0847922502004,163.31751086305076
P07T19,MidHip,754.77,204.219,564.734,456.989,1005.56,331.599,5.0,705.1854959572846,124.91857140755293
P07T19,MidHip,760.706,180.764,564.726,431.448,976.123,288.469,6.0,562.6562276517031,162.77643580546382
P07T19,MidHip,760.65,163.134,570.611,415.771,1058.46,449.15,5.0,703.9379446806089,125.40774389492437
P07T19,MidHip,758.667,141.531,562.776,413.917,0.0,0.0,5.0,562.84618474533,162.06382812259258
P07T19,MidHip,762.572,118.051,570.59,411.926,972.217,286.527,9.0,704.4277114851643,125.4533383304158
P07T19,MidHip,788.016,100.399,590.235,398.204,0.0,0.0,10.0,563.6747092650057,162.33125409890502
P07T19,MidHip,809.657,76.9306,666.616,368.805,1166.14,221.908,6.0,704.7662634189379,125.53085713434078
P07T19,Other,819.346,41.6549,635.242,321.827,0.0,0.0,7.0,559.7257007393199,162.32560548539345
P07T19,Other,815.474,22.111,648.952,290.412,1072.13,184.694,7.0,701.172607165171,125.13297617984698
P07T19,Other,809.584,20.0916,650.966,278.689,1101.56,317.87,6.0,560.2259622463869,163.4370992064326
P07T19,Other,805.68,21.9926,635.248,265.008,1087.87,317.892,10.0,700.3297819218584,125.68942919010377
P07T19,Other,805.594,23.9812,633.293,263.048,1058.44,263.034,10.0,559.4961729341012,162.91649734953688
P07T19,Other,794.02,24.1016,560.815,308.088,1054.48,255.173,8.0,699.5118072774217,125.7213679130879
P07T19,Other,791.934,24.1213,562.768,304.205,1072.07,268.907,8.0,558.6673560016145,164.16942080989642
P07T19,LElbow,791.908,23.9993,572.505,302.14,1040.78,255.185,9.0,699.8762988668018,125.80114670683349
P07T19,MidHip,803.739,19.9992,586.335,294.38,1042.72,210.135,8.0,556.6020950864829,163.5798044248022
P07T19,MidHip,819.401,5.3436,603.912,292.39,1072.08,241.49,8.0,698.2505724641003,125.41346968895175
P07T19,MidHip,848.792,5.35417,646.991,272.837,1060.42,167.056,7.0,555.3541402247539,164.5864066362843
P07T19,MidHip,872.323,5.35991,729.339,231.692,1066.26,406.052,6.0,697.2374785703275,125.96949944126506
P07T19,Other,886.136,5.36723,0.0,0.0,931.094,556.878,13.0,555.368201316794,163.81948802640736
P07T19,LElbow,887.974,5.38348,766.521,257.209,0.0,0.0,9.0,697.5811949254112,126.01277694353698
P07T19,LElbow,874.235,5.35955,0.0,0.0,0.0,0.0,11.0,553.7054111370171,163.01692906165928
P07T19,Other,850.778,5.35783,650.939,313.947,0.0,0.0,8.0,696.2667757055642,125.1821606646254
P07T19,Other,839.071,35.7953,674.43,337.522,0.0,0.0,7.0,553.1405023898419,163.5412307063602
P07T19,LElbow,854.682,100.45,662.669,382.51,835.046,715.624,6.0,695.5045377347425,125.31433059352366
P07T19,Other,868.313,188.549,596.064,413.841,842.935,715.628,11.0,551.4937878532659,162.94999930308393
P07T19,LElbow,860.577,270.8,572.586,458.96,0.0,0.0,10.0,693.7405143846921,124.69517780159124
P07T19,Nose,854.625,337.531,0.0,0.0,0.0,0.0,19.0,550.365065569591,163.32016133856044
P07T19,Other,852.731,400.22,0.0,0.0,0.0,0.0,21.0,552.1552317080814,164.03818219627692
P07T19,RElbow,854.71,435.457,594.092,639.2,0.0,0.0,15.0,692.9315495440521,124.81996791428357
P07T19,RElbow,870.351,449.154,625.478,662.708,0.0,0.0,16.0,551.1750544960871,164.6885312806005
P07T19,Other,899.69,458.886,643.109,682.231,0.0,0.0,17.0,693.1856415401367,124.8841557308052
P07T19,Other,917.452,462.905,692.047,696.012,0.0,0.0,16.0,548.4637798604991,163.7826524902614
P07T19,Other,942.865,462.945,727.312,697.947,0.0,0.0,16.0,691.7869885954233,124.5746753577569
P07T19,Other,946.768,456.936,766.521,684.248,0.0,0.0,15.0,691.1388326660916,124.56274065962751
P07T19,Other,933.125,433.435,695.955,658.769,0.0,0.0,15.0,546.7195544668157,161.92217111179627
P07T19,Other,915.413,402.158,682.226,619.567,0.0,0.0,15.0,690.0049000107524,123.33951563641959
P07T19,Other,891.881,378.569,746.933,586.28,0.0,0.0,15.0,544.0917981495492,162.1479360717598
P07T19,Other,872.279,351.253,666.646,568.68,0.0,0.0,13.0,688.4450183418292,125.03347570368736
P07T19,Other,852.69,335.565,650.918,552.95,0.0,0.0,11.0,544.9044447995707,162.24786650056524
P07T19,Other,825.303,321.831,694.026,525.498,935.038,715.607,10.0,687.2836180127852,124.6042725320817
P07T19,Other,807.737,317.903,688.134,507.944,903.651,715.615,10.0,541.0167302614965,161.37263936531735
P07T19,Neck,795.956,308.069,682.244,494.186,917.41,682.312,10.0,685.9758136487939,124.42921848102388
P07T19,Neck,792.027,306.106,682.243,478.603,917.369,676.418,10.0,541.8807721769488,161.53073508297044
P07T19,Neck,792.063,306.146,682.324,476.568,931.089,658.769,10.0,542.3843691736479,161.6056038106452
P07T19,Neck,795.914,306.222,690.125,476.484,942.825,656.83,12.0,684.9637092596665,124.76156231438992
P07T19,Neck,805.738,310.071,697.996,476.611,952.649,662.685,10.0,542.8983022536339,161.67772638408908
P07T19,Neck,813.562,319.738,637.246,505.963,972.233,682.277,10.0,685.1002791050755,124.80223481525414
P07T19,Neck,817.447,323.772,715.569,494.293,974.156,682.289,10.0,532.2486044222668,161.74975459126628
P07T19,Neck,821.263,337.527,717.543,509.912,987.891,715.589,10.0,681.6039684716249,123.8520396672902
P07T19,Neck,821.381,355.08,729.305,525.545,0.0,0.0,11.0,531.2247208802256,161.72342390855468
P07T19,Other,815.463,370.757,729.293,529.444,0.0,0.0,12.0,681.1080132148095,124.10256623342318
P07T19,Other,792.007,376.62,711.656,531.439,0.0,0.0,12.0,529.2850248394357,162.26535247213903
P07T19,Other,760.644,382.518,690.13,539.296,0.0,0.0,12.0,679.0314938778533,123.28133739653444
P07T19,Other,729.388,382.532,695.991,605.857,0.0,0.0,13.0,528.5832566924976,162.9828029905101
P07T19,Other,713.728,355.071,656.831,507.91,919.318,680.347,9.0,677.243993189066,124.27833335518804
P07T19,Other,729.277,349.177,613.715,527.499,933.058,646.99,10.0,529.0372752100303,162.99174221333496
P07T19,Other,758.621,337.52,674.441,503.997,972.225,648.961,9.0,677.3376174714092,124.25684836207894
P07T19,Other,774.323,310.079,697.929,476.616,980.039,617.666,11.0,529.3926208223652,163.05502685380017
P07T19,Other,772.32,286.51,713.645,449.18,966.344,527.53,11.0,677.2727851309357,124.30867847107037
P07T19,Other,758.598,259.18,697.969,427.526,997.707,552.942,5.0,521.5864209650244,163.7051600798514
P07T19,Other,743.023,241.385,703.838,402.106,999.672,525.541,9.0,677.208019002072,124.36089412625248
P07T19,Other,729.314,223.846,688.172,396.263,985.969,464.805,7.0,521.6197559839881,164.7973962791706
P07T19,Other,719.51,212.049,664.617,382.592,999.638,490.259,5.0,677.1435218814438,124.41332883947608
P07T19,Other,713.556,208.175,664.674,372.768,1003.55,486.34,5.0,518.690895012297,164.3537831592084
P07T19,Other,711.636,208.199,650.992,374.673,997.735,480.496,5.0,667.1743293994767,131.49652874208198
P07T19,Other,713.701,212.132,664.659,384.508,1013.4,488.334,9.0,520.3898734425668,173.54596345648818
P07T19,Other,727.237,223.856,674.423,390.377,1003.58,445.223,5.0,667.8050398708315,131.05394388499124
P07T19,Other,727.348,227.738,672.466,400.235,0.0,0.0,6.0,515.9696214554334,164.63333770749705
P07T19,Other,727.231,229.692,668.583,413.804,0.0,0.0,6.0,667.6180158141974,131.1958491566754
P07T19,Other,725.375,225.817,670.558,413.81,0.0,0.0,6.0,516.5603560472769,165.3898090505507
P07T19,Other,741.004,227.692,676.359,417.826,0.0,0.0,6.0,667.4288995980655,131.3397937246258
P07T19,Other,762.63,229.748,698.004,429.592,0.0,0.0,11.0,517.9686426308044,174.5427775978743
P07T19,Other,788.048,225.709,682.31,429.531,1076.09,527.543,5.0,665.1112719481998,125.55332530203648
P07T19,Other,801.74,204.244,741.06,392.312,1040.76,527.496,5.0,518.1092911678968,173.9614313458056
P07T19,Other,807.671,190.542,748.884,378.604,1128.96,545.124,8.0,664.1331122414308,126.66799819386293
P07T19,Other,819.412,182.759,758.658,366.776,1089.75,535.359,5.0,513.6509952009428,167.9596218938434
P07T19,Neck,829.229,182.714,774.342,353.233,1068.2,547.07,5.0,662.9208139980699,127.2906741497159
P07T19,Neck,850.706,176.839,797.862,343.359,1062.37,551.022,8.0,513.0098944590654,169.243720087034
P07T19,LElbow,868.364,165.123,815.492,337.479,1076.09,492.205,4.0,662.76527515722,127.32917200142937
P07T19,LElbow,885.96,163.104,836.982,331.587,1091.76,490.258,4.0,511.3652005358529,168.67421212518087
P07T19,LElbow,889.912,159.146,841.022,325.719,1101.51,474.615,4.0,661.3731510021581,127.7277056103045
P07T19,LElbow,884.154,145.415,840.955,306.156,1099.58,447.138,4.0,511.6949754626734,168.81290096115296
P07T19,LElbow,876.251,116.037,813.541,278.691,1085.86,396.247,4.0,661.2099753693612,127.79413111153406
P07T19,LElbow,866.372,71.0397,782.21,241.534,1066.24,362.901,2.0,511.0624658971812,169.75979353931066
P07T19,LElbow,856.652,35.766,774.37,206.197,1042.8,321.761,1.0,661.2437508475647,128.11828169249372
P07T19,LElbow,848.763,5.35309,782.189,163.156,1058.42,306.099,4.0,511.30216993323177,169.78145856382056
P07T19,LElbow,0.0,0.0,793.968,151.319,0.0,0.0,10.0,660.9637367882035,128.195274272332
P07T19,LElbow,0.0,0.0,805.725,155.297,0.0,0.0,8.0,511.48036145079004,169.87142356192064
P07T19,LElbow,901.712,25.9496,0.0,0.0,1072.13,304.155,9.0,660.7079347984733,128.2917414592732
P07T19,LElbow,929.109,59.2491,831.19,255.163,1125.04,447.195,5.0,509.0605842852559,169.34899500847314
P07T19,LElbow,944.817,84.7347,854.689,276.738,991.801,315.926,8.0,660.4521499632581,128.38851276449256
P07T19,LElbow,948.8,96.4912,858.607,280.642,995.805,321.812,4.0,509.8440617020159,170.27309448749008
P07T19,LElbow,950.663,96.4625,846.835,276.703,1005.5,394.283,4.0,660.1920523426089,128.48723165854645
P07T19,LElbow,938.919,86.6335,835.099,259.194,0.0,0.0,6.0,510.3787701467911,170.99843241162748
P07T19,LElbow,927.176,90.6105,821.383,261.112,974.19,576.485,3.0,659.9326425155203,128.58600428276418
P07T19,LElbow,917.381,106.285,805.701,276.74,960.462,639.166,4.0,509.664258149598,170.03587492687458
P07T19,LElbow,897.753,131.685,790.011,288.559,942.845,605.89,8.0,659.6707421879003,128.68604155197022
P07T19,LElbow,864.436,127.857,752.796,278.676,921.278,580.396,3.0,509.8021355784491,171.27484720583467
P07T19,Other,817.438,118.067,721.461,274.734,915.347,560.793,5.0,659.4081986588228,128.78664102374
P07T19,LElbow,764.588,112.195,668.565,270.84,901.634,529.491,3.0,510.469510081581,169.6311312887941
P07T19,LElbow,701.888,102.423,621.54,266.939,888.045,525.593,4.0,659.1465222579197,128.88722109281318
P07T19,LElbow,645.062,98.4044,586.265,259.113,884.027,515.757,5.0,658.8859594779572,128.987681050206
P07T19,LElbow,599.94,73.0348,552.973,235.621,870.388,488.345,3.0,510.7204066596136,169.85955759367397
P07T19,LElbow,560.833,55.2956,533.363,214.057,868.399,478.523,4.0,658.6237900057682,129.08906819108043
P07T19,LElbow,527.575,43.6122,509.852,210.146,844.872,453.067,9.0,510.92039729456064,169.91756400976266
P07T19,RKnee,1181.77,102.5,1168.15,157.228,1191.68,176.761,0.0,658.3589473558965,129.19180010797962
P07T19,RKnee,1166.17,100.32,1162.26,149.326,1179.88,159.179,0.0,511.12998431103097,169.9737703904535
P07T19,RKnee,1150.53,98.3935,1142.67,149.363,1168.17,167.044,0.0,511.23438068273487,170.00013788148115
P07T19,RKnee,1136.77,100.417,1125.04,149.324,1142.67,149.38,0.0,658.0944357007501,129.29471322714338
P07T19,Other,1121.04,102.416,1105.54,151.327,1128.97,155.276,0.0,511.4500664407341,170.05141459433196
P07T19,Other,1103.46,104.325,1093.67,151.377,0.0,0.0,1.0,666.4814810922367,130.64237869227412
P07T19,Other,1085.79,108.264,1068.25,151.422,1085.81,153.335,0.0,510.9526822181833,168.88719541276893
P07T19,Other,633.354,180.711,570.587,368.87,0.0,0.0,10.0,662.2495433804177,128.32507373220201
P07T19,LKnee,1031.0,151.425,1009.5,196.436,1036.87,202.313,1.0,661.0830355966391,136.95832559840107
P07T19,LElbow,672.479,184.651,584.347,384.557,888.01,678.38,9.0,510.3914161156033,168.20259710417403
P07T19,Other,684.208,208.167,588.232,419.767,903.652,715.601,10.0,660.9693252010973,136.46277577227735
P07T19,RKnee,960.503,255.176,946.682,306.046,950.703,310.072,0.0,510.1684284355594,168.48489983458387
P07T19,RElbow,960.492,284.574,946.726,339.432,960.441,341.372,3.0,662.595706635509,128.33165794007712
P07T19,RElbow,952.671,304.102,954.618,366.904,966.332,364.912,0.0,510.1347611409734,167.5735507717974
P07T19,LElbow,768.506,239.489,649.015,460.915,1038.84,629.402,9.0,662.6252682726843,128.51782609352534
P07T19,Neck,768.495,229.758,664.612,456.946,1032.94,572.619,10.0,510.80353702119646,167.58158683771174
P07T19,Neck,770.415,227.817,666.563,456.931,1064.34,556.966,10.0,662.4042750983781,128.65317127897188
P07T19,RElbow,1148.57,409.993,1132.84,400.152,0.0,0.0,11.0,511.8918981873594,167.17972136635538
P07T19,Neck,788.023,223.81,696.018,429.579,1040.83,650.966,9.0,663.5347866002573,128.39454368495038
P07T19,Neck,809.668,223.797,733.23,423.655,1036.88,660.717,10.0,511.0871654975182,167.55460082727015
P07T19,Neck,838.964,219.911,758.659,415.924,1032.96,668.566,9.0,663.2188707593773,127.94437187003453
P07T19,Neck,858.587,212.164,778.297,413.909,1034.91,666.584,9.0,512.3853014488577,166.661598669201
P07T19,Neck,872.373,214.019,792.033,411.876,1032.99,688.169,9.0,663.0455185689411,128.06745525604902
P07T19,Neck,887.978,216.046,805.673,409.946,1036.85,692.069,9.0,512.2656912992819,166.2395334201481
P07T19,Neck,901.656,225.705,809.663,417.858,1046.68,697.944,9.0,663.54609859828,127.42059740682241
P07T19,Neck,913.487,229.744,829.226,427.546,1056.48,715.597,9.0,513.7304625632264,166.92556438527185
P07T19,Neck,931.003,241.445,842.94,443.193,1083.88,699.926,9.0,663.3219619315497,127.54869779925001
P07T19,Neck,946.716,255.198,854.692,451.075,1111.3,715.614,9.0,514.5732797548167,166.91869139833008
P07T19,Neck,964.311,270.791,868.385,472.613,1134.83,715.612,9.0,663.1555794378439,127.6164723723107
P07T19,Neck,983.998,288.44,886.025,492.25,0.0,0.0,10.0,514.8073500177856,166.88104483111005
P07T19,Neck,995.822,302.17,886.031,511.81,0.0,0.0,10.0,662.9866775677474,127.6855412063951
P07T19,Neck,1001.6,321.831,870.396,535.342,0.0,0.0,11.0,514.6273760940901,165.81248967570505
P07T19,Neck,999.66,335.524,874.268,541.159,0.0,0.0,12.0,671.46791667078,129.01733349871972
P07T19,Neck,982.08,355.125,846.851,582.387,0.0,0.0,15.0,516.153615289733,174.928648969015
P07T19,Neck,980.038,415.854,825.28,619.532,0.0,0.0,15.0,670.6903891087732,128.99821255160234
P07T19,Nose,972.238,462.885,790.05,650.984,0.0,0.0,15.0,516.3700781208836,174.23370494839608
P07T19,Other,982.026,531.4,774.364,697.897,0.0,0.0,15.0,517.5624827775333,165.30688921976179
P07T19,Neck,997.685,572.623,746.937,715.604,0.0,0.0,15.0,670.5995574320793,129.1263912119516
P07T19,Neck,976.109,562.798,0.0,0.0,0.0,0.0,16.0,517.9576855949106,165.92315776575512
P07T19,Neck,978.061,547.097,0.0,0.0,0.0,0.0,17.0,670.5392737643757,129.21230182750503
P07T19,Neck,976.173,523.541,0.0,0.0,0.0,0.0,17.0,670.4787336280958,129.29925840769155
P07T19,Neck,962.464,476.582,0.0,0.0,0.0,0.0,16.0,670.4173224986652,129.38816788028865
P07T19,Nose,962.373,456.949,793.961,304.178,0.0,0.0,12.0,670.358044864381,129.4746639286432
P07T19,LElbow,774.243,257.035,762.644,319.82,0.0,0.0,11.0,670.2983011480081,129.56251632727367
P07T19,MidHip,764.544,261.036,770.452,313.987,762.618,304.223,11.0,670.238671369528,129.65088312040916
P07T19,LElbow,762.576,257.123,760.679,308.072,780.246,306.091,11.0,670.1782012273773,129.74119619768203
P07T19,LKnee,774.395,251.231,764.576,304.174,790.003,304.115,5.0,670.118742838061,129.83069155770383
P07T19,LKnee,768.465,237.561,758.706,290.474,789.979,292.393,3.0,678.697987838044,131.20717413467116
P07T19,LKnee,760.739,241.428,760.695,300.221,762.653,290.486,1.0,678.0311358228439,131.20629390570585
P07T19,LKnee,760.548,253.233,748.866,302.161,743.044,292.431,1.0,531.9223636810359,172.56852763702884
P07T19,LKnee,743.098,261.044,735.142,308.064,729.271,306.148,1.0,678.080404588985,131.31524651622132
P07T19,LKnee,725.382,259.098,715.61,306.215,729.369,304.219,1.0,528.4192185095146,164.5310354924868
P07T19,LKnee,705.819,235.557,697.878,286.568,699.894,274.758,1.0,678.0649957409462,128.73167944022092
P07T19,LKnee,648.993,180.843,643.071,229.793,652.876,225.862,1.0,529.967303905402,164.31712378128333
P07T19,LKnee,621.524,176.794,619.51,227.789,635.284,223.842,1.0,678.6414074566732,128.7614795519929
P07T19,LKnee,588.313,165.091,586.337,212.051,601.912,210.095,0.0,531.4128077818795,163.43415143570056
P07T19,Neck,809.675,319.77,680.344,570.647,0.0,0.0,15.0,678.654836867054,128.85658338850394
P07T19,LKnee,503.981,176.768,507.854,221.916,525.53,221.846,1.0,532.8297797981655,163.51696873051787
P07T19,LKnee,490.274,157.224,494.18,204.218,480.468,206.187,1.0,678.7106865857833,128.92800280214007
P07T19,LKnee,478.468,153.354,478.52,206.184,484.411,202.276,1.0,533.2830968164524,163.01315849262167
P07T19,LKnee,451.069,149.512,447.128,198.444,462.832,202.316,1.0,681.5266206797664,127.51484741184194
P07T19,LKnee,423.673,149.362,425.602,198.372,427.577,196.363,0.0,534.29422487956,163.280348920056
P07T19,LKnee,411.858,145.431,415.751,190.544,400.097,194.43,1.0,683.9666191587457,127.19976304810588
P07T19,LKnee,400.236,133.769,402.188,182.753,398.202,180.714,1.0,536.8355937584175,161.712311097157
P07T19,LKnee,631.378,143.535,603.98,143.519,647.024,147.421,3.0,537.9655768575866,160.33313310271234
P07T19,LKnee,388.414,117.994,396.178,167.043,386.472,163.116,1.0,539.1063608554116,160.4648676773451
P07T19,LKnee,386.414,123.955,398.221,174.851,384.522,170.971,1.0,540.5581442261603,160.0466449154252
P07T19,LKnee,398.155,125.85,406.024,168.968,400.157,169.002,1.0,541.9029285559309,160.3668653634154
P07T19,LKnee,384.572,102.37,394.252,147.492,400.097,145.472,0.0,543.9065948303883,161.72232356903348
P07T19,LKnee,351.267,100.33,364.89,147.367,357.101,143.534,0.0,546.5067094403248,161.9859246433745
P07T19,LKnee,364.904,76.8829,368.906,123.943,368.781,118.139,1.0,547.4738396967477,162.15306367466562
P07T19,Other,351.172,84.6819,355.126,131.807,357.092,131.71,1.0,549.7644409826628,162.97166873622533
P07T19,LKnee,331.583,86.6756,335.504,120.033,337.453,125.882,0.0,550.8330981516092,160.87258961440176
P07T19,MidHip,672.497,180.713,629.397,382.528,827.245,572.641,9.0,552.8683756087264,161.79545512461232
P07T19,MidHip,607.865,176.757,574.494,370.796,791.933,531.414,3.0,553.7193106458088,161.25517498926345
P07T19,LElbow,572.554,192.425,543.211,376.633,752.794,519.647,3.0,556.0806876007645,170.7010241063449
P07T19,LKnee,208.174,116.138,217.964,169.026,233.665,167.053,1.0,557.5696609651098,161.09041926776717
P07T19,LKnee,208.165,127.815,225.774,182.664,239.481,180.736,1.0,559.5143373278896,160.38211095187228
P07T19,LKnee,210.073,145.424,196.494,161.118,219.935,194.451,1.0,560.6533287373433,160.66740829004038
P07T19,LKnee,219.948,149.376,231.648,196.461,216.005,194.377,1.0,563.0460513018575,170.06791505071183
P07T19,LKnee,223.772,163.178,239.496,210.168,227.759,208.149,0.0,564.1825281911007,169.52142708048436
P07T19,LKnee,225.822,165.127,243.421,212.021,227.847,212.07,0.0,565.8476647886666,159.50370603373725
P07T19,LKnee,227.779,169.037,245.442,212.135,237.583,212.095,0.0,568.3474786612035,161.02116436667984
P07T19,LKnee,229.7,165.064,251.266,212.167,241.422,212.014,0.0,569.3356575532715,160.3086302849781
P07T19,LKnee,231.661,165.153,251.248,216.0,243.498,212.104,0.0,570.6983645611215,160.5107932470653
P07T19,LKnee,231.674,169.029,253.194,223.805,243.422,217.929,0.0,572.4828703363711,160.34276754077618
P07T19,LKnee,233.679,178.785,249.32,227.756,245.405,227.826,1.0,574.0346898987108,159.31970620814764
P07T19,LKnee,456.93,157.216,421.742,151.329,470.711,151.336,0.0,576.0614661696828,159.42756001364856
P07T19,LKnee,225.806,188.589,241.542,235.584,227.69,237.559,1.0,578.1971957134568,160.09908527153496
P07T19,LKnee,219.899,194.465,231.67,241.55,225.854,241.466,1.0,579.4804849076911,160.1686223625454
P07T19,LKnee,210.167,194.51,225.815,241.371,210.135,243.433,1.0,580.6605136793739,160.70774038087586
P07T19,LKnee,423.667,163.071,398.286,163.137,441.289,161.107,0.0,581.7551420959556,159.76872010040907
P07T19,LKnee,196.432,194.446,212.05,241.529,202.323,243.359,1.0,573.9897555167298,153.76833888839963
P07T19,LKnee,192.52,194.521,206.182,243.394,200.315,243.425,1.0,576.500071739603,153.42000988528864
P07T19,LKnee,402.163,159.156,0.0,0.0,425.663,149.385,1.0,576.273522378569,153.90573366607552
P07T19,LKnee,394.25,157.265,366.815,225.85,409.916,149.463,0.0,578.6530473197304,153.5804973401713
P07T19,LKnee,163.128,196.515,178.817,247.338,163.097,243.51,1.0,579.5308657370413,154.2231233734694
P07T19,LKnee,161.181,196.47,176.84,243.477,163.15,243.378,1.0,581.2570538084119,156.24276781482106
P07T19,LKnee,157.26,192.5,167.019,241.396,159.183,241.369,1.0,581.1265255719451,154.8222782485396
P07T19,LKnee,372.742,161.187,349.203,157.22,390.392,159.173,0.0,582.1095556637472,154.57577784594056
P07T19,LKnee,149.502,178.844,165.01,227.738,155.267,223.835,1.0,583.5867216471881,155.22315035363422
P07T19,Other,149.503,161.117,161.139,210.202,159.206,204.269,1.0,584.0268035970728,155.57281085327293
P07T19,LKnee,149.382,145.423,157.215,194.503,151.391,184.654,1.0,586.0672591438929,154.1274864838272
P07T19,LKnee,155.241,137.622,164.985,188.612,149.415,188.596,1.0,588.4906620787731,153.18807493202095
P07T19,LKnee,161.162,139.574,167.034,190.487,151.38,192.426,1.0,587.9507528179183,154.72907058693255
P07T19,LKnee,380.547,131.851,343.37,196.447,396.258,133.653,0.0,591.0426587118508,153.12859902738975
P07T19,LKnee,168.985,149.392,180.703,198.366,174.861,194.436,1.0,592.1663200498667,153.74188972780198
P07T19,Neck,833.099,210.122,692.049,482.437,0.0,0.0,11.0,591.7054710177869,152.26381830219194
P07T19,LKnee,380.605,139.592,355.166,210.076,398.106,137.624,0.0,594.2188713351253,152.34226144005265
P07T19,LKnee,163.056,147.35,163.141,192.457,178.758,184.697,1.0,594.0069318852759,152.6080969396137
P07T19,LKnee,378.597,108.267,364.864,163.125,407.98,116.097,1.0,595.3514395609848,151.54406344531188
P07T19,LKnee,357.044,98.4038,323.808,159.184,384.465,102.303,0.0,597.8999086857018,153.37317884002525
P07T19,LKnee,345.319,88.6561,323.809,157.234,366.823,96.477,0.0,599.0456938364547,153.47520241699158
P07T19,LElbow,742.93,161.154,623.533,402.181,0.0,0.0,6.0,599.9233808747629,153.1499255083561
P07T19,LElbow,697.918,165.083,599.979,409.953,0.0,0.0,7.0,601.5711661262271,154.1867707470706
P07T19,LElbow,686.229,202.322,590.231,447.216,0.0,0.0,11.0,600.3828576151379,153.72026979874974
P07T19,Neck,701.842,280.656,592.16,517.736,0.0,0.0,11.0,600.2296395913628,152.08468898424792
P07T19,Other,711.672,288.424,590.208,517.715,940.884,715.618,12.0,602.2008322917052,153.598727467346
P07T19,LElbow,709.69,274.725,584.299,511.812,1025.14,635.224,9.0,602.3985978959699,153.89531772927054
P07T19,LKnee,61.2309,176.85,67.0579,227.808,63.189,225.832,0.0,602.0339792448503,153.8192560369491
P07T19,Other,57.3195,174.82,63.169,223.793,55.3797,221.89,1.0,602.8329236858953,154.54675613464735
P07T19,LKnee,57.2986,176.841,67.111,212.066,59.2978,212.151,0.0,602.7839448008523,155.83194572678346
P07T19,Other,727.265,294.34,621.595,574.516,1081.96,635.3,10.0,603.042602057044,156.94256482918522
P07T19,Other,84.7982,155.269,84.7729,202.298,86.6858,204.221,0.0,606.754363474985,157.89770270769063
P07T19,Other,742.907,357.069,623.524,588.244,0.0,0.0,14.0,605.1671903600765,157.710685835169
P07T19,Other,100.441,196.334,104.379,251.238,94.5505,247.371,1.0,606.4284260126423,156.68331146937678
P07T19,Other,312.003,194.455,300.238,247.38,311.988,251.241,2.0,711.3007735043369,184.79075486640056
P07T19,Other,758.66,319.854,648.971,560.819,1070.17,694.044,10.0,711.2017119035525,184.33403340327217
P07T19,Other,776.328,306.132,656.786,554.884,1038.81,666.581,10.0,711.7300445402191,183.5371734875088
P07T19,LKnee,133.819,168.979,139.571,223.777,143.498,223.862,1.0,711.8317423032918,183.78973673542083
P07T19,Other,137.691,170.913,147.38,221.836,133.668,221.873,1.0,711.7186345222128,183.568603800697
P07T19,LKnee,139.597,204.211,145.432,259.109,147.475,261.047,1.0,712.640424493168,183.31101806743527
P07T19,LKnee,133.677,198.336,143.481,253.21,127.843,255.141,1.0,712.6594325312421,183.41503512423367
P07T19,LKnee,133.648,194.477,135.754,241.547,131.807,241.526,1.0,713.0744904848009,183.12757532104308
P07T19,Neck,823.365,223.862,694.02,525.492,1083.9,635.257,10.0,747.4964628702016,140.4586184326461
P07T19,LKnee,147.5,163.092,147.493,212.139,135.65,214.094,1.0,711.420620539832,181.18303111375653
P07T19,LKnee,400.174,186.607,366.913,255.207,411.941,270.781,0.0,712.066344001446,181.56326657014844
P07T19,LKnee,172.916,163.09,178.794,210.172,178.764,206.194,1.0,710.3033893310622,178.34886160295528
P07T19,LKnee,172.888,161.119,174.879,210.126,163.035,212.052,1.0,710.2226086750987,177.88494459075696
P07T19,LKnee,165.095,161.126,170.949,212.023,153.308,214.016,1.0,710.2690236105627,177.92275539549792
P07T19,LKnee,165.069,153.339,168.992,202.288,157.252,206.213,1.0,709.5739539467535,177.2011113532469
P07T19,LKnee,167.034,149.422,168.951,196.336,163.088,196.487,1.0,710.3352522923612,177.67208337686432
P07T19,Neck,976.096,257.218,819.414,617.584,1034.9,400.194,10.0,710.9861989467865,178.0520772746944
P07T19,LKnee,180.734,137.683,180.77,186.625,165.161,188.602,1.0,711.6378224839004,178.4326713017313
P07T19,LElbow,419.754,163.028,384.48,219.93,425.602,237.558,0.0,709.6880770869672,176.96851433319205
P07T19,Neck,1009.44,264.976,0.0,0.0,1121.16,521.612,12.0,710.3346445012235,178.10626722103368
P07T19,LElbow,983.97,259.16,825.28,682.305,1072.19,598.043,10.0,709.7831425777638,177.08231733733277
P07T19,LKnee,362.912,116.158,337.533,151.356,351.163,149.417,0.0,709.2898065275311,178.13002259430345
P07T19,LKnee,349.266,129.766,315.945,184.631,335.475,180.746,2.0,709.0460812645205,178.21186978481933
P07T19,Other,854.772,382.489,0.0,0.0,0.0,0.0,15.0,709.0097227511502,178.29469913568815
P07T19,Other,805.654,388.399,705.774,715.633,942.851,715.597,11.0,702.0826386934435,183.67908941438202
P07T19,Other,758.667,402.152,652.909,668.552,917.42,699.974,11.0,708.6171130126013,178.15475644654427
P07T19,Other,711.638,402.103,652.923,666.637,901.779,697.896,13.0,702.9115125219686,185.0651901492541
P07T19,Other,682.274,402.128,611.749,592.179,893.838,715.599,12.0,708.4249297094775,178.3962646713069
P07T19,LKnee,98.3909,163.045,100.387,202.259,86.7539,208.105,0.0,702.2791417624146,183.77360148222525
P07T19,LKnee,98.4194,159.162,100.37,210.166,100.409,208.166,0.0,707.8224131497029,177.68964069590166
P07T19,LKnee,333.521,145.469,302.234,221.871,347.226,223.796,0.0,707.2100780800922,177.5722259303964
P07T19,LKnee,94.5676,165.15,106.294,221.853,90.6669,214.088,0.0,702.1281602122451,187.33307141485042
P07T19,LKnee,90.6368,167.077,106.339,221.889,86.7188,221.877,0.0,706.236628252208,177.9425789700543
P07T19,LKnee,90.6053,170.95,104.361,221.886,88.6645,225.858,0.0,701.9778555219995,188.1656028366176
P07T19,LKnee,331.59,155.279,306.076,229.754,343.374,229.719,0.0,705.9643596319254,178.10688932663453
P07T19,LKnee,100.44,178.853,110.191,229.746,98.4146,231.674,0.0,701.4483601903228,187.69776498806203
P07T19,LKnee,106.321,180.786,120.004,227.808,108.259,229.77,1.0,705.0275143209583,179.56254086730812
P07T19,LKnee,116.095,180.717,131.699,239.52,118.081,233.61,1.0,700.041892993997,187.87969881165085
P07T19,LKnee,131.749,182.743,141.554,231.658,131.757,231.717,1.0,699.0556897442636,187.43321012873426
P07T19,LKnee,411.942,178.692,386.416,251.285,429.564,259.056,0.0,696.7097711874168,171.49265949143816
P07T19,LElbow,411.946,178.704,388.403,243.471,421.724,249.325,0.0,702.9930234294734,179.30910188028176
P07T19,LKnee,151.356,176.774,163.053,225.867,149.42,223.787,1.0,698.7998281169972,187.18392554149446
P07T19,LKnee,165.127,186.611,176.832,241.422,182.729,231.669,1.0,696.0414230463139,171.30017614979354
P07T19,LKnee,186.616,196.416,196.442,251.276,180.802,251.253,1.0,702.1997594783119,178.6863592451555
P07T19,LElbow,458.933,192.499,431.462,257.16,456.983,259.058,0.0,697.8510473462547,188.64186791509724
P07T19,LElbow,468.768,176.821,447.167,243.379,478.523,249.29,0.0,695.2843792315628,171.40477439652832
P07T19,LKnee,447.26,182.69,425.601,247.328,458.922,255.192,0.0,702.2074944796435,182.6183270399542
P07T19,LKnee,184.653,225.837,196.351,276.739,0.0,0.0,2.0,698.1577057518955,187.55651556546442
P07T19,Other,449.14,257.043,429.545,321.763,476.479,331.567,0.0,693.4818586342353,170.51753578251663
P07T19,Other,196.371,278.665,196.394,333.571,198.378,335.546,1.0,695.8502822610048,187.83556041114022
P07T19,Other,717.54,400.226,0.0,0.0,1134.82,425.633,14.0,692.6543250029172,171.09670771565828
P07T19,Neck,731.276,355.161,554.946,650.953,950.669,715.605,10.0,694.9270584640115,187.094039614503
P07T19,Other,488.306,192.427,464.88,259.089,503.964,263.027,0.0,690.111612970622,170.49903852291098
P07T19,LKnee,231.719,215.99,243.494,268.903,233.631,268.884,1.0,690.8849002268405,170.6565681762624
P07T19,Neck,758.659,384.486,490.228,668.57,915.339,715.599,13.0,695.2264226512066,195.541065513456
P07T19,Other,441.251,239.434,417.781,304.124,441.292,302.234,0.0,690.4668771171798,179.02225359261593
P07T19,LKnee,176.792,274.704,194.433,327.641,196.386,321.852,1.0,695.1452723358237,194.51677405874332
P07T19,LElbow,443.204,284.561,415.887,353.092,455.005,357.065,0.0,690.17148229535,186.75863550458274
P07T19,LElbow,476.481,274.794,449.138,337.556,478.465,294.426,0.0,696.3916854227982,203.36046663776867
P07T19,LKnee,480.511,249.339,456.985,317.857,496.154,321.81,0.0,707.8920443168133,189.04656131232457
P07T19,LKnee,490.238,239.512,462.809,306.094,492.295,306.208,2.0,696.3161101953156,202.35873147448908
P07T19,Neck,917.445,351.107,0.0,0.0,0.0,0.0,16.0,748.998779554738,196.3742794004694
P07T19,LKnee,225.767,319.911,235.606,374.682,223.856,374.676,1.0,827.976599327259,197.36546293205691
P07T19,LElbow,492.198,319.855,478.533,386.433,505.932,384.553,10.0,746.7069524584181,196.05728913329074
P07T19,LKnee,270.87,345.309,286.463,398.105,280.635,398.13,1.0,774.7457330149605,239.16505663998765
P07T19,Other,296.358,355.096,315.883,409.981,319.809,400.235,1.0,821.607848443726,211.16685216442625
P07T19,LKnee,306.172,362.955,319.885,413.821,312.013,413.805,1.0,1321.6092716050127,498.94363088491957
P07T19,Other,380.552,339.466,306.166,705.787,0.0,0.0,15.0,187.27110221472714,753.1957407981316
P07T19,Other,261.052,378.582,0.0,0.0,0.0,0.0,17.0,1321.6092716050127,498.94363088491957
P07T19,RElbow,196.485,364.907,0.0,0.0,0.0,0.0,16.0,1321.6092716050127,498.94363088491957
P07T19,LElbow,139.585,361.002,0.0,0.0,498.097,574.517,15.0,187.27110221472714,753.1957407981316
P07T19,Other,104.321,355.134,0.0,0.0,417.774,407.989,15.0,1321.6092716050127,498.94363088491957
P07T19,Other,116.095,398.135,0.0,0.0,0.0,0.0,17.0,187.27110221472714,753.1957407981316
P07T19,Other,121.97,421.729,0.0,0.0,0.0,0.0,17.0,1321.6092716050127,498.94363088491957
P07T19,Other,118.114,333.587,0.0,0.0,272.848,603.92,14.0,850.8165214197077,-147.9341883651269
P07T19,Other,90.6462,315.911,0.0,0.0,321.766,586.288,12.0,1321.6092716050127,498.94363088491957
P07T19,Other,84.6432,290.454,0.0,0.0,319.81,570.572,11.0,803.1167569622728,-189.4083523170927
P07T19,Other,84.8109,274.78,155.301,715.63,327.679,545.139,11.0,1321.6092716050127,498.94363088491957
P07T19,Other,100.325,259.095,157.2,695.917,335.568,521.628,11.0,800.6338667636435,-188.67898122791263
P07T19,Other,114.062,243.526,165.044,648.967,368.831,468.767,11.0,1321.6092716050127,498.94363088491957
P07T19,Other,535.348,259.112,562.739,306.186,586.271,298.292,0.0,798.1018937151443,-166.80962875129552
P07T19,Nose,552.978,257.108,584.314,310.084,601.984,302.238,0.0,1321.6092716050127,498.94363088491957
P07T19,Other,180.656,239.478,196.485,633.293,431.584,460.84,10.0,800.9362470019483,-176.01821045331124
P07T19,Other,190.523,241.504,212.026,621.541,445.228,458.899,9.0,1321.6092716050127,498.94363088491957
P07T19,Other,850.75,188.603,840.965,270.83,0.0,0.0,1.0,822.1992862009114,-196.6167084121833
P07T19,Other,214.011,225.78,235.614,586.251,494.195,419.79,9.0,1321.6092716050127,498.94363088491957
P07T19,Neck,272.769,194.417,245.415,490.252,494.182,382.475,8.0,815.2402079403105,-203.73657838231975
P07T19,Neck,296.308,194.47,261.125,490.313,505.915,384.512,10.0,1321.6092716050127,498.94363088491957
P07T19,MidHip,319.819,210.042,286.521,496.176,0.0,0.0,11.0,817.1924572239873,-204.68115200345795
P07T19,RElbow,760.677,257.032,780.235,308.092,803.704,306.153,0.0,1321.6092716050127,498.94363088491957
P07T19,Neck,360.956,212.184,312.034,492.287,0.0,0.0,11.0,818.5654066918821,-206.2074863847268
P07T19,Neck,368.884,212.075,325.702,494.169,617.583,449.136,9.0,1321.6092716050127,498.94363088491957
P07T19,MidHip,382.435,223.76,353.123,521.595,574.528,431.535,10.0,819.9491524469183,-207.74922685031555
P07T19,MidHip,384.537,231.671,364.895,539.193,647.03,488.328,10.0,821.3323831989626,-209.2937494822818
P07T19,Neck,396.259,247.316,366.881,539.223,674.414,496.164,10.0,815.0252230521621,-212.46780888679706
P07T19,RElbow,862.524,165.151,880.15,227.765,903.653,231.712,0.0,817.0209806781712,-213.89998575722666
P07T19,RElbow,882.118,161.1,899.703,219.904,929.069,221.889,0.0,864.5093390375588,-257.4218561597463
P07T19,RElbow,901.661,151.365,917.401,212.049,940.87,208.147,0.0,838.9513391306875,-267.0770872481248
P07T19,RElbow,917.382,155.303,936.988,212.177,962.449,210.124,0.0,841.9642384981321,-267.5313573877426
P07T19,Neck,492.291,272.89,400.187,596.068,735.173,476.592,11.0,842.0084002076159,-264.7404785117335
P07T19,RElbow,980.148,149.446,995.843,210.2,1023.14,210.159,0.0,866.679638515751,-251.64689043979644
P07T19,RElbow,993.8,147.321,1015.35,208.103,1040.74,196.46,0.0,802.5868379663953,-275.3702394641531
P07T19,RElbow,1007.5,147.457,1031.02,208.187,1054.47,204.274,0.0,844.1318625783562,-271.670502339281
P07T19,RElbow,1019.24,137.691,1044.77,198.346,1070.17,198.343,0.0,764.7894353003256,-218.76955082417493
P07T19,RElbow,1040.86,135.729,1064.3,196.356,1089.74,196.452,0.0,764.7520873255529,-187.1797660460814
P07T19,RElbow,1056.43,133.789,1085.78,196.349,1105.43,194.422,0.0,726.8990538341961,92.41648914466877
P07T19,RElbow,1066.25,135.648,1089.82,194.514,1115.25,194.465,0.0,724.1041950001711,111.13102079328668
P07T19,RElbow,1068.19,133.806,1091.7,190.519,1113.31,188.587,0.0,710.0074379893406,169.11418928763644
P07T19,RElbow,1064.31,131.728,1095.66,188.602,1113.26,182.753,0.0,693.7068076262594,236.37538593405802
P07T19,RElbow,1056.51,120.061,1089.76,180.751,1105.44,178.723,0.0,675.1111760675346,312.3438021919648
P07T19,RElbow,1042.81,116.024,1072.07,167.059,0.0,0.0,1.0,654.9852936004165,401.78780849412027
P07T19,RElbow,1029.09,104.395,1060.35,163.018,1083.91,155.271,0.0,634.1596343425298,498.47960995242875
P07T19,Other,1015.3,100.368,1044.76,151.371,0.0,0.0,1.0,850.0920503925588,-225.0217343381601
P07T19,Other,1015.37,98.4303,1048.62,149.37,1066.26,135.691,0.0,836.9357615671818,-198.96944937947947
P07T19,RElbow,1027.12,102.299,1056.51,157.215,1079.96,147.464,0.0,833.4234219532868,-185.38322904738382
P07T19,RElbow,1046.71,120.045,1076.06,178.836,1103.49,170.955,0.0,833.6129099250159,-165.91132376100123
P07T19,RElbow,1066.29,145.4,1089.75,206.188,1109.4,196.363,0.0,828.1778059526257,-148.54695844125436
P07T19,RElbow,1079.97,165.136,1105.47,229.738,1130.91,225.767,0.0,785.4571939396114,4.065808945462308
P07T19,RElbow,1083.87,180.652,1101.49,251.237,1121.13,243.421,0.0,776.54969633263,39.1418942585691
P07T19,RElbow,1074.16,210.189,1097.62,274.702,1115.22,263.065,0.0,863.9955478044823,-123.03088883379574
P07T19,RElbow,1062.35,215.992,1083.92,270.824,1091.76,272.799,0.0,848.1952935377265,-89.37338748902819
P07T19,RElbow,1044.67,198.441,1064.32,257.111,1072.11,255.126,9.0,837.7620795747407,-51.883592112581454
P07T19,RKnee,1029.1,206.243,1007.45,227.793,1052.56,268.887,0.0,1321.6092716050127,498.94363088491957
P07T19,RKnee,1015.33,225.687,1027.07,284.601,1042.7,280.664,2.0,826.164920305577,-34.1471027200609
P07T19,RElbow,1228.82,243.434,1211.23,319.756,0.0,0.0,11.0,1321.6092716050127,498.94363088491957
P07T19,RKnee,1217.2,261.134,1183.87,337.433,0.0,0.0,7.0,807.6332839547409,-75.76358216465299
P07T19,LKnee,1215.11,276.733,1187.74,351.145,0.0,0.0,10.0,1321.6092716050127,498.94363088491957
P07T19,RElbow,1203.46,263.058,1172.08,333.551,0.0,0.0,10.0,799.4104824129106,-41.25054175310339
P07T19,Neck,935.026,380.532,535.331,664.682,0.0,0.0,15.0,1321.6092716050127,498.94363088491957
P07T19,RElbow,1193.57,268.892,1152.45,337.405,0.0,0.0,11.0,734.4340976478474,21.447855362815517
P07T19,Neck,931.118,353.206,509.952,682.282,1146.59,701.89,12.0,1321.6092716050127,498.94363088491957
P07T19,Neck,933.086,349.255,500.114,672.489,1172.09,701.867,14.0,730.3594332620368,57.1633113263673
P07T19,RElbow,1158.33,310.069,1123.05,372.729,1164.2,368.843,10.0,1321.6092716050127,498.94363088491957
P07T19,Neck,946.72,317.903,523.596,674.42,0.0,0.0,11.0,719.9417147201405,105.29017932015346
P07T19,Neck,962.406,290.504,551.041,629.394,0.0,0.0,12.0,1321.6092716050127,498.94363088491957
P07T19,Neck,966.425,270.82,572.607,601.912,1134.82,715.62,10.0,805.7283991371377,-41.570492015207684
P07T19,Neck,952.611,253.204,596.051,578.451,0.0,0.0,10.0,1321.6092716050127,498.94363088491957
P07T19,Neck,948.714,243.431,619.63,562.755,1117.15,715.609,10.0,762.9868997748019,-50.28665482027858
P07T19,Neck,952.631,241.38,692.068,554.976,0.0,0.0,11.0,665.7228668813327,-236.15187761529538
P07T19,Neck,974.21,243.377,760.664,562.755,0.0,0.0,13.0,809.1029718681034,-119.61863329035594
P07T19,Neck,997.757,243.394,795.925,525.539,0.0,0.0,11.0,661.4059586504492,-142.4363262479267
P07T19,Neck,1007.43,227.771,776.266,509.897,0.0,0.0,12.0,849.5891691717377,-268.6238835112186
P07T19,Neck,1009.37,221.864,852.713,494.228,0.0,0.0,12.0,639.1460288922187,-203.59375581329937
P07T19,Neck,980.162,225.768,825.303,521.605,0.0,0.0,14.0,941.2694700588336,-197.6055246582648
P07T19,Neck,962.332,216.044,792.007,521.64,0.0,0.0,12.0,728.6777739342565,-274.81970684959356
P07T19,LKnee,547.076,235.573,547.109,290.507,529.456,290.523,0.0,922.9224153704213,-158.79173300746888
P07T19,LKnee,541.227,241.551,541.251,304.106,525.635,300.219,0.0,800.0036058577698,-261.89245166623556
P07T19,Other,525.623,272.895,513.766,337.429,527.554,337.483,0.0,795.2231906588158,-262.2716667215277
P07T19,LKnee,509.919,261.092,509.893,323.793,509.845,321.768,0.0,965.9524969385125,-170.7748657320392
P07T19,Neck,946.735,241.465,829.212,529.475,0.0,0.0,12.0,797.0703947919385,-261.0150403581383
P07T19,Other,502.013,229.798,501.998,290.506,496.152,290.406,0.0,965.098290071454,-170.759828860278
P07T19,Other,503.975,223.813,505.962,288.443,494.29,274.744,0.0,807.0609828289962,-260.50787619945504
P07T19,Other,511.893,215.983,511.894,276.767,517.704,274.742,0.0,914.7508794200202,-179.74448638191706
P07T19,Other,523.626,212.179,523.577,276.712,527.558,278.701,0.0,797.250690595501,-263.71811338098684
P07T19,Other,525.624,206.239,523.581,270.82,529.439,266.929,0.0,966.2527134715001,-173.27886502936695
P07T19,Other,946.773,241.396,860.552,476.628,1168.18,684.23,10.0,824.1704067346182,-264.15225893848293
P07T19,LKnee,537.33,182.7,539.323,245.366,552.922,241.463,0.0,964.7714036629611,-174.398852966599
P07T19,LKnee,554.934,174.841,558.824,229.702,543.184,231.708,0.0,816.2462646458005,-262.0710141831961
P07T19,LKnee,552.986,163.003,554.981,217.976,568.629,214.015,0.0,966.5286235172637,-169.2544567205885
P07T19,LKnee,496.204,145.477,494.142,204.262,505.901,202.3,0.0,823.7644395779806,-266.54702517678976
P07T19,LKnee,470.712,143.492,472.682,206.172,476.501,202.274,0.0,968.8626548021728,-170.25512016227552
P07T19,LKnee,453.095,135.673,455.048,198.36,458.936,200.323,0.0,831.8278577785507,-254.14387549275318
P07T19,LKnee,445.183,133.78,447.177,202.275,458.929,194.399,0.0,965.4349799249751,-111.51762424541715
P07T19,LElbow,709.647,239.541,664.567,292.379,703.8,304.177,10.0,876.9558661602523,-250.62702843771152
P07T19,LElbow,699.877,247.363,656.822,306.114,695.95,319.822,9.0,899.6469245635747,-77.2902716182679
P07T19,LElbow,695.915,257.237,650.945,319.803,680.376,327.686,10.0,883.815829994777,-249.671996549274
P07T19,LKnee,419.781,167.013,415.903,229.769,417.818,227.708,0.0,912.5170247443518,-58.834472156604036
P07T19,LElbow,670.523,257.101,631.331,317.833,0.0,0.0,11.0,912.8966731658671,-242.82227255885175
P07T19,LKnee,406.058,176.837,411.938,243.432,398.13,241.517,0.0,890.105569017747,-66.32088745784091
P07T19,LKnee,400.107,186.613,402.115,253.183,384.527,253.235,0.0,747.5469562173364,-279.26466648992357
P07T19,LKnee,396.171,202.319,396.208,276.72,388.44,274.82,0.0,893.7256275755398,-65.38059756941718
P07T19,Other,382.62,212.015,382.602,272.85,370.788,272.779,0.0,746.8752526411366,-223.90483343618297
P07T19,Other,386.522,194.391,384.493,263.033,378.598,245.41,0.0,911.2835766246385,-60.80069960888035
P07T19,Other,402.149,194.411,396.251,257.081,404.064,255.212,0.0,896.8449294043835,-255.33753252814168
P07T19,LKnee,435.475,196.378,425.589,257.16,433.517,259.088,0.0,879.9076728977872,-68.8107362729635
P07T19,LElbow,715.545,351.105,666.655,398.126,0.0,0.0,8.0,880.2815850873168,-260.41771572087237
P07T19,LElbow,748.855,351.196,696.02,388.451,0.0,0.0,1.0,883.0793557293833,-61.14277452838742
P07T19,Other,776.297,351.265,725.373,392.355,746.953,413.795,0.0,883.5703074955386,-259.14883897784324
P07T19,Other,791.914,353.067,729.292,384.575,0.0,0.0,1.0,884.6838637880871,-61.22401865699304
P07T19,Other,1132.81,394.3,1083.91,656.809,0.0,0.0,14.0,897.7676894872386,-253.16740961985175
P07T19,Other,762.663,319.857,709.719,359.019,748.901,337.426,4.0,886.2084619427726,-60.751296167246394
P07T19,Other,1095.67,347.221,1011.41,617.613,1132.85,676.411,10.0,899.620921632642,-252.16426929997837
P07T19,LKnee,370.758,131.817,355.171,192.497,378.572,196.358,0.0,894.2876650702196,-105.3643518475243
P07T19,LElbow,592.204,221.863,554.938,282.64,588.279,243.457,6.0,917.0850881803374,-229.37207766828192
P07T19,Other,560.804,210.073,521.639,270.792,0.0,0.0,6.0,900.5361701129589,-80.56222101099866
P07T19,Other,523.532,198.351,478.547,259.105,521.562,223.817,2.0,928.7258858794903,-210.38199474616187
P07T19,Other,488.304,196.439,472.65,217.972,486.332,219.907,0.0,901.7348909909131,-82.08490164197221
P07T19,Other,196.517,163.107,208.089,221.852,198.392,221.884,0.0,935.878677002723,-216.624607082902
P07T19,LKnee,439.315,190.56,404.107,255.15,433.501,216.019,5.0,902.4473432921316,-75.37991215916634
P07T19,Other,159.201,165.083,163.165,227.801,168.975,223.831,0.0,860.4849064249865,-207.50228440418323
P07T19,Other,145.449,167.019,149.434,229.719,149.403,225.816,0.0,904.1437456281432,-75.60257106124101
P07T19,Other,133.644,167.021,147.369,229.793,133.672,227.82,0.0,800.4266542629089,-21.390528116199654
P07T19,Other,862.486,225.729,750.825,566.699,1030.99,623.519,10.0,905.7764473000959,-75.28323623201305
P07T19,LKnee,384.557,165.122,341.405,239.469,400.126,241.498,2.0,885.4439680935077,-209.99348678464804
P07T19,LElbow,876.251,227.734,703.846,558.885,1040.77,658.763,11.0,922.2703434761734,-64.26583653551079
P07T19,Other,423.64,133.666,406.033,149.435,415.836,155.306,0.0,896.5285172224092,-204.03238161202017
P07T19,Neck,931.033,251.266,746.926,568.625,1056.44,715.61,10.0,922.8258841491904,-64.71689646795953
P07T19,LElbow,507.964,100.44,460.92,161.079,482.451,163.076,5.0,924.0806946475749,-239.62215123448144
P07T19,LElbow,539.273,90.6391,490.316,147.386,513.813,151.34,7.0,886.0129717618878,-81.0897729266517
P07T19,LElbow,556.821,86.7955,507.834,147.402,539.244,153.289,10.0,920.864073908017,-223.5297010260187
P07T19,LElbow,554.863,84.659,505.895,143.54,545.149,155.27,9.0,890.661076293861,-79.46749663849111
P07T19,LElbow,531.404,82.7755,478.473,145.429,525.48,161.162,2.0,851.0537777311183,-98.2793041452389
P07T19,LElbow,521.645,98.4182,476.516,164.994,521.603,178.733,1.0,873.114415398534,-63.544552985011514
P07T19,LKnee,523.677,116.025,478.613,182.681,523.615,194.458,2.0,816.6626745899841,-24.33867423925312
P07T19,LElbow,533.368,120.065,494.281,196.392,539.275,210.078,0.0,874.9209332823488,-57.81413891478624
P07T19,LKnee,527.548,120.09,492.192,198.412,541.171,210.078,0.0,947.4606163243768,-223.46740972201164
P07T19,LElbow,511.9,121.949,476.539,196.455,521.634,210.108,0.0,876.2720260399311,-57.88349584622638
P07T19,Neck,1042.68,165.135,880.149,488.314,0.0,0.0,11.0,832.5255963514091,-19.289781222167264
P07T19,Neck,980.019,147.46,821.361,478.489,0.0,0.0,11.0,877.505816399208,-57.40893578193873
P07T19,Neck,944.825,163.024,838.976,486.332,0.0,0.0,11.0,878.7631718701168,-56.92348879284589
P07T19,Neck,923.228,194.389,819.434,509.844,0.0,0.0,11.0,719.9094886054181,217.94879624591513
P07T19,Neck,915.348,225.772,805.742,535.301,0.0,0.0,11.0,880.008650164797,-56.44081655945154
P07T19,Neck,901.709,255.19,795.893,552.937,0.0,0.0,12.0,-1598.964923847704,8677.845036266639
P07T19,Neck,884.143,272.832,793.936,554.889,0.0,0.0,12.0,881.2566022461549,-55.955381270102905
P07T19,Neck,864.48,288.447,784.171,554.961,0.0,0.0,12.0,-5591.07413856976,26288.681999708875
P07T19,Neck,854.766,302.212,774.362,554.995,0.0,0.0,13.0,906.4901653386787,-49.34502744773457
P07T19,Neck,852.68,310.055,745.024,570.55,0.0,0.0,14.0,-15429.95702747097,72000.0
P07T19,Neck,860.523,345.314,766.502,588.18,854.728,572.566,13.0,898.0458247683886,-51.35451790889854
P07T19,Neck,866.397,349.221,764.572,576.493,0.0,0.0,15.0,-120175.05687828289,72000.0
P07T19,Other,774.304,280.639,668.601,537.293,1032.98,692.066,10.0,849.6163218668424,-49.01887931853841
P07T19,Other,770.401,278.702,668.538,537.284,1060.39,680.283,10.0,-73213.70626530102,72000.0
P07T19,Other,760.667,288.417,662.69,541.163,1083.92,666.626,11.0,862.9008251167195,-46.727329294027925
P07T19,Other,756.697,292.449,666.556,543.171,1107.42,650.971,11.0,-128000.0,72000.0
P07T19,Other,752.816,294.41,668.622,554.884,0.0,0.0,12.0,863.2290772132394,-46.31459642075676
P07T19,Other,745.054,292.453,668.564,547.086,1115.22,617.644,10.0,-128000.0,72000.0
P07T19,Other,743.002,282.588,678.314,533.388,1072.1,574.513,10.0,864.2329223899892,-45.73758980971046
P07T19,Other,744.892,282.64,682.346,539.205,1060.39,645.072,10.0,1321.6092716050127,498.94363088491957
P07T19,Other,750.81,274.752,696.001,537.266,1044.69,633.252,10.0,857.1225760741895,-47.08726630554514
P07T19,Other,756.721,268.93,696.024,533.37,1040.77,650.896,10.0,-128000.0,72000.0
P07T19,Other,745.011,268.916,698.003,539.193,1011.43,635.242,10.0,893.0862037670333,-51.936411375767726
P07T19,Other,729.26,259.193,682.286,529.46,993.805,629.364,10.0,1321.6092716050127,498.94363088491957
P07T19,Other,699.883,261.09,650.886,529.459,962.403,648.919,10.0,847.8508727142057,-40.443051994878765
P07T19,Other,697.866,259.142,647.026,529.436,950.689,658.755,10.0,-128000.0,72000.0
P07T19,LElbow,696.071,255.165,637.27,507.891,970.266,647.031,11.0,852.3449276699672,-40.74834214937455
P07T19,Other,703.863,243.404,647.015,484.416,980.107,643.118,10.0,1321.6092716050127,498.94363088491957
P07T19,Other,713.702,237.584,648.967,484.386,987.901,635.297,11.0,853.1819238950638,-40.12063098377611
P07T19,MidHip,725.358,225.815,645.054,472.655,1001.59,619.557,10.0,1321.6092716050127,498.94363088491957
P07T19,MidHip,737.14,212.148,649.024,474.574,1009.38,623.528,10.0,862.1541126094369,-37.57164988179095
P07T19,MidHip,756.712,210.18,650.909,476.514,1025.08,619.538,10.0,1321.6092716050127,498.94363088491957
P07T19,LElbow,776.411,212.077,660.754,494.249,1042.74,617.586,9.0,870.5142326608997,-35.12968447673897
P07T19,LElbow,803.701,212.089,666.585,505.969,1058.42,605.881,9.0,1321.6092716050127,498.94363088491957
P07T19,MidHip,821.438,208.189,664.636,492.238,1074.08,594.099,9.0,870.8334074585609,-34.622224933407054
P07T19,Neck,835.099,229.698,643.097,582.337,1072.1,650.986,11.0,1321.6092716050127,498.94363088491957
P07T19,LElbow,825.301,241.493,619.638,562.797,1070.21,670.525,10.0,871.8379295865611,-33.94054196581267
P07T19,LElbow,825.369,245.415,633.327,576.468,1058.46,715.589,9.0,1321.6092716050127,498.94363088491957
P07T19,Neck,842.916,253.207,648.96,584.284,0.0,0.0,13.0,867.0992517010895,1.7502123566082517
P07T19,Neck,854.747,261.112,666.66,605.86,0.0,0.0,13.0,1321.6092716050127,498.94363088491957
P07T19,Neck,870.301,274.811,664.659,590.195,0.0,0.0,14.0,876.6757019212705,1.864750552359764
P07T19,Neck,870.45,278.733,664.572,576.506,0.0,0.0,14.0,1321.6092716050127,498.94363088491957
P07T19,Neck,866.394,262.999,662.702,572.555,0.0,0.0,14.0,877.0376813680798,2.8291972349320544
P07T19,LElbow,852.688,227.761,654.888,574.534,0.0,0.0,14.0,1321.6092716050127,498.94363088491957
P07T19,Neck,838.935,192.449,654.848,607.846,0.0,0.0,11.0,871.1042988305333,-5.1285693399339385
P07T19,Neck,821.287,147.358,648.989,613.707,1109.36,697.926,11.0,1321.6092716050127,498.94363088491957
P07T19,Neck,801.792,100.466,639.223,607.829,0.0,0.0,14.0,872.6420352853053,-3.350371753712018
P07T19,Neck,774.352,65.1306,633.227,625.474,1136.83,678.37,10.0,1321.6092716050127,498.94363088491957
P07T19,Neck,750.834,43.6232,613.667,629.381,1072.15,699.939,12.0,873.6010917594067,-2.319057774332123
P07T19,LElbow,744.888,22.0435,609.759,623.496,1062.37,615.638,12.0,1321.6092716050127,498.94363088491957
P07T19,LElbow,745.075,16.1275,625.46,648.94,1025.12,607.831,12.0,890.0685656079334,-101.7126034730683
P07T19,LElbow,760.654,24.0293,662.691,554.922,1029.08,574.541,11.0,1321.6092716050127,498.94363088491957
P07T19,Neck,778.341,35.7161,676.413,562.784,1027.09,562.766,9.0,890.0560090563683,-93.94822607841787
P07T19,MidHip,791.971,37.7784,697.903,551.023,1056.5,509.93,9.0,1321.6092716050127,498.94363088491957
P07T19,RKnee,809.583,23.9752,715.585,529.444,1060.39,492.263,9.0,-128000.0,72000.0
P07T19,RKnee,842.963,5.35492,741.038,480.51,1103.49,431.556,13.0,909.8904489373349,-48.870169189292426
P07T19,LKnee,883.988,5.37832,760.641,443.27,1142.67,378.609,12.0,-128000.0,72000.0
P07T19,LKnee,65.1392,20.0088,5.36501,100.388,63.1876,112.166,4.0,904.7560022177958,-18.11180136322037
P07T19,RKnee,0.0,0.0,803.74,404.073,1199.52,306.196,12.0,-128000.0,72000.0
P07T19,RKnee,0.0,0.0,0.0,0.0,1244.51,268.901,9.0,906.5680791004693,-19.926039446135082
P07T19,RKnee,0.0,0.0,823.384,345.286,1252.42,263.026,9.0,-128000.0,72000.0
P07T19,LElbow,0.0,0.0,0.0,0.0,1256.31,261.064,22.0,834.9641756573021,-36.59479660948358
P07T19,RKnee,0.0,0.0,823.384,325.715,0.0,0.0,12.0,-128000.0,72000.0
P07T19,RKnee,0.0,0.0,0.0,0.0,0.0,0.0,18.0,840.472121538228,-27.443202273132652
P07T19,RKnee,0.0,0.0,0.0,0.0,0.0,0.0,16.0,-128000.0,72000.0
P07T19,RKnee,0.0,0.0,0.0,0.0,0.0,0.0,11.0,841.1348216103781,-27.09923165063147
P07T19,RKnee,0.0,0.0,0.0,0.0,0.0,0.0,15.0,-35368.13549010079,72000.0
P07T19,LElbow,0.0,0.0,0.0,0.0,1256.25,286.553,22.0,841.6877655003916,-26.18990657464922
P07T19,RKnee,0.0,0.0,0.0,0.0,0.0,0.0,19.0,-26875.204219452757,72000.0
P07T19,Other,0.0,0.0,0.0,0.0,0.0,0.0,12.0,882.9959881338257,-15.567703986530095
P07T19,RKnee,0.0,0.0,0.0,0.0,0.0,0.0,13.0,-18909.196354517266,68477.18219311447
P07T19,RKnee,0.0,0.0,0.0,0.0,1264.18,341.406,11.0,895.4417139633114,-114.08765860559481
P07T19,LKnee,0.0,0.0,0.0,0.0,0.0,0.0,13.0,-16916.301061649596,72000.0
P07T19,RKnee,0.0,0.0,0.0,0.0,1262.22,386.433,11.0,901.6339617973914,-91.82468092832488
P07T19,RKnee,0.0,0.0,505.969,165.113,1250.46,445.174,13.0,-21076.66798357512,72000.0
P07T19,Other,984.024,22.0577,533.376,274.758,1232.84,539.189,7.0,899.6118365526845,-73.70521886937922
P07T19,Other,980.058,147.446,547.093,415.865,1213.22,627.446,10.0,-9830.441368824204,53368.37647814663
P07T19,Other,983.974,257.162,664.649,449.162,1199.54,694.002,5.0,873.1306890579713,-54.66995346928252
P07T19,Other,987.889,359.033,656.797,625.468,0.0,0.0,11.0,1321.6092716050127,498.94363088491957
P07T19,RElbow,993.673,449.152,711.661,672.47,0.0,0.0,14.0,876.3708172117497,-55.8811711881733
P07T19,Other,135.697,5.34453,121.951,31.8468,127.857,41.6514,0.0,509.9559610300661,4603.609346849158
P07T19,Other,931.007,693.969,750.858,715.618,0.0,0.0,15.0,867.0623107711444,-43.82683046641178
P07T19,Other,915.384,715.608,741.084,715.635,0.0,0.0,15.0,1321.6092716050127,498.94363088491957
P07T19,Other,897.754,693.99,725.361,715.611,0.0,0.0,15.0,868.7074419415205,-44.12633396117171
P07T19,Other,870.322,656.775,705.759,715.6,0.0,0.0,15.0,1321.6092716050127,498.94363088491957
P07T19,Other,854.637,637.252,680.366,699.949,0.0,0.0,15.0,869.4941166053239,-43.46323888631353
P07T19,Other,825.318,615.615,666.698,686.212,0.0,0.0,12.0,1321.6092716050127,498.94363088491957
P07T19,Other,807.721,572.515,650.926,682.272,0.0,0.0,11.0,870.2826230955511,-42.795879832650115
P07T19,Other,793.947,539.235,633.228,680.273,0.0,0.0,10.0,1321.6092716050127,498.94363088491957
P07T19,Other,790.03,507.938,603.981,666.652,0.0,0.0,11.0,871.0708898294611,-42.12599940180398
P07T19,Other,790.087,494.218,586.333,676.418,1007.47,696.011,10.0,-569.5162129904977,19490.803897142996
P07T19,Other,799.84,492.248,574.532,676.416,1027.19,695.951,10.0,879.9364950309589,-39.47338503003954
P07T19,Other,805.618,494.266,572.525,682.265,1052.55,703.836,10.0,381.27553189271373,14317.438267397007
P07T19,Other,805.638,500.084,576.461,697.99,1072.11,701.876,10.0,880.153181946971,-38.93271850484
P07T19,Other,807.673,509.928,588.192,697.989,1080.0,715.607,10.0,1321.6092716050127,498.94363088491957
P07T19,Other,819.335,527.55,617.612,715.616,0.0,0.0,14.0,881.0290728827633,-38.23173302522902
P07T19,Other,817.459,539.205,0.0,0.0,0.0,0.0,15.0,1321.6092716050127,498.94363088491957
P07T19,Other,819.406,531.433,0.0,0.0,0.0,0.0,15.0,846.8400824135686,-80.63603177597182
P07T19,Other,836.967,523.52,0.0,0.0,0.0,0.0,15.0,1321.6092716050127,498.94363088491957
P07T19,Other,866.385,507.875,0.0,0.0,0.0,0.0,15.0,844.6924880794604,-43.389646040977745
P07T19,Nose,893.847,492.198,615.661,705.793,0.0,0.0,14.0,1321.6092716050127,498.94363088491957
P07T19,Neck,913.383,466.778,664.603,664.68,0.0,0.0,14.0,845.5848877947062,-45.640684576315195
P07T19,Nose,915.325,435.427,648.962,605.859,0.0,0.0,14.0,1321.6092716050127,498.94363088491957
P07T19,Nose,913.391,406.06,647.017,572.556,0.0,0.0,14.0,854.1584316740564,-43.160846542809864
P07T19,Nose,905.671,386.447,582.374,582.344,0.0,0.0,14.0,1321.6092716050127,498.94363088491957
P07T19,Neck,909.549,378.612,603.92,603.864,0.0,0.0,12.0,853.9962707303816,-42.70332308740984
P07T19,Neck,913.465,372.737,609.78,635.216,0.0,0.0,14.0,1321.6092716050127,498.94363088491957
P07T19,Neck,915.443,370.805,572.568,643.105,991.804,715.593,13.0,829.9651946526435,-47.69795047543724
P07T19,Nose,921.276,372.768,599.957,690.125,1042.74,682.36,14.0,1321.6092716050127,498.94363088491957
P07T19,Neck,931.103,368.881,601.922,715.588,1103.53,666.558,13.0,832.227769716567,-46.700994928027754
P07T19,Neck,942.824,376.62,0.0,0.0,0.0,0.0,16.0,1321.6092716050127,498.94363088491957
P07T19,Neck,948.741,380.523,0.0,0.0,1183.82,650.925,15.0,832.4508704749949,-46.14901864424912
P07T19,Neck,976.086,366.826,0.0,0.0,1197.53,686.204,15.0,1321.6092716050127,498.94363088491957
P07T19,Neck,991.81,351.21,0.0,0.0,1166.21,688.182,15.0,832.66951938279,-45.60055752702641
P07T19,Neck,1036.87,366.866,0.0,0.0,1144.63,715.588,15.0,1321.6092716050127,498.94363088491957
P07T19,Other,1072.12,400.096,0.0,0.0,0.0,0.0,17.0,832.8931968413702,-45.03155990971615
P07T19,Other,1064.32,404.102,0.0,0.0,0.0,0.0,18.0,1321.6092716050127,498.94363088491957
P07T19,Neck,1058.44,411.855,0.0,0.0,0.0,0.0,17.0,833.1067681332459,-44.480556455774206
P07T19,Neck,1042.78,431.515,0.0,0.0,0.0,0.0,17.0,1321.6092716050127,498.94363088491957
P07T19,Other,1056.53,445.221,0.0,0.0,0.0,0.0,17.0,833.3187664365289,-43.925920466918754
P07T19,Other,1083.9,435.421,0.0,0.0,0.0,0.0,17.0,1321.6092716050127,498.94363088491957
P07T19,Other,1093.73,417.794,0.0,0.0,1174.0,648.985,15.0,833.5267592705188,-43.3740802924561
P07T19,Neck,1091.79,398.154,413.838,715.618,1199.46,676.38,14.0,833.7357090069199,-42.81179142586034
P07T19,Other,1087.86,382.483,402.169,641.137,0.0,0.0,15.0,1321.6092716050127,498.94363088491957
P07T19,Other,1089.72,364.924,411.904,578.478,1191.63,715.631,14.0,833.9444891855171,-42.241780846072515
P07T19,Other,1081.96,351.221,400.136,537.288,0.0,0.0,13.0,1321.6092716050127,498.94363088491957
P07T19,Neck,1058.36,321.811,406.059,484.411,0.0,0.0,11.0,858.6765128823772,-36.02656810983138
P07T19,Other,1025.13,300.255,441.304,437.377,0.0,0.0,11.0,1321.6092716050127,498.94363088491957
P07T19,Neck,1011.48,292.419,478.52,419.793,0.0,0.0,11.0,890.6089061828509,-34.815130576091406
P07T19,LElbow,997.773,286.55,494.241,431.556,983.978,617.646,9.0,1321.6092716050127,498.94363088491957
P07T19,Neck,982.087,286.521,525.543,482.486,1093.67,623.512,11.0,920.6980263494581,-25.94576149941803
P07T19,Neck,962.383,284.536,531.427,527.513,991.777,697.968,11.0,1321.6092716050127,498.94363088491957
P07T19,Neck,931.113,274.747,549.068,521.62,1044.7,633.312,11.0,919.3001541704501,-25.884205174768802
P07T19,Neck,901.731,276.805,554.883,562.766,1036.89,688.146,11.0,1321.6092716050127,498.94363088491957
P07T19,Neck,886.126,304.18,586.327,633.247,1032.95,662.669,13.0,871.6610837661904,-85.92043055347443
P07T19,Neck,886.13,315.894,586.323,646.968,997.742,682.334,13.0,1321.6092716050127,498.94363088491957
P07T19,Neck,854.677,325.747,537.322,635.219,0.0,0.0,14.0,884.4087600963949,-79.01555725852545
P07T19,Neck,823.304,351.185,568.654,697.956,0.0,0.0,15.0,1321.6092716050127,498.94363088491957
P07T19,Other,809.62,398.267,554.943,715.615,0.0,0.0,15.0,884.5070868089691,-79.12155754648029
P07T19,Other,819.423,431.544,0.0,0.0,0.0,0.0,16.0,1321.6092716050127,498.94363088491957
P07T19,Other,805.632,415.793,554.942,682.321,0.0,0.0,15.0,901.1638004705202,-75.01369072265162
P07T19,Other,837.085,400.232,0.0,0.0,0.0,0.0,16.0,1321.6092716050127,498.94363088491957
P07T19,Other,897.771,400.155,0.0,0.0,0.0,0.0,16.0,896.9500716765369,-48.868087618462965
P07T19,Neck,937.004,351.201,807.668,715.628,0.0,0.0,14.0,1321.6092716050127,498.94363088491957
P07T19,Neck,966.417,315.887,862.509,715.619,0.0,0.0,14.0,895.1240305508284,-30.366055884859676
P07T19,Neck,868.371,278.699,870.36,682.286,1146.58,601.919,13.0,1208.5069775420611,221.55862965430333
P07T19,Other,831.187,261.066,897.781,666.601,1197.56,572.585,11.0,896.2801063927633,-31.386815014737
P07T19,Other,805.666,255.127,917.346,668.558,0.0,0.0,14.0,1321.6092716050127,498.94363088491957
P07T19,Other,805.656,257.08,913.421,652.924,0.0,0.0,14.0,897.1522379128446,-30.722694377147928
P07T19,Neck,823.435,265.017,815.504,656.814,0.0,0.0,14.0,1321.6092716050127,498.94363088491957
P07T19,Neck,870.43,294.405,776.298,619.521,864.48,535.33,13.0,906.0454810025365,-27.972847576983675
P07T19,Neck,948.652,357.039,0.0,0.0,0.0,0.0,15.0,1321.6092716050127,498.94363088491957
P07T19,Neck,1052.57,411.933,0.0,0.0,0.0,0.0,16.0,906.3664682213941,-27.435634184329803
P07T19,Other,1123.14,494.189,615.641,715.611,0.0,0.0,15.0,1321.6092716050127,498.94363088491957
P07T19,Other,1134.83,519.66,590.17,695.902,0.0,0.0,16.0,885.387681158117,-46.46399934894639
P07T19,Other,1132.88,543.148,617.608,697.968,0.0,0.0,16.0,1321.6092716050127,498.94363088491957
P07T19,Other,1142.68,592.138,682.277,690.08,0.0,0.0,16.0,863.7435158906455,-50.31397982446576
P07T19,Other,989.854,541.226,0.0,0.0,0.0,0.0,16.0,1321.6092716050127,498.94363088491957
P07T19,Other,964.417,504.008,0.0,0.0,0.0,0.0,17.0,858.0834669269373,-51.37860019352502
P07T19,Other,960.507,474.624,731.292,715.616,0.0,0.0,15.0,1321.6092716050127,498.94363088491957
P07T19,Other,960.478,445.266,784.145,699.955,0.0,0.0,14.0,867.2079633322583,-48.91322924636171
P07T19,Nose,956.585,400.198,760.64,664.669,0.0,0.0,14.0,1321.6092716050127,498.94363088491957
P07T19,Nose,948.693,360.983,760.629,635.255,0.0,0.0,14.0,866.9748400857256,-48.68307914171581
P07T19,Other,932.98,323.776,746.912,615.686,0.0,0.0,12.0,1321.6092716050127,498.94363088491957
P07T19,Other,911.444,296.364,719.493,586.237,1046.68,701.89,10.0,848.9252503438628,-38.47895683774883
P07T19,Other,889.924,274.862,709.705,570.581,1025.12,697.95,10.0,1321.6092716050127,498.94363088491957
P07T19,Neck,876.199,259.086,695.979,551.0,964.362,607.806,11.0,858.8324841935614,-36.87819384495691
P07T19,Neck,868.411,247.364,682.263,529.485,0.0,0.0,12.0,1321.6092716050127,498.94363088491957
P07T19,Neck,839.008,233.643,654.821,521.615,1056.39,564.735,10.0,858.464517540266,-36.49910096336953
P07T19,Other,821.273,243.348,635.229,523.516,1046.67,523.602,10.0,1321.6092716050127,498.94363088491957
P07T19,Other,821.298,251.258,645.049,523.633,1072.14,529.467,10.0,858.7722336886163,-35.95367959046307
P07T19,Neck,825.275,251.273,656.807,523.615,1060.38,572.547,10.0,1321.6092716050127,498.94363088491957
P07T19,Neck,837.074,253.232,678.378,525.503,1081.96,594.145,12.0,859.0774144417785,-35.40783468582101
P07T19,Neck,852.74,257.22,695.985,531.433,1076.11,684.219,10.0,1321.6092716050127,498.94363088491957
P07T19,Other,860.524,268.888,697.952,552.983,0.0,0.0,12.0,897.8430414304196,-67.23040361487128
P07T19,Other,870.432,288.459,705.769,582.322,0.0,0.0,14.0,1321.6092716050127,498.94363088491957
P07T19,Other,889.982,304.186,727.298,598.055,0.0,0.0,14.0,1321.6092716050127,498.94363088491957
P07T19,Neck,889.959,308.117,701.873,605.865,0.0,0.0,15.0,894.8870084204291,-57.793428175070886
P07T19,Other,886.141,306.135,701.874,601.99,0.0,0.0,15.0,1321.6092716050127,498.94363088491957
P07T19,Neck,917.289,321.789,731.255,607.84,889.956,666.679,13.0,885.6772193067852,-46.7150802230656
P07T19,Neck,962.374,333.537,827.259,619.566,0.0,0.0,14.0,1321.6092716050127,498.94363088491957
P07T19,Neck,991.764,321.749,839.022,594.146,0.0,0.0,14.0,903.1388350456209,-43.16220912744747
P07T19,Neck,989.812,306.094,850.751,588.228,0.0,0.0,12.0,1321.6092716050127,498.94363088491957
P07T19,Other,964.497,304.211,815.481,556.907,0.0,0.0,15.0,901.6104509497052,-36.27631193361374
P07T19,Neck,962.478,313.978,795.927,535.343,0.0,0.0,14.0,1321.6092716050127,498.94363088491957
P07T19,Neck,962.496,333.568,786.085,564.707,0.0,0.0,12.0,902.4912250655268,-36.286755138753435
P07T19,Neck,952.669,353.136,789.955,554.947,0.0,0.0,16.0,1321.6092716050127,498.94363088491957
P07T19,Other,931.064,368.891,791.989,552.928,0.0,0.0,16.0,903.2836919748192,-35.73592292235644
P07T19,Other,884.112,386.42,764.584,566.693,0.0,0.0,16.0,1321.6092716050127,498.94363088491957
P07T19,Neck,815.466,400.175,725.372,560.85,0.0,0.0,16.0,903.0517175288027,-28.362094325826543
P07T19,Neck,731.317,400.143,633.255,601.975,0.0,0.0,16.0,1321.6092716050127,498.94363088491957
P07T19,Other,664.712,431.536,0.0,0.0,0.0,0.0,18.0,903.940504772042,-28.27311505658555
P07T19,Other,601.934,429.594,656.803,588.3,0.0,0.0,16.0,1321.6092716050127,498.94363088491957
P07T19,Other,537.249,419.79,0.0,0.0,0.0,0.0,18.0,904.7090448806787,-27.643232552925433
P07T19,Other,474.584,417.845,0.0,0.0,0.0,0.0,18.0,1321.6092716050127,498.94363088491957
P07T19,Other,425.614,400.144,556.955,464.801,0.0,0.0,16.0,905.4965202784529,-26.99571082462199
P07T19,Other,202.262,388.399,0.0,0.0,0.0,0.0,18.0,1321.6092716050127,498.94363088491957
P07T19,Other,114.095,408.025,0.0,0.0,0.0,0.0,18.0,627.497460773158,-219.0177122936328
P07T19,Other,39.7043,445.257,0.0,0.0,0.0,0.0,18.0,1321.6092716050127,498.94363088491957
P07T19,Other,5.37995,398.179,0.0,0.0,0.0,0.0,21.0,648.615265787414,-212.90103445734576
P07T19,Other,0.0,0.0,0.0,0.0,0.0,0.0,22.0,1321.6092716050127,498.94363088491957
P07T19,Other,0.0,0.0,0.0,0.0,0.0,0.0,12.0,645.9923786537008,-214.01366788967448
P07T19,Other,nan,nan,nan,nan,nan,nan,nan,1321.6092716050127,498.94363088491957
P07T19,Other,nan,nan,nan,nan,nan,nan,nan,641.9185355820994,-209.79356255971294
P07T19,Other,nan,nan,nan,nan,nan,nan,nan,1321.6092716050127,498.94363088491957
P07T19,Other,nan,nan,nan,nan,nan,nan,nan,639.58322062793,-211.76563177482768
P07T19,Other,nan,nan,nan,nan,nan,nan,nan,1321.6092716050127,498.94363088491957
P07T19,Other,nan,nan,nan,nan,nan,nan,nan,638.2185267656822,-189.03252701662123
P07T19,Other,nan,nan,nan,nan,nan,nan,nan,1321.6092716050127,498.94363088491957
P07T19,Other,nan,nan,nan,nan,nan,nan,nan,635.6102545695418,-192.2972929284553
P07T19,Other,nan,nan,nan,nan,nan,nan,nan,1321.6092716050127,498.94363088491957
P07T19,Other,nan,nan,nan,nan,nan,nan,nan,633.0951099340988,-193.52881655201233
P07T19,Other,nan,nan,nan,nan,nan,nan,nan,1321.6092716050127,498.94363088491957
P07T19,Other,nan,nan,nan,nan,nan,nan,nan,632.3398838292378,-200.58359451338976
P07T19,Other,nan,nan,nan,nan,nan,nan,nan,1321.6092716050127,498.94363088491957
P07T19,Other,nan,nan,nan,nan,nan,nan,nan,631.4420642357853,-207.1903701988465
P07T19,Other,nan,nan,nan,nan,nan,nan,nan,1321.6092716050127,498.94363088491957
P07T19,Other,nan,nan,nan,nan,nan,nan,nan,628.814897087615,-208.07374625584862
P07T19,Other,nan,nan,nan,nan,nan,nan,nan,1321.6092716050127,498.94363088491957
P07T19,Other,nan,nan,nan,nan,nan,nan,nan,634.2470866249628,-208.48976861519787
P07T19,Other,nan,nan,nan,nan,nan,nan,nan,1321.6092716050127,498.94363088491957
P07T19,Other,nan,nan,nan,nan,nan,nan,nan,639.1298723032156,-208.9507203681089
P07T19,Other,nan,nan,nan,nan,nan,nan,nan,1321.6092716050127,498.94363088491957
P07T19,Other,nan,nan,nan,nan,nan,nan,nan,636.1273647108615,-210.40294979091453
P07T19,Other,nan,nan,nan,nan,nan,nan,nan,1321.6092716050127,498.94363088491957
P07T19,Other,nan,nan,nan,nan,nan,nan,nan,624.0616873168575,-206.97201104347386
P07T19,Other,nan,nan,nan,nan,nan,nan,nan,1321.6092716050127,498.94363088491957
P07T19,Other,nan,nan,nan,nan,nan,nan,nan,626.8841363386833,-196.08714443584574
P07T19,Other,nan,nan,nan,nan,nan,nan,nan,1321.6092716050127,498.94363088491957
P07T19,Other,nan,nan,nan,nan,nan,nan,nan,624.0230770673679,-198.33032854811594
P07T19,Other,nan,nan,nan,nan,nan,nan,nan,1321.6092716050127,498.94363088491957
P07T19,Other,nan,nan,nan,nan,nan,nan,nan,623.3647746630556,-205.3105771586556
P07T19,Other,nan,nan,nan,nan,nan,nan,nan,1321.6092716050127,498.94363088491957
P07T19,Other,nan,nan,nan,nan,nan,nan,nan,620.7596354127239,-206.0835102137275
P07T19,Other,nan,nan,nan,nan,nan,nan,nan,1321.6092716050127,498.94363088491957
P07T19,Other,92.5762,306.068,0.0,0.0,0.0,0.0,17.0,643.9557615141789,-210.1742747471198
P07T19,Other,0.0,0.0,0.0,0.0,0.0,0.0,17.0,1321.6092716050127,498.94363088491957
P07T19,Other,0.0,0.0,263.052,22.0417,0.0,0.0,7.0,639.6770391794694,-211.2538185186217
P07T19,Other,0.0,0.0,0.0,0.0,0.0,0.0,12.0,637.4937139467256,-212.56765173897992
P07T19,Other,0.0,0.0,0.0,0.0,0.0,0.0,12.0,1321.6092716050127,498.94363088491957
P07T19,LKnee,0.0,0.0,0.0,0.0,0.0,0.0,12.0,635.3388212930868,-213.86168518235007
P07T19,LKnee,0.0,0.0,0.0,0.0,0.0,0.0,17.0,1321.6092716050127,498.94363088491957
P07T19,Other,0.0,0.0,0.0,0.0,0.0,0.0,17.0,633.1661540165894,-215.1637314024451
P07T19,Other,nan,nan,nan,nan,nan,nan,nan,1321.6092716050127,498.94363088491957
P07T19,Other,nan,nan,nan,nan,nan,nan,nan,629.1910383585171,-210.75466342643543
P07T19,Other,nan,nan,nan,nan,nan,nan,nan,1321.6092716050127,498.94363088491957
P07T19,Other,nan,nan,nan,nan,nan,nan,nan,627.125213652024,-212.46872215541538
P07T19,Other,nan,nan,nan,nan,nan,nan,nan,1321.6092716050127,498.94363088491957
P07T19,Other,nan,nan,nan,nan,nan,nan,nan,619.5149971227972,-196.34253922010484
P07T19,Other,nan,nan,nan,nan,nan,nan,nan,1321.6092716050127,498.94363088491957
P07T19,Other,nan,nan,nan,nan,nan,nan,nan,615.8589920333809,-192.9689984982194
P07T19,Other,nan,nan,nan,nan,nan,nan,nan,1321.6092716050127,498.94363088491957
P07T19,Other,nan,nan,nan,nan,nan,nan,nan,618.1598172401632,-181.6522514685107
P07T19,Other,nan,nan,nan,nan,nan,nan,nan,1321.6092716050127,498.94363088491957
P07T19,Other,nan,nan,nan,nan,nan,nan,nan,617.1965529882913,-189.51063616684922
P07T19,Other,nan,nan,nan,nan,nan,nan,nan,1321.6092716050127,498.94363088491957
P07T19,Other,nan,nan,nan,nan,nan,nan,nan,614.7004300013256,-189.9440657618968
P07T19,Other,nan,nan,nan,nan,nan,nan,nan,1321.6092716050127,498.94363088491957
P07T19,Other,nan,nan,nan,nan,nan,nan,nan,612.3031827255944,-190.88307595431075
P07T19,Other,nan,nan,nan,nan,nan,nan,nan,1321.6092716050127,498.94363088491957
P07T19,Other,nan,nan,nan,nan,nan,nan,nan,608.2316768540135,-185.83819156695134
P07T19,Other,nan,nan,nan,nan,nan,nan,nan,1321.6092716050127,498.94363088491957
P07T19,Other,nan,nan,nan,nan,nan,nan,nan,638.8110998955782,-213.52610431454258
P07T19,Other,nan,nan,nan,nan,nan,nan,nan,1321.6092716050127,498.94363088491957
P07T19,Other,nan,nan,nan,nan,nan,nan,nan,620.8982342073434,-196.14267932911048
P07T19,Other,nan,nan,nan,nan,nan,nan,nan,1321.6092716050127,498.94363088491957
P07T19,Other,nan,nan,nan,nan,nan,nan,nan,619.8082366810627,-198.52428133263192
P07T19,Other,nan,nan,nan,nan,nan,nan,nan,1321.6092716050127,498.94363088491957
