P07T22,Other,770.399,650.965,0.0,0.0,0.0,0.0,17.0,400.9219941350984,-178.30146602681518
P07T22,Other,772.334,648.957,0.0,0.0,0.0,0.0,17.0,580.8469012474483,191.35228851518298
P07T22,Other,774.257,643.086,0.0,0.0,0.0,0.0,17.0,380.0800816739408,-142.4674066864659
P07T22,Other,774.365,635.359,0.0,0.0,0.0,0.0,17.0,580.6023106369616,191.18742524605852
P07T22,Other,774.37,631.284,0.0,0.0,0.0,0.0,17.0,612.1471357734299,241.35004049386586
P07T22,Other,774.364,619.555,0.0,0.0,0.0,0.0,17.0,582.4209488335538,191.66240709270616
P07T22,Other,774.287,607.882,0.0,0.0,0.0,0.0,17.0,540.6362998165297,-29.69016047813856
P07T22,Other,770.473,601.887,0.0,0.0,0.0,0.0,16.0,584.0891866599942,193.50492397660423
P07T22,Other,766.487,588.264,0.0,0.0,0.0,0.0,15.0,584.3855027467065,193.22468499396834
P07T22,Other,764.577,584.294,0.0,0.0,0.0,0.0,16.0,597.359332995883,249.51650820539624
P07T22,Other,764.538,572.629,0.0,0.0,0.0,0.0,15.0,584.8991892385864,191.3791599194466
P07T22,Other,762.595,568.67,0.0,0.0,0.0,0.0,15.0,537.2998782082592,-109.67999275236397
P07T22,Other,760.749,556.891,0.0,0.0,0.0,0.0,15.0,584.4785386412951,192.42152102689926
P07T22,Other,760.746,545.134,0.0,0.0,0.0,0.0,15.0,624.3404224923661,266.1396802410873
P07T22,Other,760.693,531.405,0.0,0.0,0.0,0.0,15.0,585.6148294030645,192.43210708316735
P07T22,Other,758.688,521.564,0.0,0.0,868.33,715.633,14.0,445.8221105486655,-137.98524170585165
P07T22,Other,754.747,507.974,645.068,715.602,860.542,715.623,13.0,586.1462765349356,192.0987136161455
P07T22,Other,746.918,494.254,0.0,0.0,854.668,715.615,13.0,456.27492451081537,-236.1714294380952
P07T22,Other,743.089,480.566,0.0,0.0,854.639,715.594,11.0,586.2798734334788,192.31930900802354
P07T22,Other,742.977,470.716,658.774,666.591,842.966,684.271,10.0,596.7636089732325,240.80054746612578
P07T22,Other,737.154,460.874,650.933,652.921,846.845,666.591,10.0,586.7446927227755,192.0409535815127
P07T22,Other,735.171,456.967,666.56,647.024,840.951,651.015,10.0,588.161803287487,244.77701027336127
P07T22,Other,731.263,458.862,658.78,635.274,842.925,647.028,10.0,586.9912512500421,192.91571336994775
P07T22,Other,729.264,455.054,660.715,631.371,840.94,637.237,10.0,606.793448886299,206.47603735979826
P07T22,Other,727.266,456.931,654.82,621.523,835.083,631.319,10.0,587.0012723383945,193.47933084227466
P07T22,Other,725.324,455.006,650.877,619.598,829.212,627.413,10.0,651.2644615839174,204.97981635713336
P07T22,Other,715.633,366.925,617.677,509.824,807.639,513.816,8.0,587.3291131521898,193.95936775690902
P07T22,Other,713.7,366.861,619.592,509.868,809.63,509.897,8.0,504.33448409138174,-136.2194153526186
P07T22,Other,711.728,353.154,619.668,507.86,797.852,496.158,8.0,586.8260554386641,193.61826952968042
P07T22,Other,699.972,351.23,617.656,496.183,795.914,494.287,8.0,643.0584983226645,217.14667911117724
P07T22,Other,709.631,337.445,617.557,492.211,789.939,484.386,8.0,587.5228233354638,195.11342026424336
P07T22,Other,682.273,337.492,617.632,494.152,780.267,490.224,8.0,642.8520880237008,219.63657761037692
P07T22,Other,680.35,335.539,617.602,492.252,788.08,482.478,8.0,587.7460288356112,195.33368086240625
P07T22,Other,682.235,333.48,617.695,492.246,780.268,490.308,8.0,644.2377056851078,220.03346196637818
P07T22,Other,682.272,329.646,617.684,492.172,788.038,484.429,8.0,586.8214297843849,195.63162204801017
P07T22,Other,678.31,329.665,617.636,492.294,778.308,488.316,8.0,643.3805418222643,222.2035070094249
P07T22,Other,672.501,333.561,617.589,494.161,776.309,492.274,8.0,587.134724531639,196.2696860239296
P07T22,Other,666.696,333.57,615.645,494.122,776.292,490.283,8.0,643.3151893010884,221.73440636078757
P07T22,Other,666.533,333.518,607.85,490.262,780.231,490.306,8.0,585.9801190139701,197.65951620659712
P07T22,Other,664.706,333.526,603.995,484.428,780.247,490.257,8.0,643.9266568901076,223.11058491313113
P07T22,Other,662.697,335.458,603.863,486.348,784.165,490.267,8.0,585.5672223204066,198.78061774319565
P07T22,Other,660.727,335.437,603.843,488.338,788.015,484.437,8.0,643.4499845510805,223.89883450303762
P07T22,Other,660.685,333.533,600.01,482.427,774.417,490.246,8.0,586.6716656486824,198.74366216821196
P07T22,Other,656.826,331.601,603.883,490.26,776.384,482.468,8.0,641.4346813261318,224.1487617788986
P07T22,Other,660.685,333.487,601.9,484.385,774.355,482.467,8.0,585.5948586170921,200.22764606265991
P07T22,Other,664.535,333.537,594.129,478.591,778.253,480.548,8.0,642.6950922357411,226.16286304757782
P07T22,Other,664.612,333.58,596.086,478.497,776.28,482.475,8.0,585.7708576972642,200.68552330977514
P07T22,Other,664.693,333.59,598.009,478.496,774.383,482.462,8.0,642.4902149406544,227.2918251736035
P07T22,Other,666.589,331.565,602.013,478.579,778.283,478.552,8.0,585.3175493451618,202.185536430762
P07T22,Other,682.204,321.837,599.972,476.492,780.245,478.474,8.0,642.167579178291,230.13465764058196
P07T22,LElbow,678.349,319.755,597.992,464.877,778.251,474.576,8.0,585.2008842383535,203.49365238875689
P07T22,Other,682.281,312.002,598.024,464.856,782.19,470.689,8.0,642.273299358196,231.16992198881374
P07T22,MidHip,686.18,306.049,594.155,464.854,790.028,472.681,7.0,585.1393200476459,203.75377839969588
P07T22,MidHip,684.297,300.275,594.137,464.79,790.01,464.87,5.0,643.1273683497382,231.91466592715474
P07T22,MidHip,693.978,290.416,599.991,462.772,782.193,462.807,6.0,584.3955061508454,204.79695738930056
P07T22,MidHip,695.933,288.409,597.986,458.898,782.181,460.837,4.0,642.7387418169244,235.0895981081621
P07T22,MidHip,696.054,280.641,600.02,458.895,782.207,458.946,2.0,642.4551529595043,235.47905998104707
P07T22,MidHip,698.011,274.866,598.034,451.066,780.226,455.043,2.0,584.2554898530215,205.24180926383715
P07T22,MidHip,699.897,272.792,596.074,447.23,786.113,455.033,1.0,642.7918538000047,237.70621883548105
P07T22,MidHip,698.034,268.913,592.148,445.281,784.152,453.091,0.0,584.4198901278959,206.24225991058094
P07T22,MidHip,699.962,261.096,596.049,445.272,776.303,451.112,0.0,641.833249396087,238.88423965796179
P07T22,MidHip,699.939,259.145,598.054,445.248,782.227,447.241,0.0,584.4564846288289,207.59542564997844
P07T22,MidHip,699.971,257.166,598.058,445.205,780.234,445.147,0.0,642.0090202139513,241.37367902940017
P07T22,MidHip,701.897,255.123,594.123,441.267,782.187,443.259,3.0,584.1635822908268,208.37413424509498
P07T22,MidHip,701.86,247.38,588.236,433.527,780.245,443.243,1.0,643.415386804119,243.3093651884309
P07T22,MidHip,701.887,243.464,596.075,433.49,780.215,433.466,0.0,584.4627905391657,209.73918914707875
P07T22,MidHip,699.979,241.524,598.008,431.576,776.325,431.568,0.0,642.5867110149218,244.76232269943011
P07T22,MidHip,698.044,237.544,598.048,427.589,772.403,427.619,1.0,584.5591785557984,211.69579072001184
P07T22,MidHip,697.89,227.803,596.074,419.732,764.588,427.607,1.0,643.3947700666254,246.32287106740282
P07T22,MidHip,694.001,225.733,586.267,415.898,766.552,429.498,0.0,584.8579065126235,212.25493171974392
P07T22,MidHip,688.164,225.746,580.435,417.776,770.404,429.593,0.0,643.2588933374736,245.99199412381319
P07T22,MidHip,684.31,225.74,566.713,413.931,776.256,429.47,0.0,584.3932032071949,214.12316194215157
P07T22,MidHip,682.38,223.854,556.834,415.854,774.264,429.561,0.0,644.3380021784071,248.61897169241522
P07T22,MidHip,680.35,219.956,541.31,413.919,788.092,429.609,0.0,585.4300962843145,214.65709974063074
P07T22,MidHip,678.378,219.891,525.643,415.902,803.773,433.526,0.0,635.944118182925,249.32338719146412
P07T22,MidHip,674.4,216.026,509.91,404.084,811.623,431.512,0.0,575.1633577212192,211.12149980009528
P07T22,LElbow,668.597,214.072,509.808,384.453,817.465,419.783,0.0,611.8394589489997,251.97848977275598
P07T22,MidHip,666.528,214.101,505.897,380.509,825.303,417.853,1.0,561.9561728995174,207.7250477948636
P07T22,MidHip,664.612,217.933,498.101,382.568,821.33,413.885,0.0,617.3973469557941,243.4432743409046
P07T22,MidHip,658.798,217.986,496.144,372.762,807.666,411.933,4.0,565.5206816490512,208.06340495440168
P07T22,LElbow,652.976,216.047,507.935,368.809,790.054,411.865,4.0,621.2366992080202,246.20471421386682
P07T22,LElbow,650.886,223.774,554.94,431.46,776.307,411.901,0.0,567.9168797528787,210.27571090456732
P07T22,Other,641.16,225.839,617.646,386.454,666.619,400.153,0.0,620.6634106454572,246.68190008322523
P07T22,Other,639.176,225.882,611.767,388.418,664.685,406.018,0.0,566.8941209688852,211.0881033378238
P07T22,Other,637.226,229.683,615.672,451.079,682.284,460.845,6.0,567.2066365325402,212.07496852767164
P07T22,Other,637.294,243.391,560.842,474.64,715.583,486.371,3.0,621.4922961636903,250.69062069288137
P07T22,Other,641.172,259.082,543.168,525.547,742.923,523.608,8.0,620.9588187596001,250.8680505772668
P07T22,Other,646.942,270.815,535.304,533.386,758.682,523.621,8.0,567.6721330300907,212.09210845626117
P07T22,Other,648.965,274.85,525.543,531.397,774.367,523.606,8.0,622.7644930961892,252.40114053647886
P07T22,Other,650.942,286.46,523.534,531.439,788.015,519.698,8.0,567.9502398568947,213.7081646015841
P07T22,Other,654.88,290.378,523.5,523.556,793.991,519.672,8.0,622.7598402122168,253.28545775377722
P07T22,Other,664.574,300.191,523.554,509.874,805.773,515.769,8.0,567.9640228144484,214.76553372355002
P07T22,Other,666.631,304.124,539.21,505.94,807.612,494.189,8.0,623.9819808385402,255.00352795396813
P07T22,Other,676.348,306.081,558.841,505.947,815.499,486.372,8.0,568.7831353796792,216.72456326431222
P07T22,Other,682.191,306.151,554.884,505.909,0.0,0.0,9.0,625.4954565439524,257.84913964949385
P07T22,Other,686.225,306.167,552.945,503.962,825.283,482.473,8.0,570.6093885961284,217.99654864118585
P07T22,Other,695.957,308.145,552.946,509.937,839.062,492.218,8.0,625.2836975317347,260.77015804882
P07T22,Other,699.895,308.047,554.931,523.53,837.092,509.876,8.0,569.5961482469119,220.80543473763706
P07T22,Other,713.692,312.042,600.015,554.985,854.658,539.224,8.0,627.1013041105637,263.3374833938366
P07T22,Other,717.559,308.134,625.456,580.412,850.688,553.004,8.0,570.9022798193918,221.10204091608117
P07T22,Other,719.51,308.056,637.189,582.356,841.041,556.838,8.0,626.5120533070595,264.668821136495
P07T22,Other,721.443,306.187,649.036,586.342,837.031,556.911,8.0,571.4756284812374,223.5780219292746
P07T22,Other,723.381,306.179,654.823,572.623,827.246,566.673,8.0,625.8763912501557,268.72131715832944
P07T22,Other,725.313,306.105,664.672,572.562,823.267,558.854,8.0,571.1450292731417,225.1629344221249
P07T22,Other,725.391,306.062,676.358,572.624,813.51,558.878,8.0,627.3086632822647,271.92252427808927
P07T22,Other,727.257,306.042,680.327,564.699,807.616,556.874,8.0,572.2963111135239,227.25786668457218
P07T22,Other,727.293,304.198,680.384,554.937,797.841,552.929,8.0,626.3771682405984,274.45468364065783
P07T22,Other,727.276,304.139,682.293,550.985,791.986,541.248,8.0,571.1399759096535,229.89447007931867
P07T22,Nose,727.271,304.143,682.253,550.982,792.023,535.358,8.0,627.674641252202,276.451066968611
P07T22,Other,725.402,304.145,680.325,554.913,790.029,539.291,8.0,572.1538341301953,232.5699058835295
P07T22,Other,725.364,304.205,678.293,558.886,788.09,545.19,8.0,628.2488453874479,279.8364989666106
P07T22,Other,721.428,306.082,666.566,568.684,788.104,554.89,8.0,573.1515527532974,235.17289587604373
P07T22,Other,715.649,306.106,652.937,572.577,791.906,556.909,8.0,628.5900427924696,284.05919018615634
P07T22,Other,713.588,306.206,635.175,564.738,790.05,568.613,8.0,572.6413869768329,237.25781080409695
P07T22,Other,709.746,310.027,619.688,572.643,792.006,570.606,8.0,628.9667213313435,286.48483357349556
P07T22,Other,703.8,308.132,605.889,584.274,793.98,572.618,8.0,572.7369713137733,240.73072499721437
P07T22,Other,697.97,308.128,592.145,586.224,795.895,570.671,8.0,627.5711404993608,290.2124573102171
P07T22,Other,664.628,308.114,527.489,552.972,790.008,545.155,8.0,572.5990828621857,241.58194512706078
P07T22,Other,658.78,308.154,523.639,552.971,776.348,547.083,8.0,627.0624178305375,292.8907373574758
P07T22,Other,651.017,308.135,521.64,558.855,774.435,549.027,8.0,571.5375623748232,243.92696388931702
P07T22,Other,648.929,313.981,513.821,562.745,772.392,543.151,8.0,628.3561940680636,297.13217038516643
P07T22,Other,643.076,315.906,511.805,564.721,760.669,554.901,8.0,555.7697498616615,243.8919843051546
P07T22,Other,637.176,317.821,509.879,564.72,748.93,554.983,8.0,627.5838458926783,299.24140931649623
P07T22,Other,633.375,319.773,509.829,568.608,743.079,558.863,8.0,554.9582888721253,245.46895598689528
P07T22,Other,631.371,319.772,509.896,568.651,729.216,570.677,8.0,626.5757550599661,302.89449418786177
P07T22,Other,629.39,319.796,509.885,568.678,723.39,572.659,8.0,555.066411392449,246.51684670906508
P07T22,Other,619.651,319.777,509.862,570.641,697.975,574.583,8.0,625.1280860036277,304.15023272861833
P07T22,Other,619.589,319.804,509.849,570.639,696.024,574.499,8.0,554.3082607640632,248.6683818354426
P07T22,Other,619.537,319.866,509.923,574.491,695.958,572.539,8.0,625.4159218216362,309.99482103947213
P07T22,Other,619.505,319.919,511.822,570.624,695.971,572.508,8.0,552.6748476702754,250.53229333379394
P07T22,Other,617.689,321.737,511.856,570.66,696.009,570.615,8.0,553.3730794996939,252.50992513288034
P07T22,Other,617.674,321.778,515.721,570.648,697.942,566.668,8.0,622.4092191856022,312.3111647062108
P07T22,Other,617.67,321.836,519.663,572.625,698.001,572.599,8.0,551.8031669743252,254.18633021001685
P07T22,Other,617.618,321.863,517.701,574.49,701.836,574.569,8.0,621.5079469484483,315.1954051816644
P07T22,Other,617.701,323.789,521.641,570.617,713.614,574.513,8.0,549.5962651076375,255.853185956214
P07T22,Other,619.558,323.793,523.627,572.622,719.515,572.551,8.0,620.4510123883477,319.3841980137912
P07T22,Other,619.661,323.837,525.556,574.492,727.363,574.548,8.0,548.2948818332743,258.192688526553
P07T22,Other,627.38,327.691,529.474,582.325,735.209,572.58,8.0,619.3242154715241,322.5576289904629
P07T22,Other,633.24,333.487,537.303,576.51,744.954,570.654,8.0,547.534280114461,259.882944197047
P07T22,Other,635.292,333.522,541.216,588.238,754.77,570.604,8.0,618.0600035372801,324.9456966044185
P07T22,Other,644.997,333.563,543.209,584.334,766.508,562.788,8.0,546.5588100294478,262.9621373996221
P07T22,Other,648.965,335.435,552.971,584.292,772.427,568.65,8.0,616.0901202060543,327.69641892918236
P07T22,Other,652.905,335.448,556.972,588.32,770.466,572.647,8.0,545.2760231861429,264.42374525544506
P07T22,Other,662.703,335.527,568.603,590.174,776.296,572.537,8.0,616.8847047385956,333.46589563374346
P07T22,Other,666.613,335.556,572.527,590.197,782.216,576.478,8.0,543.4165159265036,267.4805318860024
P07T22,Other,682.395,337.537,594.092,599.943,803.717,584.311,8.0,615.2151371483787,336.46775579723015
P07T22,Other,690.146,337.543,601.865,598.032,805.68,584.252,8.0,544.8967681952814,269.7895949719728
P07T22,Other,695.916,339.425,604.015,601.919,807.687,578.434,8.0,614.438363559717,340.438539353812
P07T22,Other,697.911,337.559,615.673,601.913,809.633,576.498,8.0,543.0209095454588,272.4359050410493
P07T22,Other,699.968,337.567,619.552,602.003,819.355,578.437,8.0,612.8877990601283,343.1477395015554
P07T22,Other,705.799,337.561,621.547,600.016,819.428,578.427,8.0,542.1138250599356,275.3464160060706
P07T22,Other,711.545,341.375,631.293,605.864,821.332,572.644,8.0,613.6019468064719,349.9437199271787
P07T22,Other,711.709,339.495,633.282,605.85,821.445,570.658,8.0,541.9560432542746,278.84431644927207
P07T22,Other,713.571,339.421,633.385,603.97,823.354,568.588,8.0,612.3142909012181,353.8688644651043
P07T22,Other,713.662,339.407,635.206,603.903,823.406,570.543,8.0,541.4639117775058,281.71909580579137
P07T22,Other,715.578,337.581,633.338,603.886,825.278,572.579,8.0,609.6376046802711,358.83957624109405
P07T22,Other,715.658,337.528,633.354,594.127,823.363,562.792,8.0,540.3815436123017,285.69298794493955
P07T22,Other,717.534,337.509,633.213,601.965,823.391,568.663,8.0,610.3797104563411,361.40579461113197
P07T22,Other,717.571,337.503,627.435,601.97,823.312,572.583,8.0,539.5201936259149,288.5752354933352
P07T22,Other,717.578,337.491,621.594,603.858,823.257,572.585,8.0,610.9279774783606,365.433287096933
P07T22,Other,717.532,337.498,619.599,596.08,821.434,580.408,8.0,539.1104466944117,290.08576027113156
P07T22,Other,715.637,337.534,617.566,598.026,819.453,586.251,8.0,610.9691718363457,370.31753217633934
P07T22,Other,713.72,337.581,609.821,590.199,819.409,584.299,8.0,538.3766248796671,294.7637994032787
P07T22,Other,713.584,339.415,603.864,590.256,811.547,586.266,8.0,610.6849011702149,372.80529178320916
P07T22,Other,709.7,339.479,592.151,576.522,803.755,588.172,8.0,537.6856195861033,295.95911488712215
P07T22,Other,705.773,339.485,588.286,588.177,793.926,590.229,8.0,608.5690410703686,373.06825830455784
P07T22,Other,698.014,339.437,586.251,588.285,789.99,594.108,8.0,538.5890721344833,295.21516492675687
P07T22,Other,695.991,341.403,578.482,588.277,778.329,590.241,8.0,609.5101250687538,373.2849695533437
P07T22,Other,692.068,341.399,572.642,588.232,776.242,592.204,8.0,539.6613056039125,292.43069721856
P07T22,Nose,684.254,339.49,572.515,586.344,770.447,598.026,8.0,610.0478812360689,368.0004073523587
P07T22,Other,680.393,341.378,570.529,584.273,766.529,598.05,8.0,555.7663408896044,281.0630800422686
P07T22,Other,678.345,341.426,564.714,584.274,760.596,592.188,8.0,633.1565249929745,343.0825593005199
P07T22,Other,668.527,339.444,556.839,574.555,756.656,590.269,8.0,587.2131774342787,253.05663868225966
P07T22,Neck,664.733,339.494,554.966,582.386,750.858,596.099,8.0,652.3917005027129,319.338769804919
P07T22,Other,664.665,343.331,552.993,574.494,748.905,599.981,8.0,613.3319795820196,228.8802100851173
P07T22,Other,664.602,343.356,552.907,574.514,745.011,600.006,8.0,670.9905570508215,279.0838464684732
P07T22,Other,664.565,345.278,545.188,574.54,743.071,602.012,8.0,640.4342654360187,206.28410934636733
P07T22,Other,664.53,345.331,543.164,572.61,743.048,601.959,8.0,705.36942711582,235.05646214170972
P07T22,Other,662.668,347.227,541.209,574.525,741.005,601.964,8.0,663.705225232367,185.54573464019998
P07T22,Other,662.643,345.332,539.318,572.592,739.086,603.983,8.0,718.3926263257333,220.94179813590938
P07T22,Other,662.648,345.325,539.284,572.572,735.151,602.001,8.0,682.0903949290632,167.1408014058858
P07T22,Other,662.665,343.379,539.31,572.626,735.176,601.908,8.0,732.7591411894193,196.13183843436266
P07T22,Other,664.58,343.342,541.134,572.614,742.976,600.002,8.0,699.3125316386463,151.07071028983023
P07T22,Other,664.644,341.432,541.281,574.554,744.995,594.085,8.0,755.8878694437874,171.30628361372055
P07T22,Nose,664.684,341.409,547.099,572.64,754.749,588.217,8.0,775.8474117947592,154.2187401637168
P07T22,Neck,664.715,341.363,552.965,582.324,756.664,588.307,8.0,710.8009504110523,142.39920455058316
P07T22,Other,666.514,339.483,554.94,576.497,764.606,572.547,8.0,775.9547875848793,154.08048216890055
P07T22,Other,666.603,339.453,558.839,584.351,766.523,586.286,8.0,709.783383471773,141.78032817613408
P07T22,Other,666.708,339.429,568.608,588.28,772.43,586.306,8.0,778.42060924924,160.530454034889
P07T22,Other,670.488,337.578,570.657,588.233,776.237,586.334,8.0,703.9472271901425,143.29660947413163
P07T22,Other,670.553,337.575,572.617,578.455,778.291,588.168,8.0,775.0164453853429,161.89483286961723
P07T22,Other,672.498,339.507,582.351,594.091,789.987,588.282,8.0,703.6414077876791,143.29896879027535
P07T22,Other,674.418,341.378,584.264,592.17,789.996,588.231,8.0,776.6811697806656,164.13176889913245
P07T22,Other,674.461,341.403,582.388,590.234,789.998,588.193,8.0,703.7741379036293,143.11502308978416
P07T22,Other,674.455,341.442,582.323,590.235,789.988,590.168,8.0,777.0799298076552,165.87687247558523
P07T22,Other,674.425,341.428,578.463,592.194,788.101,590.164,8.0,702.6518129052392,144.58442948998348
P07T22,Other,674.402,341.402,576.535,596.06,784.117,588.261,8.0,776.832206129453,167.1263568349534
P07T22,Other,672.453,339.492,574.604,599.947,778.284,588.292,8.0,701.9380838419899,145.41322265352622
P07T22,Other,668.637,339.49,572.588,596.066,776.358,588.324,8.0,775.2682335038421,168.37300075907032
P07T22,Other,668.577,339.51,572.475,599.947,774.389,588.262,8.0,699.9890610849053,146.27435182021983
P07T22,Other,668.546,341.374,572.516,600.018,774.268,592.169,8.0,775.1028925726256,168.66575342108266
P07T22,Other,668.535,343.383,570.649,601.885,772.398,590.221,8.0,699.4719997694867,147.321028291251
P07T22,Other,666.653,347.257,570.567,599.967,768.49,590.201,8.0,775.5967577386627,170.350255570185
P07T22,Other,662.703,351.102,562.781,600.022,762.614,599.984,8.0,698.2659762680856,148.2243684663558
P07T22,Other,656.786,351.206,558.855,599.972,760.597,596.072,8.0,777.3753345754753,168.75763436447596
P07T22,Other,650.938,351.241,556.958,601.892,758.706,603.926,8.0,698.0631838032189,148.48337882252247
P07T22,Other,649.003,353.11,554.968,598.018,758.655,603.86,9.0,779.0522830129512,167.41852402103922
P07T22,Other,646.958,353.138,554.823,592.183,758.59,600.016,8.0,697.734991148658,148.74500120771222
P07T22,Other,639.196,353.136,551.015,596.074,754.744,602.018,8.0,772.991146136754,174.58117342867638
P07T22,Other,635.17,353.138,543.235,596.046,750.854,601.909,8.0,696.4182896287407,150.21985243960174
P07T22,Other,621.593,353.234,529.517,588.27,744.919,601.954,8.0,773.4766858812354,174.71619758898808
P07T22,Other,617.664,355.172,523.613,590.222,743.008,601.98,9.0,695.6114516501011,150.67705134260598
P07T22,Other,613.69,362.888,515.724,588.178,739.055,605.869,9.0,772.0287129810592,177.00845193487487
P07T22,Other,605.888,366.795,507.984,590.241,733.191,611.745,9.0,695.3935426081189,151.91181926974434
P07T22,Other,601.993,368.833,502.058,582.371,729.395,603.894,8.0,772.8550958086716,178.02692196346257
P07T22,Other,599.925,376.641,494.192,590.204,731.259,603.85,8.0,694.0454788721886,152.78742496510293
P07T22,Other,594.13,384.49,490.231,578.423,731.308,609.821,9.0,772.9958864864916,179.5076819594499
P07T22,Other,594.135,390.388,480.551,574.494,741.049,607.831,9.0,692.6319209455446,153.7521611638874
P07T22,Other,599.918,398.164,480.514,570.511,748.903,603.997,9.0,771.731258701691,181.46135195604265
P07T22,Other,601.926,400.141,482.461,560.84,760.608,615.681,9.0,691.6501916900735,155.15183840044412
P07T22,Other,603.956,400.227,488.311,558.825,772.343,631.32,9.0,773.4670880463169,180.0639470856816
P07T22,Other,611.763,400.099,490.29,556.894,778.306,635.246,9.0,692.2496937215759,156.35832236276678
P07T22,Other,615.616,398.177,494.167,545.119,780.28,629.373,9.0,772.3286931013488,184.31733199073457
P07T22,Other,613.737,392.316,502.009,541.213,786.132,592.19,9.0,690.5069786184515,157.25744523144883
P07T22,Other,615.664,384.442,507.901,527.487,801.794,578.444,9.0,774.026154734437,182.79747717008107
P07T22,Other,619.533,376.63,521.609,507.936,805.631,543.15,9.0,689.6436712872642,157.96648482880633
P07T22,Other,621.602,364.867,515.784,509.828,791.963,537.283,9.0,771.9773162236585,188.86969895406116
P07T22,Other,627.385,353.196,517.732,507.967,811.557,535.325,9.0,689.3573692857383,159.19816833429093
P07T22,Other,629.41,351.076,521.605,521.601,833.157,539.314,8.0,773.7106899148217,187.2787732012409
P07T22,Other,631.338,339.449,527.522,509.913,850.708,537.312,8.0,689.6845625507149,160.2965235244294
P07T22,Neck,635.182,341.436,523.636,505.947,860.557,549.03,9.0,769.3282807966885,190.9124389645058
P07T22,MidHip,635.339,337.543,498.108,517.729,876.222,541.251,9.0,688.3375879445114,161.62231758780877
P07T22,MidHip,645.061,335.474,492.237,515.751,889.922,539.293,10.0,769.5198923366537,191.69524009519088
P07T22,MidHip,648.994,319.849,480.502,511.855,929.119,596.085,9.0,687.8107839207084,162.22365980472344
P07T22,Neck,660.691,292.439,509.899,484.373,946.819,570.559,9.0,768.5206619487222,194.28537137607395
P07T22,Neck,678.388,274.814,543.198,478.456,958.484,511.818,9.0,686.8332230008557,164.1077999426833
P07T22,MidHip,693.981,257.135,562.764,476.488,968.316,527.541,8.0,769.0177184030597,195.2545761443556
P07T22,MidHip,697.969,229.718,562.792,478.585,978.138,517.726,8.0,687.1513425509058,165.02700844787446
P07T22,MidHip,699.942,196.498,558.845,455.044,972.232,504.018,9.0,767.2805310764252,197.34149647857268
P07T22,Neck,705.753,159.146,588.258,411.909,978.132,502.035,9.0,685.9604694258578,166.38148550174697
P07T22,Neck,711.738,118.004,605.927,343.365,989.84,468.721,7.0,767.7641213237812,199.0214896732627
P07T22,MidHip,744.995,21.9639,662.681,243.416,1027.02,411.904,7.0,685.6775834896941,167.55645550200845
P07T22,MidHip,745.009,20.1065,668.567,229.738,1025.18,413.903,11.0,767.8050929033977,200.98755596774433
P07T22,Neck,743.059,22.1483,664.578,241.509,997.735,364.879,9.0,684.4986602059421,168.38915899094036
P07T22,Neck,742.936,29.9046,643.086,274.765,1009.49,400.169,6.0,766.4139337563189,201.55414641341076
P07T22,Neck,744.926,43.6478,627.424,306.117,1013.42,419.747,4.0,685.103820892832,169.56128357429904
P07T22,MidHip,745.074,63.1801,639.195,304.19,1042.8,494.187,5.0,766.2252169898816,202.01823037222195
P07T22,MidHip,756.748,86.7199,650.968,304.171,1034.93,453.041,4.0,683.5993075168869,171.78290608571297
P07T22,Neck,760.649,118.131,0.0,0.0,1038.79,445.233,6.0,768.1899358175187,209.29012442173152
P07T22,Neck,764.531,157.195,603.902,447.138,1054.54,462.87,4.0,683.5832018182159,172.2570608797341
P07T22,Neck,772.32,194.442,631.341,466.806,1029.07,492.223,8.0,769.3739841725023,207.9476308503707
P07T22,Nose,790.09,241.464,656.824,472.617,1027.08,588.286,8.0,682.4005654690752,175.47919316034583
P07T22,Nose,792.089,251.238,666.55,466.789,1009.41,552.933,8.0,770.5967749813851,207.28325774371748
P07T22,MidHip,790.02,263.056,666.606,490.275,993.772,533.405,4.0,682.1335793955202,176.72375248231194
P07T22,MidHip,789.95,278.693,664.67,509.953,980.139,541.253,4.0,681.4041475422086,178.49774675042994
P07T22,Nose,791.924,280.622,670.516,509.84,993.684,566.693,4.0,764.731444107193,214.85428929706126
P07T22,Nose,792.087,266.938,658.758,494.136,968.299,537.3,4.0,681.3042954201978,180.34863159036396
P07T22,Nose,794.008,257.101,682.247,480.541,972.212,541.181,4.0,766.4606332931326,213.62324432921642
P07T22,MidHip,793.925,247.374,676.391,472.651,968.307,527.535,4.0,680.240177947351,182.61706157470442
P07T22,MidHip,792.012,245.371,678.371,462.786,964.472,525.523,9.0,765.3347032582351,217.66816502549966
P07T22,MidHip,789.932,247.378,666.661,458.948,972.23,529.474,9.0,679.9862188408053,183.3337935178229
P07T22,MidHip,790.018,257.07,674.43,460.894,978.054,533.379,9.0,764.3949584866373,220.22279962793007
P07T22,MidHip,790.105,259.115,662.661,474.553,991.812,554.924,5.0,678.7551983794615,185.36224224487205
P07T22,Neck,790.075,263.009,654.841,486.357,1019.22,586.304,9.0,765.0632567711249,223.10078560745583
P07T22,MidHip,793.984,272.753,664.664,494.21,1042.77,588.225,9.0,678.4392539947016,187.8133989708747
P07T22,MidHip,805.675,276.73,664.638,504.023,980.115,551.015,10.0,766.1696819809038,222.39282845280854
P07T22,Neck,821.378,290.456,680.285,525.561,1081.94,496.197,10.0,677.360461556958,189.63346994099888
P07T22,Neck,831.159,298.292,682.32,556.918,0.0,0.0,12.0,767.8053007103292,230.15938190272618
P07T22,Neck,838.938,304.177,697.951,588.215,0.0,0.0,12.0,676.9502038699766,190.3793642203915
P07T22,Neck,839.022,290.422,652.878,568.643,0.0,0.0,12.0,765.2009607596099,229.7839636136352
P07T22,Neck,842.916,264.963,686.175,580.422,0.0,0.0,12.0,675.7986551503157,191.83780243790318
P07T22,Neck,852.766,247.355,637.227,568.663,0.0,0.0,12.0,762.5723581077661,232.14895483642584
P07T22,Neck,860.582,241.469,631.332,605.879,0.0,0.0,14.0,674.8026958816461,193.91661789756137
P07T22,Neck,870.284,251.235,590.231,680.274,0.0,0.0,14.0,763.1472714806964,233.07256241942147
P07T22,Neck,872.373,280.652,470.7,660.721,0.0,0.0,14.0,674.5570533638171,195.4686254681133
P07T22,Neck,897.757,304.183,0.0,0.0,0.0,0.0,16.0,764.747467152556,240.87657461573556
P07T22,Neck,915.321,325.694,0.0,0.0,0.0,0.0,15.0,674.0527851772914,197.8281761589209
P07T22,Neck,931.141,355.127,0.0,0.0,0.0,0.0,16.0,757.4135645878116,240.4726080075332
P07T22,Neck,960.423,368.818,0.0,0.0,0.0,0.0,17.0,672.8734251695295,199.8504738433144
P07T22,Neck,972.242,353.194,0.0,0.0,0.0,0.0,16.0,759.3364878283426,240.56144655300835
P07T22,Neck,964.314,364.86,0.0,0.0,0.0,0.0,16.0,672.2704819170779,200.71237594280421
P07T22,Other,903.632,349.221,0.0,0.0,0.0,0.0,16.0,758.807332684671,243.1694587053572
P07T22,Other,888.005,368.892,0.0,0.0,1052.55,570.649,15.0,671.7081961618208,202.42294271441986
P07T22,Other,880.125,364.822,0.0,0.0,1056.45,568.674,12.0,759.7971125120976,242.8007889637862
P07T22,Other,878.218,364.929,564.752,715.627,1072.1,572.617,11.0,671.5381889770935,203.54221116318598
P07T22,Other,882.144,380.563,570.555,715.633,0.0,0.0,15.0,757.2412423250837,245.75960011568733
P07T22,Other,880.116,398.104,556.878,715.628,1068.24,619.653,11.0,670.4355235481664,205.07068058166456
P07T22,Other,878.154,402.177,556.908,715.614,1078.01,617.684,11.0,758.1957076388212,248.97433345095084
P07T22,Other,883.997,413.77,547.117,701.906,1087.8,601.914,12.0,669.6141186517469,205.36827663656757
P07T22,Other,886.124,406.067,547.084,686.199,1105.44,547.119,14.0,756.98622879606,250.11280329961306
P07T22,Other,899.811,411.854,543.214,670.543,1091.73,648.95,14.0,669.0112592647215,206.07597061017944
P07T22,Other,913.456,423.648,554.91,641.133,0.0,0.0,15.0,756.7784866432805,252.69085616777767
P07T22,Other,919.331,433.488,551.023,633.27,0.0,0.0,14.0,668.7367351696319,207.13948877437875
P07T22,Other,917.292,435.471,539.31,635.229,0.0,0.0,15.0,756.2250802392382,252.86500778789352
P07T22,Other,899.699,417.866,525.513,627.423,0.0,0.0,14.0,667.2152316811034,209.32550782960064
P07T22,Neck,895.819,400.138,509.901,603.905,0.0,0.0,14.0,755.1917272571118,254.24591605698402
P07T22,Neck,899.776,380.538,511.84,566.712,0.0,0.0,15.0,666.6229532892743,209.76154570423606
P07T22,Neck,915.357,351.248,496.185,554.916,0.0,0.0,14.0,754.7417049896779,254.22667722046108
P07T22,Neck,907.584,315.95,494.242,509.893,0.0,0.0,14.0,666.0732442580876,210.2886101445671
P07T22,Neck,915.339,274.746,660.708,478.51,0.0,0.0,14.0,753.1423798102376,254.47603327839545
P07T22,Neck,927.134,241.398,515.739,554.936,0.0,0.0,12.0,665.3812809355472,210.51190129168305
P07T22,Neck,962.387,225.764,574.501,453.041,0.0,0.0,11.0,753.0154608152782,256.61688988332133
P07T22,LElbow,981.988,194.517,558.891,437.373,0.0,0.0,14.0,665.6706912610297,211.84557181924868
P07T22,LElbow,1017.27,225.856,0.0,0.0,0.0,0.0,15.0,752.3510325681185,255.3912721967898
P07T22,Other,1042.71,259.182,605.859,666.602,0.0,0.0,14.0,753.1546449550378,255.49106960992438
P07T22,Neck,1027.04,259.091,0.0,0.0,0.0,0.0,15.0,664.842283036508,212.6399606229235
P07T22,Neck,1034.93,317.874,617.604,648.992,1246.56,693.986,13.0,752.6727532905805,258.1176202770312
P07T22,Other,1023.13,308.051,605.877,688.149,1238.68,617.662,13.0,664.3402146576851,213.07735078000158
P07T22,Other,999.652,284.579,631.293,678.353,0.0,0.0,14.0,753.4454272349183,257.9405439972856
P07T22,Other,991.798,259.191,648.907,654.849,1154.46,601.924,13.0,663.7133245581206,213.44858295578175
P07T22,LElbow,980.173,241.399,697.992,668.583,1201.45,372.724,11.0,754.1105774519842,257.9775171301557
P07T22,Neck,1009.42,235.626,699.934,648.959,0.0,0.0,13.0,663.6686760124882,214.60561963195119
P07T22,Neck,1027.14,239.498,688.151,549.043,0.0,0.0,13.0,754.7851726210895,258.0129706124802
P07T22,MidHip,1040.84,196.43,682.286,552.982,0.0,0.0,13.0,663.981101747927,214.23306941877902
P07T22,LElbow,1056.51,163.014,648.966,476.538,0.0,0.0,11.0,753.6304474016589,261.15516586565894
P07T22,MidHip,1054.5,149.381,637.194,464.815,0.0,0.0,13.0,664.0796348864885,215.71495402744736
P07T22,LElbow,1040.77,139.567,617.616,466.806,0.0,0.0,11.0,754.4320141088434,260.9678796767224
P07T22,LElbow,1011.47,123.915,603.863,466.75,0.0,0.0,11.0,663.7006698399676,215.55651195284747
P07T22,LElbow,974.195,121.971,564.715,507.894,911.466,494.199,10.0,752.913310243856,263.87993362442035
P07T22,LElbow,942.811,133.689,539.309,523.534,0.0,0.0,11.0,663.4795147197858,216.89829089177812
P07T22,LElbow,917.414,133.685,543.167,533.397,0.0,0.0,11.0,754.5945853416756,263.71057532771295
P07T22,MidHip,913.467,135.649,560.847,527.54,1072.12,566.694,10.0,663.9228424117791,216.59504055745205
P07T22,LElbow,901.78,121.996,570.661,549.048,0.0,0.0,10.0,754.8675089172251,264.104909980711
P07T22,LElbow,905.612,118.11,592.143,572.534,0.0,0.0,11.0,663.6638800601066,217.13192168616916
P07T22,MidHip,1009.49,112.184,764.555,413.91,1056.47,386.432,10.0,662.5873150633654,217.63068010901813
P07T22,MidHip,1048.66,129.78,764.562,429.562,1079.97,429.569,10.0,754.3088227148232,264.84410260613043
P07T22,LElbow,1072.07,131.718,758.72,447.18,1013.37,425.593,13.0,755.0091431430089,264.8943010655472
P07T22,LElbow,1081.92,121.961,0.0,0.0,982.008,445.266,14.0,662.513253897647,219.12458320932606
P07T22,MidHip,1089.83,116.08,713.594,449.17,962.394,455.034,11.0,753.7802139457533,265.4620540179557
P07T22,MidHip,1060.43,90.6382,0.0,0.0,0.0,0.0,14.0,662.7171166469658,219.63534973477212
P07T22,MidHip,1030.98,82.7336,0.0,0.0,0.0,0.0,14.0,753.5660836513093,267.2728965645249
P07T22,LElbow,1019.23,67.0856,0.0,0.0,0.0,0.0,17.0,662.4369094436692,219.70429351904554
P07T22,Neck,1007.49,57.2936,0.0,0.0,0.0,0.0,17.0,752.6454986621877,268.0707804603926
P07T22,Neck,1001.62,55.4123,0.0,0.0,1148.53,715.613,15.0,662.3574983006276,220.74268796336253
P07T22,RElbow,980.134,51.4042,0.0,0.0,1199.51,615.622,14.0,753.3439922831593,268.1422507567997
P07T22,Neck,944.753,43.64,0.0,0.0,0.0,0.0,15.0,662.0911506509661,220.6244961053139
P07T22,LElbow,776.318,92.6063,0.0,0.0,0.0,0.0,16.0,661.634871967906,220.55564874624582
P07T22,LElbow,707.731,84.7994,0.0,0.0,948.738,615.644,14.0,754.2084072157709,270.25917694568113
P07T22,LElbow,647.04,106.302,523.568,694.023,897.791,676.397,13.0,755.5311913898953,272.3278414881527
P07T22,Other,554.866,149.386,486.376,715.598,931.134,664.676,13.0,661.4785423854863,220.98746705479508
P07T22,Other,504.008,178.703,0.0,0.0,0.0,0.0,16.0,753.9000742235667,272.56625456349514
P07T22,Other,503.997,206.164,568.662,715.615,790.037,654.887,14.0,661.4083523673653,221.28459932878295
P07T22,Other,521.594,221.901,0.0,0.0,801.775,635.311,15.0,752.4167088459752,273.7526255827062
P07T22,Neck,519.666,215.979,0.0,0.0,899.779,580.42,15.0,661.2865783147865,221.73685571380204
P07T22,LElbow,490.259,214.096,541.18,576.477,868.384,641.124,14.0,753.1305134754523,273.8667473313619
P07T22,LElbow,447.116,221.914,0.0,0.0,886.055,633.27,13.0,661.308026466715,223.0454374291659
P07T22,Neck,413.797,227.784,0.0,0.0,901.739,590.212,12.0,753.6652162010039,274.06547895272547
P07T22,Neck,396.185,255.181,0.0,0.0,874.256,603.892,15.0,660.6736068536303,223.80979436119586
P07T22,Other,398.162,319.791,0.0,0.0,870.334,543.173,14.0,754.1928571262229,274.26022487376025
P07T22,Neck,458.886,286.524,0.0,0.0,929.135,494.241,12.0,660.3246330481717,224.0406081591748
P07T22,MidHip,505.989,257.186,431.517,654.847,964.419,498.134,11.0,750.601827166159,277.27133612248605
P07T22,LElbow,543.196,259.166,435.419,715.598,960.459,503.995,11.0,659.1550818627486,225.864020091956
P07T22,LElbow,564.712,272.805,456.944,715.596,966.326,507.915,11.0,764.0736534314149,272.5244918007858
P07T22,Other,582.362,278.692,478.458,672.491,948.782,445.186,11.0,659.5033599138062,226.2274048709409
P07T22,Other,592.172,288.39,490.241,662.683,952.66,494.237,11.0,762.1365359857218,273.82838965529163
P07T22,Neck,599.95,282.595,494.178,648.916,946.763,466.801,10.0,657.5993870298408,226.2018213992098
P07T22,LElbow,603.84,288.466,505.898,695.993,948.731,496.167,11.0,761.8440059870624,274.5797037942948
P07T22,Neck,607.831,304.126,496.188,684.255,958.475,521.595,10.0,657.3311768488779,226.8090848197828
P07T22,Neck,615.705,310.059,494.255,682.261,964.357,539.286,10.0,759.6485380479579,275.5432896183303
P07T22,Other,633.193,304.137,484.389,627.438,844.901,478.549,10.0,656.8558248328063,227.96393826287814
P07T22,Neck,641.172,304.123,503.982,635.274,936.941,460.934,11.0,760.4554837548017,276.5917323599459
P07T22,Neck,650.907,304.175,466.751,588.227,0.0,0.0,11.0,656.5127442760796,228.3798075563545
P07T22,MidHip,664.597,302.2,507.939,654.831,0.0,0.0,11.0,760.5329885923218,276.7508923817397
P07T22,Neck,682.353,280.655,492.216,592.17,878.204,441.307,10.0,655.8175488923346,228.23168979949935
P07T22,Neck,698.049,259.155,509.855,568.659,964.349,615.677,10.0,759.6364666520728,277.70634971859323
P07T22,Neck,713.703,239.529,523.609,582.349,1015.33,554.95,10.0,654.7200132817688,229.98628678916813
P07T22,MidHip,725.366,214.103,541.186,572.605,931.061,554.876,10.0,759.063528115799,279.09819003813647
P07T22,MidHip,731.262,208.165,556.962,590.235,1009.48,592.133,9.0,655.0153066730909,229.49192080355013
P07T22,LElbow,750.855,212.03,572.555,631.344,1042.71,519.672,12.0,759.7132612742547,279.23838395741
P07T22,LElbow,774.387,210.167,574.541,605.848,1079.97,484.409,10.0,654.3516796802933,230.02183867241322
P07T22,LKnee,4.38788,208.151,21.9835,266.932,0.0,0.0,4.0,759.502772057584,281.1668176985965
P07T22,Neck,895.837,202.276,0.0,0.0,1183.83,601.94,12.0,653.2181025609257,230.69256560407266
P07T22,Neck,935.044,194.415,0.0,0.0,1154.42,633.298,15.0,652.1361145918178,232.01856711685812
P07T22,RElbow,962.406,163.098,0.0,0.0,1119.18,629.373,15.0,758.96981267789,280.9016281120871
P07T22,LElbow,976.077,166.991,0.0,0.0,1144.63,627.429,12.0,652.1163142133975,230.9253430162736
P07T22,LElbow,978.181,212.131,0.0,0.0,1125.05,529.496,15.0,759.5945052570073,281.19289164866774
P07T22,LElbow,989.854,229.746,0.0,0.0,1168.11,556.895,15.0,651.4245260904042,231.85477513206428
P07T22,LKnee,41.6579,122.009,39.7431,178.708,55.4215,178.701,1.0,760.1034893064402,281.44028390754585
P07T22,LElbow,980.053,241.443,617.556,701.884,1197.54,535.323,11.0,651.0547699004912,231.64697927448435
P07T22,Neck,962.503,243.374,588.302,674.452,0.0,0.0,15.0,756.4647229925077,282.09692233998004
P07T22,Neck,946.79,239.469,580.384,648.978,1168.17,529.447,11.0,651.5014416945229,232.5217158396159
P07T22,LElbow,915.411,210.058,590.179,582.355,1144.61,478.543,9.0,757.6485108988913,281.9567427741815
P07T22,LElbow,915.414,198.348,621.552,543.242,1138.8,464.819,9.0,650.0706862217594,231.6453197842002
P07T22,LKnee,153.355,67.1371,149.413,90.6316,153.332,90.618,0.0,757.7289659294916,284.32609960236334
P07T22,Neck,919.401,194.381,670.542,525.595,1136.88,447.188,9.0,650.2938878811557,232.4705593422105
P07T22,RKnee,184.628,82.8171,178.771,102.431,192.424,112.189,0.0,757.0620786573448,284.08205246692125
P07T22,Neck,960.463,176.845,729.248,525.606,1168.08,429.583,9.0,650.1563247263559,233.4088235974703
P07T22,Neck,985.962,168.957,743.01,525.493,1175.97,415.845,9.0,757.6045951828369,284.3760013218862
P07T22,LKnee,449.139,90.6047,427.623,86.7423,458.925,161.144,1.0,648.9890396848111,232.86939844444686
P07T22,LElbow,993.839,161.164,754.749,531.446,1172.1,417.826,9.0,755.7140074452353,284.4065315473106
P07T22,LElbow,995.699,178.754,770.423,568.621,1187.77,294.379,9.0,648.282361755819,232.8392065344422
P07T22,Neck,1011.35,208.118,801.786,639.173,1228.88,372.741,10.0,756.8484067943066,292.9034169342778
P07T22,LKnee,404.116,145.443,382.595,133.776,415.781,221.876,3.0,648.5882650992189,233.79865686449017
P07T22,LKnee,178.771,106.311,163.104,125.894,180.645,137.615,1.0,757.2253347815595,292.5838424741798
P07T22,LKnee,382.425,145.502,362.965,135.648,388.372,133.706,0.0,648.9780927301983,234.69631851781233
P07T22,LKnee,149.506,112.147,139.627,180.77,149.445,143.52,1.0,758.3491623433963,287.15376314045835
P07T22,LKnee,147.336,112.2,131.833,180.76,145.505,143.498,1.0,647.9990878511741,233.79021292015443
P07T22,LKnee,133.74,116.115,118.137,186.625,131.779,147.466,1.0,756.6197844160654,287.4985762186371
P07T22,LKnee,120.012,123.907,112.139,194.375,129.735,192.516,1.0,647.6986677247588,233.87187077493067
P07T22,LKnee,110.223,129.836,106.295,198.399,119.994,198.356,0.0,758.2046465016945,286.11904725784825
P07T22,LKnee,114.16,137.675,106.32,210.008,121.943,210.089,0.0,647.70556828249,234.34154713229648
P07T22,LKnee,116.089,151.357,108.255,215.985,123.935,215.981,0.0,758.5381843222457,286.5192607930016
P07T22,LKnee,129.758,139.584,114.089,212.173,129.837,212.131,0.0,647.447786788389,234.55738376198988
P07T22,LKnee,131.653,143.545,114.071,215.993,131.695,214.094,0.0,759.4676781938724,294.9988482470204
P07T22,LKnee,131.823,147.35,118.022,212.187,133.699,212.128,1.0,655.8786951455188,233.97595661721334
P07T22,LKnee,137.684,147.331,131.696,214.096,133.835,178.745,1.0,772.4402885481891,281.1259351960658
P07T22,LKnee,149.432,145.473,135.714,212.192,147.501,176.812,1.0,689.3067039846007,231.8612885916494
P07T22,LKnee,161.086,145.473,147.428,212.139,155.285,176.753,1.0,814.3766335794662,274.26216237693666
P07T22,LKnee,165.139,147.375,151.411,215.982,164.997,178.757,1.0,721.1090671142799,234.6395565748225
P07T22,LKnee,172.907,149.313,163.157,214.085,170.922,176.799,1.0,844.733858211062,282.48207493135544
P07T22,LKnee,398.154,202.278,382.588,180.806,406.03,192.495,0.0,739.5073391290821,238.70095323531834
P07T22,LKnee,178.678,155.247,165.1,223.855,176.848,182.774,1.0,862.0499268702013,275.45831911270955
P07T22,LKnee,178.758,157.203,165.044,225.741,178.851,223.81,1.0,742.6795637836913,238.3894594702124
P07T22,LKnee,169.022,153.292,163.037,223.855,168.965,180.744,1.0,866.6152365953404,278.1464798944889
P07T22,LKnee,162.994,151.344,151.323,223.772,163.001,180.808,0.0,733.440150724683,236.8522136106093
P07T22,LKnee,149.489,116.019,147.38,184.638,149.431,143.55,1.0,859.9920465392468,278.2281656562624
P07T22,LKnee,151.438,112.14,149.401,178.847,149.503,141.53,1.0,734.3164097816522,237.59198210446627
P07T22,LKnee,380.51,145.492,368.875,121.993,392.302,131.812,0.0,860.6183583200336,279.41343965502324
P07T22,LKnee,382.464,145.438,355.14,129.758,386.421,131.776,2.0,737.2882879113872,236.87295354602293
P07T22,LKnee,151.358,114.077,147.43,180.795,151.318,145.422,1.0,863.5686473199241,278.42782414068097
P07T22,LKnee,149.382,117.971,137.624,186.597,149.398,149.362,1.0,860.5662821601056,278.3124239607222
P07T22,LKnee,147.467,118.082,145.437,186.615,147.522,149.378,1.0,738.3367961027927,236.79687856349832
P07T22,LKnee,145.503,123.909,141.524,192.501,147.316,151.359,1.0,860.5500032930213,277.4983580196728
P07T22,LKnee,139.582,133.756,133.725,198.4,135.692,163.13,1.0,737.4318539255821,236.08138132207833
P07T22,LKnee,106.298,147.493,104.384,215.992,129.734,216.011,0.0,858.8188915015495,278.6752970389846
P07T22,LKnee,116.005,155.287,106.273,221.908,129.824,221.862,0.0,737.037642230877,236.79736012196176
P07T22,LKnee,114.123,149.412,106.313,214.082,129.751,217.954,0.0,859.9256483330998,277.6573202716283
P07T22,LKnee,114.147,147.378,110.18,210.126,127.792,210.185,0.0,737.2668522953236,236.2411815418941
P07T22,LKnee,116.105,147.492,114.108,212.018,131.734,212.075,0.0,859.2529874623835,278.7854761998661
P07T22,LKnee,131.839,149.463,123.935,212.193,133.738,178.774,0.0,736.2569600950513,235.8787739405778
P07T22,LKnee,147.502,147.475,135.752,219.951,147.459,178.851,1.0,859.8497754776117,277.0108047178099
P07T22,LKnee,380.606,192.439,353.158,178.687,384.586,180.769,3.0,735.9151178333435,236.58339302454556
P07T22,LKnee,163.118,133.808,149.393,204.231,151.382,167.025,1.0,859.7591570219009,276.8352811606991
P07T22,LKnee,157.236,112.128,145.448,180.782,149.416,137.685,1.0,734.8784933732938,236.3621878049138
P07T22,LKnee,172.883,104.303,174.827,163.061,190.523,163.132,0.0,859.8163824285957,277.3632523981263
P07T22,LKnee,212.041,96.4976,200.314,159.189,212.091,159.162,1.0,858.177860528739,276.1423117177053
P07T22,LKnee,249.293,104.333,216.045,176.788,243.43,178.826,0.0,749.3681741706047,219.8922744919782
P07T22,LKnee,0.0,0.0,249.303,178.696,268.89,178.749,5.0,859.5699370562884,278.16117376226197
P07T22,LKnee,261.122,114.091,257.14,168.973,272.83,172.874,0.0,749.2613513470708,220.16124961024738
P07T22,LKnee,270.855,100.402,270.861,165.052,0.0,0.0,4.0,860.4202786316392,276.5841440765196
P07T22,Neck,913.401,188.542,0.0,0.0,0.0,0.0,15.0,748.6453974043561,219.66141505419753
P07T22,Neck,884.134,178.754,656.814,697.915,0.0,0.0,15.0,859.5454460803487,277.0581028539436
P07T22,LKnee,323.802,76.9351,313.932,149.395,319.906,151.387,1.0,748.4566324627392,220.38230649988392
P07T22,LKnee,558.865,149.473,541.151,133.724,572.542,139.605,8.0,858.3782102304529,276.6477119174952
P07T22,LKnee,325.741,94.5285,319.823,161.167,333.531,127.859,0.0,748.5538712852829,219.74133268957422
P07T22,Other,413.94,121.995,400.117,190.564,415.788,149.455,1.0,860.0476894807716,276.7828575426279
P07T22,Other,433.463,121.988,425.603,196.426,435.451,159.204,0.0,748.0364013752,218.90054225558652
P07T22,Other,460.84,118.12,445.154,188.54,460.905,149.431,0.0,856.6401071348041,276.3244362437471
P07T22,Other,478.595,116.046,462.946,180.763,478.474,143.519,1.0,747.6092483493345,218.85384243119074
P07T22,Other,492.307,114.13,474.615,178.838,492.16,143.489,1.0,856.5986762054666,275.7706266568834
P07T22,LKnee,507.829,115.994,492.173,180.704,505.945,145.452,1.0,747.4220963037117,219.52015506600867
P07T22,LKnee,525.583,116.001,507.96,182.763,523.606,147.437,1.0,858.142120131658,275.90155408631006
P07T22,Other,529.437,127.811,511.801,192.475,525.599,153.298,1.0,747.0370758735341,219.22901662172308
P07T22,Other,527.561,129.73,509.817,194.401,525.546,155.257,1.0,859.4996344058536,275.97317495884715
P07T22,Other,535.373,127.856,507.946,188.559,527.565,153.291,1.0,746.536120490923,218.60853809056763
P07T22,Other,541.211,125.913,515.77,190.538,539.211,153.35,1.0,860.8664105992027,276.044290253983
P07T22,LKnee,556.89,121.951,537.276,188.553,554.915,149.452,1.0,746.4324423889716,218.7643275103375
P07T22,Other,556.901,120.019,533.389,186.608,554.863,149.403,1.0,855.9110083232399,276.54724557655743
P07T22,Other,780.289,231.693,776.277,212.019,0.0,0.0,1.0,747.0148426701237,217.5227955094241
P07T22,Other,780.209,239.457,774.311,217.947,0.0,0.0,1.0,854.8438472752866,276.4583306380345
P07T22,LKnee,556.982,131.796,537.315,196.462,554.879,163.015,1.0,745.521454749929,218.4312646604768
P07T22,LKnee,560.785,139.629,539.299,202.29,556.891,165.145,1.0,856.3637738122854,276.5370083830399
P07T22,Other,564.707,145.485,541.241,210.051,558.811,170.944,1.0,745.3035050778878,218.2211885136309
P07T22,Other,556.989,145.48,539.17,210.18,554.953,174.84,1.0,857.6411365648688,276.6042717450388
P07T22,Other,556.961,147.478,539.323,214.086,556.845,178.821,1.0,855.2780626551488,276.37684850343777
P07T22,LKnee,568.679,159.218,547.102,225.732,564.717,184.675,1.0,856.811791060032,276.460464978813
P07T22,LKnee,539.258,159.169,523.506,225.813,539.249,190.511,1.0,858.0493446597998,276.51913850342254
P07T22,LKnee,517.728,145.417,502.024,210.178,517.671,174.811,1.0,750.6587088007741,232.69231229528694
P07T22,LKnee,505.893,135.679,488.328,202.263,500.058,165.009,1.0,851.2264884830872,276.6850035779967
P07T22,LKnee,509.902,133.77,494.247,200.309,509.91,165.024,1.0,853.0364586145465,276.7291859230613
P07T22,LKnee,523.675,133.776,509.832,198.427,523.664,163.087,1.0,854.1886294414484,276.7826440073706
P07T22,LKnee,531.443,129.724,517.702,192.429,531.385,151.378,1.0,855.9053111134516,276.8600807211721
P07T22,LKnee,529.495,112.159,511.868,178.718,525.608,135.752,1.0,853.5073712421583,276.61983049781685
P07T22,LKnee,525.582,100.475,511.88,166.989,525.536,131.665,1.0,852.9072819717353,275.8641135425835
P07T22,LKnee,535.331,98.4121,515.786,163.118,527.582,125.844,1.0,855.7345160994296,277.63637791472496
P07T22,LKnee,537.256,96.4693,515.769,161.097,531.459,117.986,1.0,853.2178041467919,277.45111094767907
P07T22,LKnee,535.348,86.747,515.724,151.397,529.488,116.157,1.0,853.5347398262154,277.35822024378723
P07T22,LKnee,464.805,78.8508,447.204,147.379,462.946,108.229,1.0,850.7887008358226,276.30691199930396
P07T22,LKnee,445.282,78.8533,429.571,147.319,445.198,104.392,1.0,850.2835531626984,277.32912545126965
P07T22,LKnee,429.437,71.0986,411.861,141.519,429.431,102.394,1.0,850.6581398681456,278.7659420161357
P07T22,LKnee,415.863,69.1148,398.18,135.712,413.913,100.372,1.0,850.5289596399796,277.2240897547841
P07T22,LKnee,402.094,70.9887,384.465,137.635,400.159,102.411,1.0,845.9661243958785,275.76286300588384
P07T22,LElbow,643.077,147.392,631.321,127.84,656.784,135.671,0.0,830.4996918602495,268.94240576090823
P07T22,LKnee,415.819,69.1008,400.109,135.749,413.914,100.469,1.0,748.9991764899676,230.6717179616316
P07T22,LKnee,423.633,74.9142,404.078,143.548,417.795,102.461,1.0,801.149928633576,257.36183160685897
P07T22,LKnee,413.962,69.118,398.196,135.739,413.819,100.414,1.0,749.0648963046407,226.70732429144377
P07T22,LKnee,409.921,71.1025,390.37,137.639,402.2,102.305,1.0,748.9549028634802,226.49648838677234
P07T22,LKnee,648.928,143.526,627.449,120.003,660.735,131.823,1.0,779.0127843277387,250.8987737837643
P07T22,LKnee,396.182,88.7118,382.515,161.097,394.259,118.125,1.0,703.1523712866931,171.10843768743663
P07T22,LKnee,364.927,86.6434,357.096,157.221,366.906,117.96,1.0,749.8796355298125,226.1220633788348
P07T22,LKnee,364.819,73.0262,355.163,147.356,364.91,104.308,1.0,781.0999543158746,251.14708379978038
P07T22,LKnee,364.847,69.0825,357.03,139.583,364.91,100.329,1.0,748.7179645253209,225.85024711307665
P07T22,LKnee,366.846,67.1149,360.987,135.708,366.916,92.618,1.0,750.1844627495611,245.7479322426753
P07T22,LKnee,355.09,59.2947,349.164,131.708,353.222,90.6493,1.0,707.018318702874,174.69168839170428
P07T22,LKnee,343.337,53.4342,339.39,82.766,339.463,82.7526,1.0,748.7735070400479,225.70983825468008
P07T22,Neck,1103.43,165.106,805.672,619.595,1179.89,715.598,10.0,752.4562415745236,240.0272776621637
P07T22,LKnee,286.538,51.4514,272.832,120.004,298.272,114.13,1.0,706.0298097018033,173.1141188164674
P07T22,Neck,1072.22,182.695,768.501,633.261,0.0,0.0,11.0,748.2803654678844,226.00644048229995
P07T22,LKnee,545.118,143.481,523.648,121.995,556.909,131.723,0.0,752.2969389619816,240.1136739406566
P07T22,LKnee,537.336,135.75,511.867,118.13,547.094,129.773,1.0,705.490716094539,173.27153136126208
P07T22,LKnee,513.833,143.514,515.721,176.836,523.644,131.758,2.0,747.6770137736232,226.7681331385131
P07T22,Neck,1052.56,241.501,774.34,662.651,1248.5,666.585,10.0,751.1220609568403,238.84117510956798
P07T22,LKnee,231.682,92.5753,208.195,165.008,247.389,163.102,0.0,704.7686018214891,173.04965177809208
P07T22,LKnee,225.803,92.5873,200.327,165.074,0.0,0.0,2.0,751.2331828447553,238.5960297211028
P07T22,LKnee,451.14,141.572,437.413,121.989,462.901,131.693,0.0,746.9570918128702,227.401220698824
P07T22,LKnee,198.37,120.068,190.564,192.514,210.141,194.361,1.0,746.6211859134239,227.5020488231606
P07T22,LKnee,182.689,145.491,170.975,217.96,196.405,217.993,1.0,751.2419462850805,238.26739115096908
P07T22,LKnee,167.096,174.821,161.159,245.454,178.771,243.486,1.0,705.2001317987726,173.2531671812312
P07T22,Other,143.517,304.114,147.468,370.777,163.07,368.75,3.0,751.2480538901796,237.93381244577037
P07T22,Other,174.853,623.504,0.0,0.0,0.0,0.0,19.0,705.5141416466736,173.3751414651954
P07T22,Other,376.614,280.687,353.227,349.19,0.0,0.0,11.0,747.2855080411846,227.3954828787645
P07T22,Other,384.53,294.376,370.756,374.706,398.26,282.609,2.0,746.9260526471342,227.07757351128996
P07T22,Other,174.871,343.311,188.567,411.89,182.767,368.784,1.0,752.1974070006929,237.3840760079552
P07T22,Other,200.31,347.296,221.846,413.778,214.088,372.776,0.0,705.7936093368177,173.14088273369316
P07T22,Other,233.632,335.415,259.107,398.113,0.0,0.0,2.0,752.1315941276401,237.0602805093803
P07T22,Other,259.027,319.795,280.644,382.458,272.87,339.416,1.0,705.2933791677742,173.02987089001755
P07T22,Other,302.158,302.134,319.765,411.872,445.242,257.152,0.0,746.0801217644066,226.94900301654874
P07T22,LKnee,343.368,239.514,368.83,306.054,359.06,259.166,1.0,751.8857270644035,236.91999583932218
P07T22,Other,347.271,225.823,370.79,290.426,357.12,245.383,1.0,705.8731435916791,173.3389964526857
P07T22,LKnee,351.092,196.393,370.767,257.048,396.264,241.545,0.0,746.1024207625976,227.1688459657802
P07T22,Other,337.506,147.36,355.169,202.293,374.723,194.513,0.0,752.4339106957359,244.9677002991567
P07T22,Other,337.386,110.183,366.827,165.124,353.12,127.829,0.0,705.6385847969983,173.5489057960956
P07T22,LKnee,347.272,84.7719,368.756,147.424,382.536,131.787,1.0,745.691705119855,227.43806967065635
P07T22,Other,364.818,69.0114,384.491,131.714,374.726,86.7706,0.0,745.7644543005722,227.6773410300564
P07T22,LKnee,396.277,53.3295,417.771,116.163,413.774,71.0985,0.0,753.2781717196763,238.57544862269864
P07T22,LKnee,429.598,14.1919,455.007,84.773,476.556,71.0994,2.0,705.543083819333,173.71813591582614
P07T22,LKnee,474.611,5.37793,492.17,39.7022,0.0,0.0,3.0,745.860596689831,227.6945961915782
P07T22,Other,nan,nan,nan,nan,nan,nan,nan,753.8122409870011,239.62161637450515
P07T22,Other,nan,nan,nan,nan,nan,nan,nan,706.6726664123813,173.8756700838663
P07T22,Other,0.0,0.0,0.0,0.0,0.0,0.0,12.0,706.4211407895452,174.39799835583608
P07T22,Other,nan,nan,nan,nan,nan,nan,nan,745.1303474601361,228.22845459427444
P07T22,Other,nan,nan,nan,nan,nan,nan,nan,752.9327775639179,239.66672316857182
P07T22,Other,nan,nan,nan,nan,nan,nan,nan,706.8934337464134,174.87689470463638
P07T22,Other,nan,nan,nan,nan,nan,nan,nan,736.8720928841074,221.6291348728173
P07T22,Other,nan,nan,nan,nan,nan,nan,nan,753.2774119035191,240.0545019489624
P07T22,Other,nan,nan,nan,nan,nan,nan,nan,706.9837788338533,174.60945038163726
P07T22,Other,nan,nan,nan,nan,nan,nan,nan,721.0442165690421,206.00619045973272
P07T22,Other,nan,nan,nan,nan,nan,nan,nan,748.431819441472,245.88053201694515
P07T22,Other,nan,nan,nan,nan,nan,nan,nan,748.107874935818,237.91524973831707
P07T22,Other,0.0,0.0,0.0,0.0,0.0,0.0,16.0,706.9001760838673,174.4433097359423
P07T22,Other,nan,nan,nan,nan,nan,nan,nan,711.6403286871137,199.3976220074728
P07T22,Other,0.0,0.0,0.0,0.0,0.0,0.0,15.0,749.0384496363401,238.62233407420888
P07T22,Other,nan,nan,nan,nan,nan,nan,nan,706.9049595831497,175.77000911436065
P07T22,Other,nan,nan,nan,nan,nan,nan,nan,747.8701153528348,237.64850930786136
P07T22,Other,nan,nan,nan,nan,nan,nan,nan,708.808133476911,175.1916518481796
P07T22,Other,nan,nan,nan,nan,nan,nan,nan,712.6413003087147,203.34547312081554
P07T22,Other,nan,nan,nan,nan,nan,nan,nan,747.8915130918462,236.80040561575484
P07T22,Other,nan,nan,nan,nan,nan,nan,nan,707.7192379010089,175.8490680869045
P07T22,Other,nan,nan,nan,nan,nan,nan,nan,747.4417215168354,237.76249751348143
P07T22,Other,nan,nan,nan,nan,nan,nan,nan,706.8130556792424,175.84976199570835
P07T22,Other,nan,nan,nan,nan,nan,nan,nan,746.8314485053086,238.00044964213959
P07T22,Other,nan,nan,nan,nan,nan,nan,nan,746.899253972822,237.673371232643
P07T22,Other,nan,nan,nan,nan,nan,nan,nan,745.7773074165343,239.55471068946486
P07T22,Other,nan,nan,nan,nan,nan,nan,nan,747.0306041774854,239.95920720190514
P07T22,Other,nan,nan,nan,nan,nan,nan,nan,746.0480355536399,239.26962167931578
P07T22,Other,nan,nan,nan,nan,nan,nan,nan,746.462704805025,239.85545400760978
P07T22,Other,nan,nan,nan,nan,nan,nan,nan,745.2249252752484,239.53822796240556
P07T22,Other,nan,nan,nan,nan,nan,nan,nan,745.1777319033849,239.26938501774285
P07T22,Other,nan,nan,nan,nan,nan,nan,nan,744.8584482877413,239.96527631512342
P07T22,Other,nan,nan,nan,nan,nan,nan,nan,744.9349827983964,239.8236954116544
P07T22,Other,nan,nan,nan,nan,nan,nan,nan,744.2940207594195,241.78081263724428
P07T22,Other,nan,nan,nan,nan,nan,nan,nan,735.9398441172732,239.39036801535974
P07T22,Other,nan,nan,nan,nan,nan,nan,nan,719.4148593063185,230.29333672361682
P07T22,Other,nan,nan,nan,nan,nan,nan,nan,719.7853765246693,231.41652686746963
P07T22,Other,0.0,0.0,0.0,0.0,0.0,0.0,13.0,709.420246216106,227.04844942589978
P07T22,Other,nan,nan,nan,nan,nan,nan,nan,709.2906729711899,226.78120850706432
P07T22,Other,nan,nan,nan,nan,nan,nan,nan,710.8303898527805,235.69966066615737
P07T22,Other,nan,nan,nan,nan,nan,nan,nan,710.7790043213139,234.8823240975709
P07T22,Other,nan,nan,nan,nan,nan,nan,nan,699.1657359747217,191.94187475823173
P07T22,Other,nan,nan,nan,nan,nan,nan,nan,711.2688629206167,243.4958669098073
P07T22,Other,nan,nan,nan,nan,nan,nan,nan,696.8682145330549,199.0446665967959
P07T22,Other,nan,nan,nan,nan,nan,nan,nan,709.6279595073308,217.5780382717427
P07T22,Other,nan,nan,nan,nan,nan,nan,nan,764.7915826671353,275.7886560780663
P07T22,Other,nan,nan,nan,nan,nan,nan,nan,710.2852127237898,210.74244135141745
P07T22,Other,nan,nan,nan,nan,nan,nan,nan,709.1064849890471,217.39197532672588
P07T22,Other,nan,nan,nan,nan,nan,nan,nan,1070.9196754753107,476.6883247148048
P07T22,Other,nan,nan,nan,nan,nan,nan,nan,696.5726770135951,223.2830951914648
P07T22,Other,nan,nan,nan,nan,nan,nan,nan,709.1991606332099,214.39543991887692
P07T22,Other,nan,nan,nan,nan,nan,nan,nan,1070.9196754753107,476.6883247148048
P07T22,Other,nan,nan,nan,nan,nan,nan,nan,3652.476774351153,-2651.1504408855453
P07T22,Other,nan,nan,nan,nan,nan,nan,nan,708.7640292079427,214.43969443271376
P07T22,Other,nan,nan,nan,nan,nan,nan,nan,1070.9196754753107,476.6883247148048
P07T22,Other,nan,nan,nan,nan,nan,nan,nan,697.2671798401072,223.01242596056542
P07T22,Other,nan,nan,nan,nan,nan,nan,nan,709.1965234203208,214.8393198992043
P07T22,Other,nan,nan,nan,nan,nan,nan,nan,745.7584294632445,275.28425496478366
P07T22,Other,nan,nan,nan,nan,nan,nan,nan,3652.476774351153,-2651.1504408855453
P07T22,Other,nan,nan,nan,nan,nan,nan,nan,708.3012931571956,214.2109493517782
P07T22,Other,nan,nan,nan,nan,nan,nan,nan,721.1278787644119,285.552174379944
P07T22,Other,nan,nan,nan,nan,nan,nan,nan,792.2516840139419,296.0296335719779
P07T22,Other,nan,nan,nan,nan,nan,nan,nan,708.533378944378,214.70073363135006
P07T22,Other,nan,nan,nan,nan,nan,nan,nan,689.0871703446364,287.0057575266874
P07T22,Other,nan,nan,nan,nan,nan,nan,nan,775.7611970586969,333.0162440011364
P07T22,Other,nan,nan,nan,nan,nan,nan,nan,708.2806944010587,214.74132239282574
P07T22,Other,nan,nan,nan,nan,nan,nan,nan,683.0686495823319,287.91674914591096
P07T22,Other,nan,nan,nan,nan,nan,nan,nan,674.292292925418,206.30673800319744
P07T22,Other,nan,nan,nan,nan,nan,nan,nan,711.2643852725136,216.01372774417936
P07T22,Other,nan,nan,nan,nan,nan,nan,nan,682.8798376535075,216.74746370619837
P07T22,Other,nan,nan,nan,nan,nan,nan,nan,683.6317240272542,297.5050828444764
P07T22,Other,nan,nan,nan,nan,nan,nan,nan,710.7156741121792,216.0914401178009
P07T22,Other,nan,nan,nan,nan,nan,nan,nan,682.4850812624945,217.03852653634695
P07T22,Other,nan,nan,nan,nan,nan,nan,nan,722.8732106861551,234.0304986002578
P07T22,Nose,nan,nan,nan,nan,nan,nan,nan,708.658555092642,214.1943799597951
P07T22,Other,nan,nan,nan,nan,nan,nan,nan,682.0874788417051,217.32956999229555
P07T22,Other,nan,nan,nan,nan,nan,nan,nan,712.3757004186496,265.8641325315111
P07T22,Other,nan,nan,nan,nan,nan,nan,nan,708.3252380643522,215.2367168586236
P07T22,Nose,nan,nan,nan,nan,nan,nan,nan,681.6889410809756,217.61921679564617
P07T22,Nose,nan,nan,nan,nan,nan,nan,nan,704.3468828352277,264.36330506023927
P07T22,Nose,nan,nan,nan,nan,nan,nan,nan,708.1253005976894,214.69824743083862
P07T22,Other,nan,nan,nan,nan,nan,nan,nan,696.1790386962087,196.7658915195716
P07T22,Other,nan,nan,nan,nan,nan,nan,nan,704.9448512095275,264.5884876773673
P07T22,Other,nan,nan,nan,nan,nan,nan,nan,707.9731510459553,215.8019937782878
P07T22,Other,nan,nan,nan,nan,nan,nan,nan,704.3441001720713,256.1193387102691
P07T22,Other,nan,nan,nan,nan,nan,nan,nan,707.1567860211621,215.6268572408682
P07T22,Other,nan,nan,nan,nan,nan,nan,nan,706.0031298858164,216.07788933892832
P07T22,Other,nan,nan,nan,nan,nan,nan,nan,704.2564706629042,256.99735467657626
