P07T15,Other,660.675,337.451,554.997,566.647,764.576,552.998,8.0,736.7323387389113,149.17887875507432
P07T15,Other,660.677,337.442,556.82,568.641,764.557,556.878,8.0,736.055208521217,160.1796188765379
P07T15,Other,660.746,337.492,558.826,570.635,766.554,556.973,8.0,736.6659327092727,148.95065408919916
P07T15,Other,660.738,337.559,560.846,572.54,770.428,558.912,8.0,736.2249867517294,159.6658906316834
P07T15,Other,660.696,339.411,564.718,570.62,772.321,562.777,8.0,736.751705209644,148.79549481287623
P07T15,Other,660.7,339.438,568.625,572.551,774.241,562.753,8.0,735.8698127278287,160.30982667576225
P07T15,Other,660.753,339.495,570.548,574.498,774.333,566.668,8.0,736.7254683135377,148.66287200384485
P07T15,Other,660.754,341.427,570.587,572.6,774.389,566.662,8.0,736.1200064827215,160.63268711654678
P07T15,Other,660.676,343.311,570.602,574.552,774.393,562.752,8.0,736.8176271822584,148.61593119128767
P07T15,Other,658.781,345.334,570.591,576.474,774.386,568.607,8.0,736.8002259139976,148.7429297878249
P07T15,Other,658.761,347.249,570.569,574.57,774.375,568.651,8.0,736.6792650800849,160.28393089751276
P07T15,Other,658.743,347.241,570.574,570.624,774.399,560.78,8.0,736.6252003736683,160.66687029269636
P07T15,Other,658.727,347.254,568.641,568.622,774.305,556.958,8.0,736.7000015628362,148.5801498875324
P07T15,Other,656.8,345.322,566.66,558.908,772.359,554.922,8.0,736.7625928082059,160.57567719125748
P07T15,Other,654.848,341.409,556.941,564.707,766.511,554.879,8.0,737.4460915394261,148.36820405578518
P07T15,Other,654.818,339.507,556.824,560.799,764.613,554.923,8.0,736.960570581201,160.16255617308025
P07T15,Other,654.85,341.375,556.895,560.796,760.646,556.824,8.0,737.3477810609809,148.87988737016227
P07T15,Other,652.971,341.369,552.959,560.849,760.598,556.968,8.0,737.2202861207938,160.19519920264045
P07T15,Other,652.852,341.404,543.24,556.864,758.658,560.786,8.0,737.0491033025035,148.39557907654998
P07T15,Other,650.945,343.325,539.337,568.603,754.762,564.705,8.0,736.576738973042,159.86276861429187
P07T15,Other,650.972,341.432,541.203,568.602,756.723,562.761,8.0,737.3593405154162,148.12911194431766
P07T15,Other,652.919,341.355,543.181,564.699,758.726,558.917,8.0,736.5814503137944,159.20904409086367
P07T15,Other,654.833,339.493,551.007,566.673,758.747,556.914,8.0,737.584821930243,148.19885575917942
P07T15,Other,656.792,339.404,554.83,570.547,760.69,554.954,8.0,736.3045814243721,159.15509831422895
P07T15,Other,654.883,337.505,556.813,568.636,762.64,549.069,8.0,737.7891124108753,148.39530301882994
P07T15,Other,656.82,337.476,556.932,566.655,764.584,556.961,8.0,736.3014761678216,158.4983103021813
P07T15,Other,658.8,337.479,560.852,568.67,768.46,556.874,8.0,738.3309838658706,147.86779571132504
P07T15,Other,662.62,337.526,568.607,570.559,774.255,558.823,8.0,736.2526169700068,158.06922545487075
P07T15,Other,664.597,337.548,568.686,574.552,774.268,560.828,8.0,738.458436145294,147.93747839465615
P07T15,Other,664.53,341.423,564.692,570.616,770.451,568.588,8.0,736.3417052718723,158.4490198276894
P07T15,Other,664.585,341.393,558.9,574.504,766.517,568.649,8.0,738.8840172992092,148.15802829859493
P07T15,Other,664.567,341.395,558.899,572.621,762.645,570.577,8.0,738.9867125561206,147.9628664925521
P07T15,Other,664.546,341.388,558.83,572.588,762.625,562.747,8.0,736.3133260303412,158.13558365892914
P07T15,Other,664.561,341.403,558.831,572.6,760.718,570.583,8.0,738.9331140184964,148.13896960035572
P07T15,Other,662.69,339.414,556.981,570.627,760.635,570.59,8.0,736.2336817326627,158.1237799007948
P07T15,Other,662.681,339.4,556.859,570.652,760.706,572.527,8.0,739.3456973499524,148.84299832545224
P07T15,Other,664.557,339.458,556.898,572.51,760.751,570.556,8.0,736.9451921102926,157.48810402739343
P07T15,Other,664.586,339.495,556.897,572.588,762.578,570.64,8.0,739.2885419646724,148.84440547003217
P07T15,Other,664.565,341.369,556.925,570.653,760.717,574.513,8.0,736.8576158546473,158.16549377011165
P07T15,Other,662.714,339.492,556.813,568.674,760.68,572.631,8.0,739.2576867186835,148.9284776286349
P07T15,Other,662.648,339.482,554.982,570.645,760.552,570.668,8.0,736.5654931762652,157.80596103110238
P07T15,Other,662.654,341.355,556.834,570.568,760.63,564.701,8.0,739.8866389639536,148.715518351905
P07T15,Other,662.723,339.502,556.819,570.576,760.641,570.525,8.0,736.8794484655275,157.65821863655438
P07T15,Other,664.536,341.372,556.903,572.522,760.73,568.592,8.0,739.4657751398383,149.06246187901988
P07T15,Other,664.559,339.485,556.886,572.569,760.681,568.614,8.0,737.0922547680835,157.58984681070038
P07T15,Other,664.551,339.451,556.886,572.51,760.724,560.811,8.0,739.6285769922098,148.95737985777683
P07T15,Other,664.594,337.551,556.929,572.495,764.598,554.874,8.0,737.300809612105,157.74301725085027
P07T15,Other,664.593,337.492,556.919,570.611,762.565,562.79,8.0,739.6469072947041,148.70899399832888
P07T15,Other,664.611,337.442,556.917,570.674,760.652,570.6,8.0,737.9422188751976,157.0754683896845
P07T15,Other,664.663,337.424,558.918,570.554,764.589,566.641,8.0,739.1401559734107,149.04445009860999
P07T15,Other,664.613,337.41,558.865,570.62,762.58,558.881,8.0,738.2258045891574,157.46123895223943
P07T15,Other,662.726,335.596,556.936,568.61,760.733,568.659,8.0,739.5546508076507,148.69444836127224
P07T15,Other,662.653,337.394,556.897,566.659,758.708,564.737,8.0,739.501843938532,148.75185043051752
P07T15,Other,660.758,337.404,556.875,566.684,760.6,568.607,8.0,738.457318701297,157.87276119770578
P07T15,Other,662.627,337.426,556.905,568.652,760.682,570.583,8.0,739.4980621461731,148.19861842697512
P07T15,Other,662.627,337.429,556.864,568.649,758.746,568.616,8.0,738.6554003217393,158.78191427404593
P07T15,Other,662.616,337.456,556.806,568.617,758.712,570.582,8.0,738.8556597115771,159.28298120078446
P07T15,Other,660.76,337.457,555.017,570.539,758.701,568.651,8.0,739.4527578428489,148.4577534368577
P07T15,Other,660.7,337.441,554.927,560.808,758.698,568.683,8.0,739.6540206603552,148.26222568451692
P07T15,Other,660.757,337.457,529.502,556.867,788.089,558.912,8.0,738.8118936416184,159.16392925184093
P07T15,Other,660.746,337.471,523.539,552.929,789.942,551.031,8.0,739.4508017244459,159.2257210776889
P07T15,Other,660.737,337.477,521.607,543.206,791.996,547.137,8.0,739.6894844852391,148.52284072340515
P07T15,Other,660.71,337.55,513.784,545.145,791.996,547.133,8.0,739.0507303177139,159.72190071332562
P07T15,Other,660.696,337.577,525.525,537.303,788.026,541.251,8.0,739.0401489605312,148.33722343777205
P07T15,Other,660.707,339.408,541.227,527.542,778.307,543.198,8.0,739.1960689789722,148.17154400724144
P07T15,Other,660.69,339.406,552.984,525.528,760.664,529.497,8.0,739.2053395660436,159.67063316190433
P07T15,Other,660.693,339.464,576.477,509.923,735.202,529.484,8.0,739.1696363248253,148.2301737185327
P07T15,Other,658.755,339.405,613.685,509.791,711.579,517.725,8.0,739.2200180616334,159.5269349500712
P07T15,Other,658.741,337.556,635.251,496.2,696.031,504.018,8.0,738.6374974373338,147.28348926374247
P07T15,Other,652.942,335.537,613.716,496.197,711.614,507.981,8.0,738.7507638574965,160.13769663647346
P07T15,Other,652.914,335.491,611.724,509.948,717.566,511.872,8.0,738.6482746699705,147.430023918958
P07T15,LKnee,651.039,335.436,588.204,509.966,725.342,533.389,8.0,739.1041656024211,159.8645971220449
P07T15,Other,650.931,335.402,586.247,545.149,729.38,549.051,8.0,738.1941816154709,147.07446870306165
P07T15,Other,649.049,335.46,570.628,554.991,744.914,549.065,8.0,739.082631096393,159.23158257983357
P07T15,Other,648.894,335.464,558.811,560.807,750.882,556.952,8.0,738.2234594988822,147.25515840616345
P07T15,Other,646.95,335.438,554.87,554.983,758.698,570.589,8.0,738.2637225812532,147.0582426691511
P07T15,LKnee,643.092,335.444,537.336,572.546,760.559,560.831,8.0,739.082568256355,159.24563197160725
P07T15,LKnee,637.286,335.485,527.525,570.538,760.67,558.907,8.0,739.2383686188679,159.3698434345423
P07T15,LKnee,635.251,335.546,523.591,556.949,760.709,554.859,8.0,738.1652228827663,147.09049716534886
P07T15,LKnee,619.602,349.248,511.892,552.966,746.991,541.21,8.0,738.5455434502094,159.3914388183141
P07T15,LKnee,617.672,351.239,511.839,556.886,746.903,552.934,8.0,738.3839521546901,147.1170749105133
P07T15,RKnee,615.707,351.2,509.911,554.893,742.977,549.057,8.0,739.2842906621934,159.77151730904305
P07T15,LKnee,613.682,349.258,494.16,549.058,735.149,552.99,8.0,737.9453469960126,146.57263480313225
P07T15,RKnee,604.028,341.377,500.085,552.915,729.244,549.078,8.0,738.7924246983484,159.45086265098004
P07T15,LKnee,603.827,337.558,496.168,554.987,729.229,554.891,8.0,737.6208639379888,147.21508410690305
P07T15,LKnee,603.829,337.543,494.286,560.828,715.57,545.164,8.0,737.6578038610161,147.24750128115082
P07T15,RKnee,603.898,345.291,498.085,572.562,713.591,566.647,8.0,738.7329856915501,159.15525080471753
P07T15,RKnee,603.925,353.153,496.186,588.29,713.568,576.463,8.0,738.212841708943,158.51314468013467
P07T15,RKnee,603.85,362.97,494.27,594.113,711.646,588.321,8.0,737.1230516162403,147.01407832993468
P07T15,Other,601.9,364.837,494.164,605.86,711.603,586.335,8.0,737.1221148785891,147.15540500563247
P07T15,Other,598.024,351.189,494.291,588.234,698.062,586.337,8.0,737.7513223986989,158.04345364458155
P07T15,Other,599.933,351.086,501.998,588.22,697.918,586.238,8.0,737.0635911124538,147.2518723073824
P07T15,Other,599.964,351.08,507.856,586.333,697.924,576.527,8.0,737.8086179163411,157.87637724910314
P07T15,Other,601.869,351.236,511.841,586.315,697.873,578.441,8.0,736.7880390976194,147.14794958428172
P07T15,Other,602.042,353.18,519.699,588.181,696.075,580.425,8.0,737.9046356289092,158.2538953303691
P07T15,Other,605.878,355.07,525.604,588.259,697.934,588.21,8.0,736.7427428746385,147.0584851413841
P07T15,Other,615.615,359.027,537.273,590.189,701.854,588.189,8.0,737.7264529390363,158.17126173028177
P07T15,Other,619.538,357.104,541.215,588.318,711.69,584.35,10.0,736.8533495372919,147.6240754115174
P07T15,MidHip,627.419,357.107,551.029,601.922,713.646,601.982,10.0,737.923615264345,158.04921579067366
P07T15,MidHip,635.168,359.007,556.9,603.849,729.279,603.863,10.0,735.1799383369216,147.23750893889903
P07T15,Other,654.892,364.839,568.662,607.811,760.658,617.63,9.0,737.4631292019639,157.20492352127113
P07T15,Other,662.648,366.783,568.632,605.847,774.342,619.558,8.0,734.9558531071332,146.82306151525464
P07T15,Other,664.687,366.902,570.507,601.89,784.166,617.58,8.0,737.194556272529,158.09093465506848
P07T15,Other,666.616,366.915,570.589,598.003,790.11,615.696,9.0,735.0725270239436,146.65886822750815
P07T15,Other,668.564,366.944,572.487,596.098,799.839,609.806,8.0,737.2391339191137,157.40063236131354
P07T15,Other,670.555,368.789,572.531,588.276,805.619,605.924,8.0,733.8774176708159,146.84525202085482
P07T15,Other,672.484,368.882,572.598,588.258,807.591,603.986,8.0,736.583055572229,157.81423601551248
P07T15,Other,674.405,370.741,572.614,586.308,809.609,607.837,8.0,733.9408918434847,147.03144050272215
P07T15,Other,672.508,370.75,572.672,588.255,809.599,605.879,8.0,736.3003665800809,157.55400404680995
P07T15,RKnee,672.473,368.916,572.637,588.274,807.651,605.889,8.0,733.5093750748343,147.07526745734378
P07T15,Other,666.564,366.776,568.588,596.08,792.06,603.977,8.0,736.2815376565793,157.88868885611438
P07T15,Other,664.67,364.824,558.867,592.181,788.045,603.861,8.0,733.7427882910245,146.9992938529001
P07T15,Other,662.687,359.035,554.961,598.026,776.25,605.852,8.0,736.3794455771954,158.12886744939667
P07T15,Other,656.802,355.116,552.928,596.079,764.584,603.868,8.0,733.6315181780639,147.0949120578265
P07T15,Other,650.883,355.083,543.247,598.001,756.721,603.931,8.0,734.6802216089799,157.3304287845159
P07T15,Other,647.022,353.109,541.229,592.133,744.898,603.971,8.0,733.2259908643846,146.6961623407651
P07T15,Other,639.175,351.251,539.259,592.128,729.357,605.912,8.0,734.42053597981,156.4675188100185
P07T15,Other,635.205,351.194,539.152,586.282,725.337,611.727,8.0,733.3776691967282,147.00202263503846
P07T15,Other,633.189,351.132,537.26,582.377,713.554,611.749,8.0,734.5476510351298,156.47131051230122
P07T15,Other,629.349,349.197,537.271,586.224,709.657,605.874,8.0,733.2729680103351,147.44013068498813
P07T15,Other,623.488,347.222,537.273,586.222,705.781,605.917,8.0,733.5137671169955,156.45483483276965
P07T15,Other,619.669,343.363,533.41,586.276,701.882,603.95,8.0,732.7294633401541,147.23061405173414
P07T15,Other,619.572,345.288,531.395,588.222,705.783,605.923,8.0,732.464609247638,147.40856027518998
P07T15,Other,617.7,343.376,527.551,586.267,711.591,603.932,8.0,733.3896146069455,156.25432051855265
P07T15,Other,617.653,343.36,527.554,590.258,713.711,601.971,8.0,733.3956614971773,155.96111281468433
P07T15,Other,617.659,343.369,527.566,596.072,725.338,601.879,8.0,733.14768908423,147.8290972773136
P07T15,Other,617.654,345.268,529.469,598.056,729.259,599.981,8.0,733.1600460978216,155.79218506205845
P07T15,Other,617.665,345.301,527.585,601.868,733.19,588.322,8.0,732.295896788848,147.4549123203712
P07T15,Other,617.692,345.292,529.499,599.983,741.05,588.231,8.0,733.1164155883425,155.3128779099102
P07T15,Other,619.498,341.422,533.367,599.951,743.059,586.288,8.0,731.8549775829706,148.13137087705363
P07T15,Other,619.533,341.374,535.295,597.988,746.909,586.255,8.0,733.064842771229,156.0445047851448
P07T15,Other,619.567,339.507,537.269,599.94,750.832,574.55,8.0,732.1355337776502,148.35508614634026
P07T15,Other,619.598,339.496,537.306,599.94,750.827,572.636,8.0,732.6513467352108,155.43107031043303
P07T15,Other,619.658,339.462,539.192,601.885,756.651,588.263,8.0,731.7864622005708,148.22395865033252
P07T15,Other,619.7,339.47,539.231,601.871,756.711,586.226,8.0,732.6658292245284,155.56365812050123
P07T15,Other,621.53,339.491,539.326,602.007,752.779,590.254,8.0,731.4903054284349,148.29780590842387
P07T15,Other,621.583,341.358,541.172,601.908,752.8,599.935,8.0,731.9052123331683,155.96102564528493
P07T15,Other,623.497,341.391,541.311,603.916,746.957,601.943,8.0,730.0659962465415,147.6323838216813
P07T15,Other,623.534,341.423,543.205,603.903,744.985,601.989,8.0,732.5487275578232,156.28454742886302
P07T15,Other,625.455,341.431,543.248,603.871,744.9,602.009,8.0,732.5949538387201,156.4691817002141
P07T15,Other,625.446,341.355,547.096,599.958,742.94,600.023,9.0,729.3123155056808,146.94363314470115
P07T15,Other,625.459,341.373,547.081,594.12,741.083,603.978,9.0,729.3319348553023,146.90454942185806
P07T15,Other,625.453,341.381,549.024,588.253,735.159,607.851,8.0,731.3004982615389,156.31438993693902
P07T15,Other,625.459,341.374,549.054,586.3,731.266,613.696,9.0,731.5670503012238,156.38137034334144
P07T15,Other,625.473,341.403,541.305,588.203,729.391,605.877,8.0,729.0344956650454,146.58192578155882
P07T15,Other,625.501,343.339,541.322,588.191,729.293,605.846,8.0,731.2422400115397,156.56439914345913
P07T15,Other,627.415,345.283,541.257,590.162,729.251,605.882,8.0,729.0020977714003,146.4495602732569
P07T15,Other,629.331,345.308,541.184,588.255,729.262,613.732,8.0,730.9022172775434,155.83059500784324
P07T15,Other,629.351,345.318,539.237,588.185,729.261,619.571,8.0,728.8857552890322,146.66523390353663
P07T15,Other,627.447,347.268,537.34,588.277,727.396,615.673,8.0,729.7659956962008,155.52631524772403
P07T15,Other,629.337,349.169,539.146,588.215,727.394,607.81,8.0,728.5406884185345,146.01476020210694
P07T15,Other,629.364,349.202,535.367,588.305,729.217,603.995,8.0,729.4543793814206,154.79821330276022
P07T15,Other,629.384,349.217,535.339,588.194,729.236,605.874,8.0,729.0758583632334,145.88065151404328
P07T15,Other,631.303,351.077,531.424,586.28,729.286,605.858,8.0,729.1136928281958,154.25992016373507
P07T15,Other,631.331,351.107,529.466,584.333,729.289,605.881,8.0,729.0177852758952,144.98425065083907
P07T15,Other,633.2,351.173,525.649,574.558,729.349,603.954,8.0,728.705879901666,153.86100045494558
P07T15,Other,633.233,351.229,525.652,572.6,729.335,602.002,8.0,728.8158381471844,145.69888072112778
P07T15,Other,633.299,351.264,527.476,574.523,731.256,601.912,8.0,728.6005660522927,153.99595924035737
P07T15,Other,633.375,353.094,527.522,574.526,731.323,601.901,8.0,729.3647885484015,145.35758585606303
P07T15,RKnee,635.228,353.069,527.527,574.54,739.085,603.851,8.0,728.4210201990556,153.6590467628266
P07T15,LKnee,635.306,351.252,533.346,586.203,742.945,602.001,8.0,729.505567542971,145.04370884848663
P07T15,LKnee,637.252,351.241,537.314,588.185,744.906,603.85,8.0,728.3897525131167,153.50310188361985
P07T15,Other,639.178,351.255,537.322,590.203,745.068,601.923,8.0,729.1178776159239,145.0999510019466
P07T15,Other,639.211,351.271,539.243,590.242,748.892,599.979,8.0,728.289051047882,153.9648688875132
P07T15,LKnee,639.211,351.266,541.164,594.115,754.759,588.25,8.0,729.0504409748555,145.06197070658843
P07T15,LKnee,639.193,353.054,541.283,592.181,756.686,599.986,8.0,728.0654604656136,153.647272718119
P07T15,RKnee,639.22,351.258,545.107,590.201,758.598,603.924,8.0,729.3103201935077,145.02827196216893
P07T15,Other,639.215,351.242,547.101,594.097,758.639,605.842,8.0,727.9382393909295,153.236043761909
P07T15,LKnee,637.297,351.19,547.085,592.197,758.667,605.902,8.0,729.4314448978444,145.39442116591172
P07T15,Other,635.368,351.192,545.114,588.3,756.753,605.85,9.0,728.4596126285658,153.0632388685142
P07T15,Other,635.308,351.213,543.168,590.239,754.79,602.003,8.0,729.6281545050354,145.67024135222928
P07T15,Other,635.246,351.257,541.259,590.242,750.879,601.874,8.0,728.4275466636523,152.65102077173336
P07T15,RKnee,635.209,353.069,539.326,594.126,746.932,596.079,8.0,729.8944079712913,146.08928181255735
P07T15,LKnee,633.374,353.099,539.201,588.315,744.885,603.88,8.0,728.2212789949283,153.13471922682618
P07T15,Other,633.357,353.126,537.337,588.227,742.921,609.773,8.0,729.8986668264447,145.76144560056812
P07T15,Other,633.343,353.161,537.324,588.253,735.18,609.806,8.0,728.92108415139,153.0354437045954
P07T15,Other,633.33,353.199,537.261,592.196,729.384,617.644,8.0,730.4261535691057,146.46749414949898
P07T15,RKnee,633.274,355.066,535.331,588.313,727.32,617.582,8.0,730.2142435228557,146.6886495174734
P07T15,LKnee,633.201,355.162,531.449,588.263,723.43,619.561,8.0,728.7854196934663,153.0657288140353
P07T15,LKnee,633.188,357.044,531.422,588.284,721.451,619.598,8.0,728.9267174029429,152.81738291588476
P07T15,Other,633.194,357.059,531.442,590.193,725.299,617.564,8.0,730.4961085545034,146.3870462101752
P07T15,Other,633.225,355.154,533.409,590.253,727.291,615.678,8.0,728.47474822032,152.72117741755588
P07T15,LKnee,633.197,355.07,533.399,592.126,727.419,615.634,8.0,730.4623218127981,146.70832081299773
P07T15,Other,631.349,355.095,535.295,594.102,731.231,613.709,8.0,730.4611343277959,146.2696458840573
P07T15,Other,631.326,353.235,535.319,594.101,737.103,605.841,8.0,728.7580302362227,153.05689223917477
P07T15,RKnee,631.299,353.202,535.344,596.058,741.066,611.726,8.0,728.8972824478242,153.6399903269294
P07T15,LKnee,631.275,353.177,537.242,594.128,743.038,605.909,8.0,730.6910301835296,146.7650919810403
P07T15,LKnee,631.258,353.195,537.227,592.191,744.988,605.935,8.0,729.1133448735326,153.97292158516936
P07T15,Other,629.418,353.201,537.219,596.046,745.071,602.013,8.0,730.4829276123396,146.85890168195428
P07T15,Other,631.272,353.204,537.302,596.056,746.889,596.056,8.0,729.4104842615792,154.83553033087446
P07T15,Other,631.273,355.065,537.276,594.129,745.067,603.873,8.0,730.9312562189218,146.29085679543184
P07T15,LKnee,631.289,355.127,537.265,598.054,744.974,603.854,8.0,729.4170018272741,154.4721648800855
P07T15,RKnee,631.262,355.146,535.364,594.141,742.978,605.93,8.0,731.3862531686389,146.692838850636
P07T15,Other,631.264,357.058,535.342,592.18,739.101,603.923,8.0,729.7246999584027,155.13203073600465
P07T15,Other,631.324,358.989,535.348,598.05,739.091,607.84,8.0,731.5013695216974,146.7679322527898
P07T15,Other,633.185,359.016,535.361,599.933,731.22,603.955,8.0,729.6841371927965,154.88127822304784
P07T15,Other,633.243,360.964,537.226,600.014,729.296,605.842,8.0,731.1217933190258,146.64084230237765
P07T15,Other,633.286,362.955,537.237,602.012,727.415,613.698,8.0,729.9904881512022,154.62108778355028
P07T15,Other,633.335,364.89,537.223,603.885,727.237,611.752,8.0,731.572882087397,147.29630066642173
P07T15,Other,633.363,366.812,537.259,601.918,727.244,613.729,8.0,729.9848657481255,154.85425391755692
P07T15,Other,635.242,366.922,537.293,603.918,727.329,609.774,8.0,732.079101924964,146.87969166796609
P07T15,Other,635.348,368.736,537.335,605.893,729.231,611.772,8.0,731.8872037831327,147.08973126082674
P07T15,Other,639.211,368.777,539.235,605.895,731.31,605.914,8.0,729.7192919122492,155.01289458848947
P07T15,Other,645.066,368.897,539.326,609.785,741.026,605.896,8.0,730.1810348326756,154.81746853400455
P07T15,Other,648.904,370.799,541.158,611.772,743.087,605.838,8.0,732.5540350393782,147.55211567840954
P07T15,Other,650.836,372.727,541.212,617.558,747.005,603.884,8.0,732.6190638162235,147.37857643186337
P07T15,Other,651.01,372.711,541.294,615.688,756.762,603.924,9.0,730.0018696231892,155.32771082028262
P07T15,Other,658.753,376.63,543.165,615.656,760.66,605.936,8.0,732.7289307430494,147.87566021299014
P07T15,Other,660.726,372.764,543.157,613.674,770.386,607.845,8.0,730.4520699496173,154.89499509546297
P07T15,Other,662.64,370.846,541.266,611.714,774.445,609.826,8.0,730.9218310249194,155.55629694749902
P07T15,Other,662.664,364.829,539.26,580.411,793.988,592.138,8.0,732.9551225444729,147.71153762787253
P07T15,Other,658.755,351.164,539.288,549.047,805.669,586.276,8.0,733.2627876805714,147.20756331219818
P07T15,Other,656.837,337.475,539.318,509.906,809.592,558.913,8.0,731.0450725144608,155.79753007900914
P07T15,Other,658.734,335.456,543.186,503.984,811.594,537.243,8.0,730.6589299836653,155.51474696964536
P07T15,Other,658.776,331.606,545.148,490.236,807.705,505.956,8.0,733.0228957646726,147.7364616138373
P07T15,Other,658.775,329.61,543.2,476.545,0.0,0.0,9.0,733.0111039395667,147.87396286749677
P07T15,Other,660.731,323.826,543.23,476.568,784.143,462.865,8.0,731.1174081717527,156.2394693090066
P07T15,Other,662.698,321.903,543.187,474.609,788.035,451.111,8.0,732.8559359610796,147.6883885764779
P07T15,Other,664.723,323.722,545.134,464.835,803.712,458.918,8.0,731.4434072703006,156.1894412867739
P07T15,Other,670.497,323.735,552.955,472.657,795.938,449.152,8.0,731.7908509106439,156.85154342564158
P07T15,Other,676.393,323.792,556.868,464.844,850.777,462.878,8.0,733.0946130123867,147.22435197876374
P07T15,Other,680.326,327.697,0.0,0.0,0.0,0.0,10.0,733.4335768918229,147.47026905516418
P07T15,Other,682.374,333.585,562.743,492.175,0.0,0.0,9.0,732.1797077713652,156.64355296050388
P07T15,Other,690.093,337.491,558.905,511.835,0.0,0.0,9.0,733.3208044867145,147.5936346999434
P07T15,Other,698.004,339.414,570.56,496.145,905.657,496.154,9.0,732.3263082304393,157.6434362720086
P07T15,Other,711.62,337.508,578.471,507.906,923.239,523.526,8.0,733.1532880954428,148.0385477729831
P07T15,Other,719.486,335.53,586.272,509.824,927.157,545.171,9.0,732.3221552526808,157.2638765929553
P07T15,Other,727.223,333.541,600.0,515.754,933.031,556.939,8.0,733.8758336874787,147.02591693134943
P07T15,MidHip,727.378,331.621,590.197,511.847,933.056,568.658,8.0,732.8535337241432,157.15964841901447
P07T15,Other,729.225,333.471,588.191,523.569,931.147,601.987,8.0,734.5878444012542,147.29856371429324
P07T15,MidHip,729.368,329.66,572.524,527.535,929.129,623.533,8.0,732.9089233568423,157.88938237167326
P07T15,MidHip,735.169,321.864,564.708,531.414,933.104,641.106,8.0,732.6285870301595,158.06960362143857
P07T15,MidHip,742.96,323.742,558.859,539.267,935.045,645.041,8.0,726.6155317838683,142.64599980367655
P07T15,MidHip,744.979,321.897,556.864,539.247,942.836,639.187,8.0,732.4671708570738,157.8215511059775
P07T15,MidHip,748.902,319.788,554.915,531.45,976.174,590.197,8.0,723.1060003212384,140.63330177236298
P07T15,MidHip,756.66,310.082,554.897,531.404,976.11,629.376,9.0,732.7465863957542,158.08848381890792
P07T15,MidHip,760.602,298.276,556.923,525.554,997.665,633.23,9.0,726.6050804674651,142.98773511436264
P07T15,MidHip,770.432,282.587,556.933,515.783,1023.15,635.27,8.0,732.9397942079925,158.04224966180325
P07T15,MidHip,778.354,266.972,578.459,505.967,1040.8,652.931,9.0,727.913813730803,143.37376859228823
P07T15,MidHip,795.955,257.048,592.154,492.215,1056.53,670.52,8.0,732.6261070442872,158.06410778697966
P07T15,MidHip,819.391,249.318,607.812,488.34,1072.19,662.693,8.0,727.735482950746,143.50286284729648
P07T15,MidHip,837.003,241.53,627.44,478.591,1081.92,621.564,9.0,733.4559596433746,157.14511350038205
P07T15,MidHip,854.629,233.607,637.261,466.764,1101.49,592.155,8.0,727.7004501299841,143.38476859163234
P07T15,MidHip,872.355,221.839,674.428,460.852,1093.72,566.693,5.0,733.8451117303523,156.89617170959218
P07T15,MidHip,891.936,202.279,674.421,429.523,1093.72,527.537,6.0,728.3032144253045,143.32718954043753
P07T15,MidHip,903.678,180.763,699.943,409.945,1103.43,505.944,6.0,734.1406594501739,157.05578512763674
P07T15,MidHip,915.301,163.063,725.386,388.382,1091.72,539.243,4.0,728.0061128410753,143.24323071908248
P07T15,MidHip,915.47,145.443,741.033,370.841,1089.73,480.507,4.0,731.9023370092953,156.95069553443784
P07T15,MidHip,915.469,133.723,744.984,360.952,1087.74,486.384,4.0,728.4669434081143,143.6225347947129
P07T15,MidHip,915.363,120.032,748.911,349.187,1083.91,492.254,4.0,726.0525901000723,150.8997497897025
P07T15,MidHip,915.426,115.985,752.818,327.656,1081.91,474.613,4.0,728.0558435092495,143.08532050986733
P07T15,MidHip,913.376,100.483,756.673,306.214,1083.86,456.972,8.0,722.5703436100073,149.35728561944504
P07T15,MidHip,903.716,86.7773,741.022,290.533,1074.18,441.275,8.0,727.6017511817184,142.84488500325594
P07T15,MidHip,899.644,80.8448,731.237,280.625,1072.19,427.604,4.0,726.0626189257199,151.564238188992
P07T15,MidHip,885.962,69.1076,717.541,276.723,1072.18,423.683,8.0,728.2151137485794,142.8247629255267
P07T15,MidHip,874.316,63.2068,709.721,280.631,1070.21,435.42,4.0,727.3888403609251,152.36037994840032
P07T15,MidHip,868.344,55.3045,692.093,290.401,1074.07,423.682,4.0,728.3522300001243,142.5542197836119
P07T15,MidHip,862.497,51.4148,674.43,306.057,1081.94,445.221,6.0,727.1984952988112,152.24428511943617
P07T15,MidHip,854.692,43.6118,645.032,319.85,1085.79,478.542,4.0,726.9541850381274,142.23199975380632
P07T15,MidHip,852.785,37.7156,631.307,335.567,1089.81,511.812,4.0,727.1541847475733,151.93754537277144
P07T15,MidHip,852.77,24.0471,617.591,343.333,1103.45,480.545,6.0,727.085682344966,142.03789886297145
P07T15,MidHip,0.0,0.0,605.876,335.513,1103.54,484.436,9.0,727.7638472559339,152.17078421157635
P07T15,MidHip,852.652,5.3531,629.365,319.795,1103.53,482.456,8.0,727.0721790010425,141.89841439386916
P07T15,MidHip,838.985,5.35848,639.153,300.261,1103.41,464.838,8.0,727.4207155515242,151.2910793679188
P07T15,MidHip,831.14,5.37989,637.2,286.507,1097.63,443.259,8.0,726.397820238621,142.17734631210422
P07T15,MidHip,0.0,0.0,639.181,261.066,1085.84,439.366,13.0,723.5002648960484,146.1290425071852
P07T15,MidHip,0.0,0.0,615.689,274.793,1080.01,460.911,13.0,727.8963898208837,151.86982128452476
P07T15,MidHip,0.0,0.0,588.226,310.031,1076.08,451.112,13.0,722.3176455843245,147.83735843876246
P07T15,MidHip,0.0,0.0,551.027,329.658,1078.01,447.164,9.0,727.458942774176,151.0092130839232
P07T15,MidHip,809.586,5.37368,590.224,300.255,1089.75,478.561,8.0,723.0309662132347,146.61776601959608
P07T15,MidHip,829.241,5.35443,619.566,296.346,1115.24,474.575,12.0,726.9944472736349,150.6101419252729
P07T15,MidHip,840.975,20.0433,660.739,290.404,1113.28,433.48,8.0,723.5990613067613,145.56885379680557
P07T15,MidHip,864.47,39.6336,650.988,337.533,1115.27,447.173,5.0,727.7395164053305,150.33306993133206
P07T15,MidHip,882.076,69.1265,623.497,360.976,1119.18,453.066,4.0,723.7682693761601,145.0292938365801
P07T15,MidHip,899.702,102.424,670.545,400.203,1121.12,533.404,4.0,726.7961091113643,150.67115227283827
P07T15,MidHip,899.772,139.617,641.14,406.065,1103.46,554.891,6.0,723.49793395944,144.9975846496958
P07T15,MidHip,888.007,176.765,0.0,0.0,1085.84,554.938,5.0,723.481847567681,144.96147339824034
P07T15,MidHip,884.149,210.067,649.021,466.767,1074.14,574.497,5.0,726.3330311965616,149.7873538652236
P07T15,MidHip,885.961,241.535,603.919,486.365,1058.46,574.556,5.0,723.7243129988276,144.80918552590774
P07T15,MidHip,880.163,259.055,621.52,515.774,1042.71,592.144,7.0,726.4447689476066,149.42498708797552
P07T15,MidHip,872.341,272.822,633.295,529.456,1021.2,599.985,7.0,723.5296504703603,144.67055329111218
P07T15,MidHip,876.269,284.585,678.358,556.916,1009.5,605.859,5.0,723.0162077805079,153.69189780894916
P07T15,MidHip,872.359,288.569,695.953,554.862,989.891,629.38,9.0,721.8747627073876,155.34999707049903
P07T15,MidHip,866.472,278.671,694.038,541.235,978.104,621.528,4.0,723.8830519056052,144.42915553458224
P07T15,MidHip,844.919,223.857,664.695,523.568,952.664,598.052,4.0,723.1496856978968,153.80212371643685
P07T15,MidHip,842.966,204.231,660.69,513.784,956.524,570.606,4.0,723.9811623042362,144.00563423838048
P07T15,LElbow,842.953,182.753,648.974,509.838,960.423,564.715,4.0,723.0893916413415,153.32219935705507
P07T15,MidHip,841.043,178.781,650.896,519.658,972.25,578.447,8.0,724.042502897523,143.6745270755467
P07T15,MidHip,839.116,172.934,635.299,513.776,978.088,564.706,9.0,723.0536863702591,153.27345123518583
P07T15,MidHip,838.992,161.155,633.229,509.864,993.833,552.959,8.0,724.0314971387448,143.95925299903175
P07T15,LElbow,839.087,147.344,619.54,496.161,1011.36,547.098,9.0,723.6536399987478,143.29943627210687
P07T15,LElbow,848.753,145.408,607.843,488.339,1029.05,556.898,10.0,723.040142258393,153.3229923018505
P07T15,MidHip,842.944,133.679,598.043,464.853,0.0,0.0,11.0,723.2748946212294,153.08650982129777
P07T15,MidHip,850.75,118.139,588.234,437.399,0.0,0.0,11.0,723.630295678957,144.29686808512608
P07T15,MidHip,854.73,121.962,574.547,425.605,0.0,0.0,11.0,723.7576257530367,143.6377705574851
P07T15,MidHip,870.332,131.671,588.193,425.621,1138.75,470.684,10.0,723.0821216543652,152.97343472230617
P07T15,MidHip,917.463,133.802,664.656,443.259,1146.58,541.252,9.0,723.5359106381773,143.68491389277048
P07T15,MidHip,903.626,131.759,678.347,445.173,1111.31,554.985,9.0,723.0166868010115,152.86883870084912
P07T15,MidHip,888.068,139.601,688.15,449.114,1079.97,560.838,9.0,723.5703033935004,153.0736901733926
P07T15,MidHip,880.17,155.293,696.029,453.066,1072.14,552.966,9.0,723.9375245227588,143.7874886989547
P07T15,MidHip,866.438,170.924,697.908,451.142,1064.32,547.121,9.0,723.8548835135385,144.20138644802208
P07T15,MidHip,850.76,186.642,682.347,460.818,1072.1,601.932,5.0,723.5242694310648,152.55698216473937
P07T15,MidHip,836.965,208.132,680.278,464.866,1058.38,572.589,5.0,724.0116949342371,143.9699365223321
P07T15,MidHip,823.339,219.937,670.534,474.625,1052.58,556.896,4.0,723.6111977450589,152.82266255538124
P07T15,MidHip,819.435,225.815,666.598,474.571,1040.81,574.543,4.0,724.1788008889685,144.26263233348413
P07T15,MidHip,811.605,227.775,662.658,476.64,1027.11,545.129,4.0,723.2874000916504,152.97152917069732
P07T15,MidHip,807.663,227.799,662.679,476.611,1027.13,541.26,4.0,723.6213142573317,143.94065702584226
P07T15,MidHip,803.742,225.863,666.546,468.739,1021.22,533.397,4.0,723.4503639935601,152.34375048984063
P07T15,MidHip,794.018,225.759,668.615,464.808,1027.08,543.167,4.0,724.105913122364,143.9636279637877
P07T15,MidHip,792.097,229.682,668.547,474.572,1036.89,545.128,4.0,723.3801713770692,153.05919069807007
P07T15,Neck,792.07,239.449,672.507,482.432,1054.53,570.658,8.0,724.0451852162367,143.46567587138804
P07T15,MidHip,790.043,243.5,674.437,494.246,1054.48,605.862,4.0,723.1586421413384,153.07764983026084
P07T15,MidHip,782.171,247.334,666.587,498.096,1074.04,625.472,5.0,723.9232180779331,143.7447807722533
P07T15,MidHip,774.401,249.284,666.596,494.231,1074.09,670.503,4.0,723.4474779862165,153.04402551825248
P07T15,MidHip,770.444,245.458,662.634,482.446,1072.14,715.595,4.0,723.4903115937116,153.71157147824485
P07T15,MidHip,772.411,251.258,666.633,478.476,0.0,0.0,6.0,723.8390078231314,144.29877114378954
P07T15,MidHip,774.342,247.329,670.561,462.886,995.698,686.196,5.0,723.7827591123139,143.6586402340797
P07T15,MidHip,776.247,243.357,680.347,453.085,0.0,0.0,7.0,723.6404756122088,153.448330589704
P07T15,MidHip,766.521,237.57,674.425,447.246,854.693,476.59,4.0,723.9847862155843,143.83084578963513
P07T15,LElbow,748.928,229.762,660.719,441.28,886.006,715.596,5.0,723.8219543053149,153.90434916165728
P07T15,LElbow,731.305,227.74,637.238,435.442,882.057,672.489,4.0,724.2687484886776,144.24434409960267
P07T15,LElbow,717.564,227.844,621.528,441.314,854.754,695.929,4.0,723.2725150501885,153.6357884155133
P07T15,LElbow,709.715,235.604,617.616,449.19,868.359,676.401,8.0,724.2529231638159,144.00038029759838
P07T15,LElbow,699.983,243.389,617.549,458.881,887.976,664.683,7.0,723.7270014967437,153.34231697300996
P07T15,LElbow,705.815,243.375,619.585,449.176,917.302,652.893,4.0,723.9231930868511,143.810528215927
P07T15,MidHip,715.58,227.801,631.326,445.203,946.813,650.896,4.0,723.6824180617105,153.11697209208577
P07T15,LElbow,735.185,216.01,645.067,443.211,978.132,656.802,4.0,723.7321878042815,143.66297426753403
P07T15,LElbow,754.796,210.107,652.923,445.177,997.757,666.639,4.0,723.552206951021,153.22190093788666
P07T15,LElbow,764.607,192.457,662.682,433.444,1013.41,676.368,4.0,723.576261949093,143.59006661073207
P07T15,MidHip,774.279,169.007,654.878,413.837,1025.11,668.585,4.0,723.4838892813027,153.9252178331616
P07T15,MidHip,766.513,147.364,648.929,398.185,1025.13,652.896,4.0,723.0268572213524,143.5181521657887
P07T15,MidHip,762.618,131.833,639.19,386.469,1029.07,637.253,6.0,723.4386835686417,153.50594978046033
P07T15,LElbow,762.588,123.911,603.882,425.625,1030.99,615.659,8.0,723.0743238197441,143.49610761077193
P07T15,LElbow,758.609,118.004,574.527,382.559,1040.81,609.793,8.0,723.6624177463639,154.10089311492172
P07T15,MidHip,745.017,121.991,609.772,402.142,1052.55,645.041,9.0,723.3034149837754,143.72293840136163
P07T15,MidHip,729.353,141.551,603.933,429.557,1070.14,639.172,9.0,723.9295893528941,154.17952792241474
P07T15,MidHip,721.476,165.126,599.984,453.091,0.0,0.0,10.0,723.0918665793977,143.4921032060856
P07T15,Neck,703.842,188.539,601.959,476.557,0.0,0.0,10.0,723.584367408142,153.79031743181883
P07T15,MidHip,692.066,210.082,590.236,498.119,0.0,0.0,10.0,722.5868385091421,143.27538573917533
P07T15,MidHip,682.265,225.84,594.116,525.528,0.0,0.0,10.0,723.395086209038,153.57715908943408
P07T15,LElbow,693.971,241.441,601.945,537.326,0.0,0.0,14.0,722.8170043044331,143.2047472366701
P07T15,Neck,715.642,243.448,619.591,541.255,0.0,0.0,12.0,723.2430012978377,153.61676633872477
P07T15,Neck,746.895,241.503,633.306,541.272,0.0,0.0,10.0,722.4011805529399,143.05779618653904
P07T15,LElbow,776.348,243.413,647.0,556.941,0.0,0.0,14.0,722.8364210017139,153.494669101943
P07T15,Neck,790.09,245.415,631.342,554.983,0.0,0.0,10.0,722.7476449842809,153.64443060399168
P07T15,Neck,792.007,255.124,619.56,558.834,0.0,0.0,11.0,722.2792896628462,143.41202682900825
P07T15,LElbow,792.089,257.087,619.593,558.868,0.0,0.0,11.0,722.251306163559,143.15469634688495
P07T15,Neck,792.048,259.12,619.572,556.908,1046.69,715.62,10.0,722.9927725770515,154.0640245953251
P07T15,Neck,792.043,259.166,603.906,543.237,1060.42,715.594,10.0,722.4756800323696,143.57371823053742
P07T15,Neck,805.619,259.122,607.869,529.471,1087.76,701.881,10.0,722.1301596215727,153.9426749303176
P07T15,Neck,831.135,264.951,633.292,537.285,1109.4,715.605,10.0,722.7970451727172,154.06563583149622
P07T15,Other,840.987,272.802,635.257,541.173,1119.13,715.593,10.0,722.1841725553962,144.12890293585178
P07T15,Other,842.919,276.785,603.926,531.456,0.0,0.0,10.0,722.3649975387917,143.21448094986604
P07T15,Other,835.084,284.553,596.08,533.362,0.0,0.0,8.0,722.267855899547,153.5565812031225
P07T15,Other,821.4,290.4,590.249,539.2,0.0,0.0,7.0,722.5005224396729,153.58113771208812
P07T15,LElbow,805.723,288.496,588.201,537.301,0.0,0.0,7.0,722.4030620546939,143.51576510809215
P07T15,LElbow,801.739,288.437,601.907,539.199,0.0,0.0,6.0,722.0953224817604,153.67253231230688
P07T15,LElbow,792.068,276.748,580.385,509.884,0.0,0.0,6.0,722.6219847803952,143.22833920949276
P07T15,Other,776.404,259.149,572.571,494.264,0.0,0.0,10.0,721.9899983732556,154.06316292399754
P07T15,MidHip,1230.9,411.932,1217.09,480.547,1226.94,488.3,0.0,722.9810282103416,143.66415856943019
P07T15,Other,1226.92,415.864,1205.39,492.178,1226.9,494.16,0.0,721.9512179021253,153.7558986157145
P07T15,RElbow,1224.96,431.429,1201.51,507.98,1226.9,511.827,0.0,723.2974582964484,144.50755024474617
P07T15,Neck,770.393,229.783,601.973,525.634,984.017,648.994,11.0,722.1511394971777,153.79826144702113
P07T15,Neck,782.225,229.74,545.149,525.594,0.0,0.0,11.0,723.4624102544541,144.26906111963223
P07T15,RElbow,1242.62,421.733,1219.08,502.011,1242.6,500.106,0.0,721.902034744462,153.78268483904236
P07T15,Neck,821.378,227.768,617.614,541.241,0.0,0.0,11.0,723.9189909201821,144.7765801250537
P07T15,Neck,854.747,253.237,650.928,556.866,0.0,0.0,11.0,722.0608959795388,153.73728102725482
P07T15,Neck,866.409,227.836,666.604,511.808,0.0,0.0,11.0,723.7228260232239,144.98990177183478
P07T15,Neck,852.728,186.601,770.415,484.395,0.0,0.0,11.0,722.198473498669,153.43184624388462
P07T15,MidHip,852.684,210.066,729.289,505.968,0.0,0.0,11.0,723.6701087771708,145.25488174230622
P07T15,Neck,838.979,231.666,690.128,502.031,0.0,0.0,11.0,722.0810900172331,153.7887689494147
P07T15,RElbow,1234.77,413.893,1213.11,490.24,1230.79,490.263,0.0,723.4151641403138,145.38210481735192
P07T15,Neck,815.48,227.75,660.748,478.539,1119.11,715.612,9.0,722.3131731247079,153.69931409285394
P07T15,RElbow,1213.12,386.422,1185.83,462.82,1201.46,462.884,0.0,723.7990072469155,145.12566294779765
P07T15,RElbow,1193.61,366.934,1168.11,443.27,1183.81,443.28,0.0,722.6373816862947,153.57989573941134
P07T15,RElbow,1179.86,351.219,1150.43,427.621,1166.11,427.582,0.0,723.3219014046523,145.34057721929852
P07T15,MidHip,742.932,214.1,633.272,462.904,0.0,0.0,10.0,723.5787744196881,144.3753958992211
P07T15,RElbow,1166.12,337.54,1136.84,415.755,1160.29,419.761,0.0,722.9777269821847,154.7007951282466
P07T15,MidHip,1148.48,323.722,1119.15,398.13,1138.8,400.152,0.0,722.7153462021646,145.42491853690586
P07T15,Neck,725.33,268.929,641.138,523.645,0.0,0.0,12.0,723.1483112240758,154.57225007873365
P07T15,Neck,727.263,306.132,633.283,560.822,0.0,0.0,14.0,722.8891245847578,144.4698760331453
P07T15,Neck,723.44,319.883,625.472,554.89,0.0,0.0,15.0,723.6138635599626,155.19069756499877
P07T15,RKnee,1032.93,331.617,1011.38,411.871,1027.13,413.78,0.0,722.8954659784599,143.6698786137407
P07T15,MidHip,1011.41,321.833,987.921,406.05,1003.58,402.181,0.0,723.3144155493617,154.75996757055827
P07T15,Neck,694.005,306.17,623.498,513.828,0.0,0.0,15.0,722.2428662771017,144.4891712926051
P07T15,MidHip,980.062,335.558,960.487,417.824,978.033,415.877,0.0,723.0710757657798,155.02379709881959
P07T15,MidHip,980.019,339.421,962.411,425.599,976.163,417.854,0.0,722.014716216635,144.23252166572362
P07T15,MidHip,982.044,321.743,962.456,402.142,978.145,400.221,0.0,723.4750883059638,155.12229346449578
P07T15,RElbow,1195.53,413.785,1183.85,462.833,1191.65,435.415,10.0,722.3807549849685,143.28260381107967
P07T15,Other,1195.58,394.235,1185.81,447.165,1187.73,441.294,10.0,723.2492979842825,154.4295100331946
P07T15,Other,1203.43,388.386,1199.58,445.216,1211.19,445.13,10.0,721.7462723457718,142.24461689801353
P07T15,RElbow,1219.08,396.162,1211.26,447.257,1228.87,447.116,10.0,722.3616559498735,154.88882079713218
P07T15,RElbow,1238.68,400.068,1228.9,454.991,1246.44,447.281,10.0,721.6951070868662,142.05437974109475
P07T15,RElbow,1054.44,288.486,1034.92,368.863,1054.46,366.836,0.0,722.5463703310946,154.1677021684807
P07T15,RElbow,1234.78,366.901,1228.8,419.74,1238.66,423.664,10.0,721.3721836166554,142.45837562598564
P07T15,RElbow,1226.9,335.586,1217.19,394.283,1230.81,386.451,10.0,722.5523582015153,153.4937621878715
P07T15,RElbow,1219.06,321.842,1213.22,380.5,1230.82,368.889,10.0,721.1603772527407,143.06453594805393
P07T15,LElbow,827.247,165.093,745.005,380.532,1054.52,552.984,5.0,721.9045091480012,154.22392005884834
P07T15,RElbow,1193.62,306.104,1181.91,360.939,1209.25,351.134,10.0,721.3390669752829,142.12049383031126
P07T15,MidHip,839.073,151.334,733.207,378.613,1056.45,527.496,4.0,721.3307844195358,142.21201988855753
P07T15,RElbow,1164.22,302.243,1148.52,353.233,1168.19,343.339,10.0,721.6858512820731,154.08328425418995
P07T15,LElbow,839.007,161.079,713.606,400.144,1060.39,539.27,9.0,721.5046069400408,141.97391622749853
P07T15,RElbow,1138.79,290.52,1117.19,349.255,1152.45,343.369,10.0,722.0119912856223,152.72018968673981
P07T15,RElbow,1127.01,282.644,1103.39,335.553,1144.63,327.666,10.0,721.0978609482613,142.7572372632186
P07T15,RElbow,1117.24,276.774,1089.78,335.393,1121.19,331.595,10.0,721.3897482554904,152.00479965620707
P07T15,Neck,821.335,217.947,694.032,504.017,1105.45,680.347,9.0,721.116930435362,143.14304829264816
P07T15,Neck,807.597,233.645,705.782,521.644,1095.66,715.59,10.0,721.3368463879688,151.8244302668353
P07T15,RElbow,1060.36,257.055,1025.07,306.165,1087.85,306.178,10.0,721.5398086017025,142.76276735824055
P07T15,Neck,764.567,278.704,647.004,572.519,0.0,0.0,12.0,720.8127391726248,152.7848494454472
P07T15,Neck,786.059,310.036,650.955,580.416,0.0,0.0,15.0,721.4470319868728,142.46259199417614
P07T15,Neck,803.75,286.475,650.885,560.834,0.0,0.0,14.0,720.7198990708973,152.38510542583012
P07T15,RKnee,623.489,180.73,600.019,257.086,635.252,196.352,10.0,721.3296457419428,141.79336440100727
P07T15,LElbow,592.19,178.853,566.689,245.401,584.324,239.504,10.0,720.9670836715939,151.7899742366121
P07T15,LKnee,564.745,174.849,545.143,245.374,554.925,241.409,1.0,721.0829572287432,142.61459766110966
P07T15,LKnee,553.004,170.946,537.335,241.478,541.311,239.497,2.0,721.1495314309982,151.72309690575977
P07T15,LKnee,547.104,178.802,535.313,249.321,543.199,243.441,1.0,720.7765001332585,143.02432929072737
P07T15,LKnee,541.329,186.633,531.432,259.079,541.257,255.148,1.0,720.7365459269424,152.24346834797322
P07T15,LKnee,552.996,184.699,539.17,257.153,549.048,247.381,1.0,721.5888183178786,142.6432882059504
P07T15,LKnee,545.11,178.707,535.346,247.347,545.113,243.444,1.0,720.7498011011578,152.47342506859823
P07T15,LKnee,539.34,163.151,529.497,229.74,554.848,176.8,1.0,721.4858821982982,142.91514056048752
P07T15,LKnee,552.964,164.974,539.172,235.614,551.011,227.811,1.0,721.1537486749185,151.8858164795228
P07T15,LKnee,557.004,163.036,547.133,231.704,556.984,227.785,1.0,721.0866610282857,152.04318756095316
P07T15,LKnee,556.939,163.021,543.23,229.797,554.951,227.755,1.0,721.0785548001109,142.79149459271116
P07T15,LKnee,543.18,159.149,535.335,227.773,545.121,225.701,1.0,720.9761256422939,151.459901357302
P07T15,LKnee,539.213,151.32,525.522,223.791,539.273,217.963,1.0,721.0927378967185,143.22079784767303
P07T15,LKnee,525.62,147.422,523.513,214.008,533.382,212.033,1.0,720.7266670882763,152.1028237304029
P07T15,LKnee,521.609,145.483,509.956,214.074,521.646,212.024,1.0,721.1350212595265,142.6692283540035
P07T15,LKnee,496.154,149.392,492.174,214.11,502.046,214.022,1.0,720.4454606618535,152.75919908417814
P07T15,LKnee,476.566,149.427,468.758,217.951,480.483,214.07,1.0,721.9879923960798,143.0314208256845
P07T15,LKnee,458.959,149.486,447.217,223.812,462.878,215.978,1.0,721.239348878365,152.1587170590178
P07T15,LKnee,445.166,149.357,435.46,221.888,447.266,214.065,1.0,721.6758913675224,143.35980573293764
P07T15,LKnee,417.768,149.482,413.821,223.881,427.576,215.982,1.0,721.146980069291,152.54357480542234
P07T15,LKnee,388.408,151.359,382.553,219.934,398.177,215.99,1.0,722.3124574847284,142.95068607904906
P07T15,LKnee,351.247,145.415,339.503,210.086,355.071,202.269,1.0,720.8817249629071,152.31347572891448
P07T15,LKnee,321.866,127.817,308.094,196.44,327.695,194.427,2.0,721.6628027861341,142.762756376497
P07T15,LKnee,274.792,131.8,276.777,194.51,300.199,194.397,1.0,720.7438826816219,152.4783571668026
P07T15,LKnee,266.963,114.136,259.117,182.672,288.438,180.778,0.0,722.3361958392069,142.75770550949093
P07T15,LKnee,257.191,120.043,245.365,182.768,268.894,184.636,0.0,720.7490525372663,152.61506372078833
P07T15,LKnee,476.486,135.725,413.892,223.771,478.486,221.88,2.0,721.6764513534438,143.0100898650159
P07T15,LKnee,214.042,145.512,208.183,212.12,219.939,210.18,1.0,720.8107811495926,152.5360793279217
P07T15,LKnee,208.187,147.367,196.395,214.101,208.134,212.041,1.0,721.9365501031739,143.39876321048754
P07T15,LKnee,196.483,139.582,194.357,210.119,198.393,208.154,1.0,721.623238002313,152.3908993529155
P07T15,LKnee,216.048,131.73,223.849,198.422,229.688,198.402,1.0,721.8509470433471,143.13954321001123
P07T15,LKnee,227.753,167.02,233.634,217.953,245.392,214.066,1.0,721.3708234867233,153.40537880534671
P07T15,LKnee,263.027,190.506,259.114,237.552,264.998,233.651,2.0,722.2423114763596,143.29154377737734
P07T15,Other,302.154,188.543,298.272,255.149,306.154,245.413,1.0,722.0002439214234,153.01031142229132
P07T15,Other,321.852,186.635,319.807,255.196,329.597,247.353,1.0,722.2608058731475,143.6089622998752
P07T15,Other,323.756,180.789,319.897,239.522,329.656,233.609,1.0,721.3464750137392,152.76187680342267
P07T15,LKnee,304.133,165.03,296.302,229.757,306.139,225.841,1.0,722.0170784434604,152.81499149858539
P07T15,LKnee,292.387,172.897,286.54,239.501,300.231,233.603,2.0,730.8366039400198,149.05386852350017
P07T15,LKnee,515.789,194.345,462.917,284.538,539.28,270.833,0.0,721.3386041377731,152.7926475334604
P07T15,Other,274.774,200.336,270.794,272.878,276.733,268.868,1.0,729.9590447459682,148.7555538985144
P07T15,Other,253.232,182.737,245.418,249.334,264.982,245.434,0.0,721.6426373001461,153.7779032654055
P07T15,LKnee,445.194,86.6526,384.537,167.002,451.129,167.006,2.0,728.672574193843,147.46363336940144
P07T15,LKnee,210.067,70.9758,198.439,135.679,221.891,131.748,1.0,721.5560020120421,153.50707228059227
P07T15,LKnee,202.287,72.9902,196.48,147.383,214.052,139.63,1.0,728.6090190530292,147.44356208034915
P07T15,Neck,901.77,243.51,0.0,0.0,964.402,639.19,14.0,721.6216445565979,153.6527670573239
P07T15,LKnee,178.791,102.314,180.685,163.169,192.454,163.085,1.0,729.095959347269,147.82985991596183
P07T15,LKnee,161.096,100.324,157.252,163.096,163.17,155.293,1.0,721.9336047409295,153.48186340211385
P07T15,LKnee,147.373,88.648,127.824,102.466,149.355,102.438,1.0,729.2618044314984,147.83453537385734
P07T15,LKnee,131.844,100.402,122.004,165.025,137.662,161.107,1.0,721.9739017237982,154.00417488362967
P07T15,LKnee,131.682,88.7305,127.802,151.385,149.398,147.493,0.0,729.3356590089553,148.59045250838264
P07T15,Neck,866.383,196.497,533.368,556.904,1042.76,458.939,11.0,727.1256363107715,155.58420518492377
P07T15,Neck,852.682,176.846,502.014,625.469,1087.81,541.184,11.0,729.2868941848552,148.10362580213308
P07T15,Neck,848.807,180.751,527.537,586.25,1089.82,588.23,11.0,730.6583289999433,160.90776882154788
P07T15,LKnee,129.752,94.5456,118.069,157.221,131.732,149.48,1.0,729.1912480722824,148.42335162554988
P07T15,LElbow,333.506,98.4594,0.0,0.0,331.608,157.256,2.0,729.7813110008465,160.64279743014117
P07T15,LKnee,0.0,0.0,117.997,163.088,131.777,159.21,5.0,729.3942248129393,149.28675963943073
P07T15,LKnee,131.693,102.449,118.053,165.146,131.696,163.046,1.0,727.8624916248417,160.6760079171822
P07T15,LKnee,131.826,102.44,129.733,165.032,137.627,163.064,1.0,729.254267798219,148.9001506960777
P07T15,LKnee,145.51,116.129,137.634,180.778,147.377,178.725,1.0,728.4171149846636,159.20700808196125
P07T15,LKnee,155.259,123.965,147.42,196.402,159.142,192.516,1.0,729.7499040751102,148.98817174985902
P07T15,LKnee,168.995,131.66,163.012,198.387,172.887,194.448,1.0,729.3366054506788,159.78377611704752
P07T15,LKnee,167.095,137.663,157.226,208.154,165.168,202.274,1.0,729.8118207195855,149.11844570899356
P07T15,LKnee,155.313,147.333,147.361,212.197,159.164,210.178,1.0,729.0442464908053,159.2802421909004
P07T15,LElbow,349.189,176.861,304.242,241.475,355.096,243.469,4.0,729.91720393981,148.896199028622
P07T15,LKnee,131.824,180.723,131.671,243.467,133.681,241.489,1.0,729.146686971901,160.37484073207418
P07T15,LKnee,131.764,176.763,131.65,241.527,135.698,239.47,0.0,732.6077225775882,146.4713630593988
P07T15,LElbow,343.328,188.562,304.244,253.193,362.909,259.044,0.0,729.0847467626284,159.76559944790753
P07T15,LElbow,353.107,180.841,319.878,243.471,382.594,243.355,7.0,734.5793716680689,144.06336326186056
P07T15,LElbow,368.825,168.952,335.5,227.75,394.308,231.679,0.0,729.0038141995911,160.28927866721412
P07T15,LKnee,168.967,131.743,163.02,198.339,168.966,194.504,1.0,733.7558669096074,145.41686600917387
P07T15,Other,368.814,147.375,333.544,206.233,392.286,204.227,2.0,729.1918970802838,160.80985276714654
P07T15,Other,151.365,133.789,147.421,200.339,151.37,198.434,1.0,729.0485095729581,160.43294861111093
P07T15,Other,161.139,116.016,137.617,182.746,155.249,178.729,1.0,733.7621834395193,146.89847139031474
P07T15,LKnee,165.142,88.721,151.415,161.158,161.168,151.371,1.0,729.510296312001,160.0313233096938
P07T15,LKnee,165.114,74.9494,147.508,147.471,155.292,141.574,1.0,734.6313814324129,146.9107487440127
P07T15,LKnee,155.291,63.1984,139.616,133.658,157.2,72.9812,1.0,729.574832697313,160.25031954468707
P07T15,LKnee,362.94,100.415,353.102,137.657,357.105,135.656,0.0,734.8275875479551,146.03698224130358
P07T15,LKnee,162.993,67.0466,145.41,133.786,153.35,131.735,1.0,729.7123704500714,159.62927496872854
P07T15,LKnee,163.075,65.1322,143.493,133.81,155.243,131.687,1.0,734.7502276685765,146.08977752159512
P07T15,LKnee,145.514,69.1077,127.849,133.735,147.431,131.811,1.0,729.6840782183247,160.1574862227203
P07T15,LKnee,120.012,71.0999,104.354,145.447,125.85,143.495,1.0,734.5587960819316,147.01921055909273
P07T15,Neck,933.127,227.746,631.332,478.597,0.0,0.0,14.0,734.1574113002341,155.0733459490709
P07T15,Neck,940.911,245.438,0.0,0.0,0.0,0.0,16.0,734.6542737115115,146.52326740144895
P07T15,LKnee,82.757,108.25,74.9553,165.019,100.386,153.297,0.0,733.3469655876629,156.06505134701356
P07T15,LKnee,0.0,0.0,0.0,0.0,94.5611,165.081,7.0,734.7098684026037,147.35434239312949
P07T15,LKnee,82.7686,108.285,76.894,163.071,0.0,0.0,2.0,734.6834103730895,147.19499182673314
P07T15,LKnee,59.2787,118.007,59.2723,178.733,0.0,0.0,1.0,733.7451863155337,155.4699771731855
P07T15,LKnee,65.1375,131.733,49.4888,182.744,0.0,0.0,1.0,733.3468500209294,157.07146351152107
P07T15,LKnee,65.1572,116.078,53.3816,178.791,72.9936,174.83,0.0,734.3928163620626,146.7764571555574
P07T15,Neck,882.032,384.511,629.39,652.861,0.0,0.0,15.0,733.3178012204859,156.83245320259172
P07T15,LKnee,84.7923,104.308,69.1044,155.244,86.748,161.114,0.0,734.235743883271,157.42579779808094
P07T15,LKnee,84.7376,102.401,72.9747,163.136,90.6257,161.169,0.0,734.4436110751328,146.18282327728502
P07T15,Neck,931.091,349.194,713.604,633.338,0.0,0.0,15.0,734.3732946220813,146.18386820960225
P07T15,LKnee,106.333,59.2495,92.5972,127.842,114.144,127.815,1.0,734.4121530384232,156.48125330410733
P07T15,LKnee,102.314,69.0646,86.7121,141.531,120.007,139.594,0.0,734.4282624433563,145.81063684782112
P07T15,Neck,929.117,310.057,778.277,537.274,0.0,0.0,15.0,734.3509822076954,156.74690196969414
P07T15,LKnee,82.7738,125.905,73.0279,198.357,86.6459,194.47,1.0,734.5314980016758,146.33377136275206
P07T15,Neck,950.643,229.762,768.494,460.961,0.0,0.0,11.0,734.1613275362296,157.52483195838977
P07T15,LKnee,0.0,0.0,69.0323,206.173,82.737,206.216,5.0,734.2564142135668,157.18136023127192
P07T15,Neck,1027.08,233.617,746.953,513.826,0.0,0.0,14.0,733.2587951335679,145.27365041607115
P07T15,Neck,997.707,243.477,774.393,531.392,0.0,0.0,13.0,733.3638551060102,145.21910746199703
P07T15,Neck,964.317,243.478,770.436,521.575,0.0,0.0,15.0,734.2687941987368,157.5177073597632
P07T15,Neck,935.008,235.591,756.742,519.687,0.0,0.0,13.0,733.5353274251792,145.02872482945102
P07T15,Neck,917.476,239.513,746.937,539.237,0.0,0.0,14.0,733.975362983063,157.08652399375896
P07T15,Neck,915.468,251.267,696.025,556.927,0.0,0.0,15.0,733.3142661943409,144.86494213891595
P07T15,Neck,935.044,259.067,725.375,556.922,1011.42,537.296,13.0,733.9825802456705,157.28401171000397
P07T15,Neck,978.124,270.801,0.0,0.0,1062.36,529.503,14.0,733.501912048233,144.96032814935856
P07T15,Neck,1021.21,276.793,0.0,0.0,0.0,0.0,16.0,734.0162245800216,156.4063801989565
P07T15,Other,1044.71,300.232,0.0,0.0,0.0,0.0,15.0,733.5042237670937,144.73640757157727
P07T15,Other,1099.54,384.521,0.0,0.0,0.0,0.0,18.0,733.9488846074012,156.57893580434862
P07T15,Other,1070.2,445.245,0.0,0.0,1048.62,652.883,15.0,733.6183704683228,145.1223249865851
P07T15,Other,1081.94,476.492,0.0,0.0,1105.41,633.245,15.0,733.9901886026986,155.9923347444151
P07T15,Other,1123.12,509.95,0.0,0.0,0.0,0.0,16.0,733.2005425689379,144.92400797635315
P07T15,Other,1185.82,541.197,0.0,0.0,0.0,0.0,17.0,734.0964725675801,156.61184552019995
P07T15,RElbow,1213.16,537.307,0.0,0.0,0.0,0.0,17.0,733.8010790936958,144.609117659879
P07T15,LKnee,264.984,55.4257,210.159,110.181,255.157,125.878,0.0,733.4595255073757,156.1558467627482
P07T15,Other,0.0,0.0,167.057,120.042,116.148,112.178,3.0,733.7388764259802,144.97912486222654
P07T15,Other,1152.47,368.845,0.0,0.0,0.0,0.0,16.0,732.9029571874468,155.16360464192843
P07T15,Other,82.7887,114.152,71.0526,170.942,88.6845,165.086,0.0,733.7676782712248,144.93227581592043
P07T15,LKnee,94.5388,110.199,84.712,168.973,102.355,161.127,0.0,732.5432901586014,154.86515424203856
P07T15,Other,98.4486,102.369,90.6367,163.157,110.218,159.17,0.0,733.1912990711246,144.86431090471592
P07T15,LKnee,94.511,114.135,84.7343,167.07,102.421,163.136,1.0,733.0953590894981,145.0384302325833
P07T15,LKnee,65.1659,114.086,49.4877,180.837,71.1226,180.733,0.0,733.0766958628178,155.05512757765632
P07T15,LKnee,69.0547,116.068,39.7277,188.548,69.0619,186.652,0.0,732.8388388700415,145.10805155204434
P07T15,LKnee,57.3418,125.869,53.2983,194.449,71.0581,192.46,0.0,732.8538482185273,154.89581175087974
P07T15,LKnee,74.9466,110.191,63.1956,184.642,86.6697,180.772,0.0,732.9590426983057,145.28108738371247
P07T15,LKnee,94.5271,118.105,71.1068,178.788,96.4619,172.909,0.0,733.0553496355923,155.03910047646767
P07T15,LKnee,80.8092,104.385,57.3133,163.074,96.5106,151.341,1.0,733.1535343170766,144.8380515649458
P07T15,Neck,1166.12,311.968,0.0,0.0,0.0,0.0,16.0,733.1583644962194,155.1048552301822
P07T15,Neck,1168.2,321.759,0.0,0.0,0.0,0.0,16.0,732.7771111570396,145.1483632434729
P07T15,Neck,1195.56,349.212,0.0,0.0,0.0,0.0,16.0,732.7295285586647,154.8085408736231
P07T15,Other,118.131,39.6214,116.051,123.902,129.789,67.1069,1.0,732.4833180253147,145.09502555343195
P07T15,Other,384.525,82.704,331.559,143.52,384.517,131.827,1.0,733.3425137679658,154.7465853289053
P07T15,Other,447.183,35.6815,382.475,86.6388,439.323,82.7308,10.0,732.5465885378201,145.2470669035988
P07T15,Other,429.472,24.0959,362.958,84.7903,423.635,76.9061,4.0,733.2310652047354,154.41836635244866
P07T15,Other,435.452,24.0825,370.81,84.6928,431.589,72.9983,6.0,733.2899050420865,154.62498727064326
P07T15,Other,453.051,20.0386,392.344,74.9748,447.249,65.1764,8.0,732.3537617768964,145.1458488695135
P07T15,Other,484.4,5.34844,427.619,67.0452,480.549,53.4748,4.0,732.1959692939745,145.1989183008255
P07T15,Other,496.22,5.36595,445.147,53.3851,486.342,59.2705,2.0,732.6031737463416,154.47743984361395
P07T15,Other,507.892,5.37213,447.112,47.4805,482.448,55.3834,0.0,733.2648586883836,145.12288263735493
P07T15,Other,502.032,5.36287,437.4,53.4045,531.397,70.9834,6.0,732.3636542920369,154.693816634387
P07T15,Other,484.409,5.34736,415.878,68.9663,0.0,0.0,4.0,733.0305718256818,145.37489202534388
P07T15,Other,474.565,5.34552,411.839,67.1376,460.937,53.4068,2.0,732.4665937566713,154.5808138903771
P07T15,Other,466.737,5.34642,404.091,70.9698,447.194,78.8503,2.0,732.889855748873,145.31185689739752
P07T15,Other,482.466,22.0516,423.681,86.6149,478.489,69.0818,3.0,732.6699579280896,154.3344922776853
P07T15,Other,496.137,4.38942,433.431,72.9865,494.264,65.1595,1.0,733.0195401574647,145.4923241158324
P07T15,Other,507.989,5.35663,0.0,0.0,507.854,55.3572,3.0,732.2637436526577,154.12349466240786
P07T15,Other,504.011,5.34878,445.118,72.9883,502.047,57.3227,0.0,733.2277214698238,145.46717576724677
P07T15,Other,507.916,24.1386,447.159,98.4659,509.946,84.7012,2.0,731.9825691330657,154.33823788627362
P07T15,Other,496.236,43.6373,433.491,110.187,494.299,98.4546,0.0,732.7581875805724,145.12587672961268
P07T15,Other,478.632,27.9486,417.797,98.3882,478.547,82.7555,3.0,732.0543999256183,154.46849847297486
P07T15,Other,0.0,0.0,407.993,82.8197,464.809,67.0431,2.0,732.8304114877969,145.0681191574854
P07T15,Other,0.0,0.0,163.103,53.4378,176.807,51.3714,5.0,732.6723993817392,145.02224224950905
P07T15,Other,0.0,0.0,343.348,84.8274,402.158,65.125,3.0,731.8987079347576,154.8071932050336
P07T15,Other,0.0,0.0,123.927,57.3454,147.476,6.40821,5.0,733.1117659460424,144.76582614010442
P07T15,Other,382.554,5.35323,323.764,65.1251,386.424,45.5335,2.0,731.7056770297061,154.35256779575076
P07T15,Other,370.761,5.35527,306.151,53.4262,374.702,51.377,0.0,732.4492507310798,145.2590342146962
P07T15,Other,133.765,5.3831,133.698,39.6997,147.474,33.8253,4.0,732.8081347891427,154.8713313321839
P07T15,Other,400.217,5.35446,339.479,69.0487,404.093,55.3163,0.0,732.5282399265064,154.48456902431383
P07T15,Other,0.0,0.0,133.781,24.1045,0.0,0.0,7.0,732.4957493062949,145.44627150959786
P07T15,Other,0.0,0.0,0.0,0.0,0.0,0.0,12.0,732.7736364197308,145.78812971628142
P07T15,Other,368.78,5.37793,317.884,41.6245,382.588,29.877,1.0,732.4082680810683,154.69409274931186
P07T15,Other,0.0,0.0,0.0,0.0,0.0,0.0,12.0,732.8013313498205,145.32927390102057
P07T15,Other,292.42,5.38234,241.552,51.3728,304.155,33.8229,7.0,732.7357689994722,154.72287720490226
P07T15,Other,306.204,5.37112,253.194,53.3569,315.928,37.701,9.0,732.3044763227706,154.84358584339247
P07T15,Other,nan,nan,nan,nan,nan,nan,nan,731.289200434453,145.25451233846726
P07T15,Other,nan,nan,nan,nan,nan,nan,nan,732.2420283310829,155.02071080113538
P07T15,Other,nan,nan,nan,nan,nan,nan,nan,731.2978483506358,144.6795468905168
P07T15,Other,151.381,5.36942,116.114,39.663,164.997,24.0354,14.0,732.6528442392269,154.53655561315566
P07T15,Other,39.7159,5.38352,0.0,0.0,45.5493,74.942,17.0,731.0635340892329,144.67064385057074
P07T15,Other,118.068,5.38048,80.8246,53.3172,131.732,22.1114,12.0,732.006458919466,155.11061599085818
P07T15,Other,0.0,0.0,882.079,537.281,0.0,0.0,20.0,731.1907310551429,144.90382488119687
P07T15,Other,0.0,0.0,868.399,539.214,0.0,0.0,20.0,732.0574479974453,155.30597627209775
P07T15,Other,55.3814,5.34725,5.35478,86.7037,0.0,0.0,9.0,730.8541888232168,145.00110182028905
P07T15,Other,45.525,5.35105,5.35969,78.8563,41.6259,51.4673,8.0,732.3483938966174,155.6730149517624
P07T15,Other,37.7167,5.3538,0.0,0.0,33.8175,45.5501,14.0,731.0344826299711,144.5967231920083
P07T15,Other,nan,nan,nan,nan,nan,nan,nan,732.3837986471376,155.49014501787477
P07T15,Other,1279.89,292.481,1058.44,682.259,0.0,0.0,19.0,730.9106649676302,144.81731070889145
P07T15,Other,1279.84,274.716,0.0,0.0,0.0,0.0,21.0,731.0751795594002,155.37449355794428
P07T15,Other,1279.89,255.191,0.0,0.0,0.0,0.0,20.0,731.6657830288154,145.48845771919582
P07T15,Other,1279.89,243.454,0.0,0.0,0.0,0.0,17.0,730.8828489594008,155.40698439775431
P07T15,RElbow,1279.85,229.75,0.0,0.0,0.0,0.0,19.0,731.0834557930984,145.51806939942045
P07T15,Other,1262.23,259.076,0.0,0.0,0.0,0.0,19.0,730.9280479406203,155.39980600108427
P07T15,Other,1260.26,274.843,933.089,462.867,0.0,0.0,18.0,731.3289037392173,145.45244666806843
P07T15,Other,1264.13,274.758,0.0,0.0,0.0,0.0,20.0,730.6841454247278,155.17199844404104
P07T15,Neck,1248.53,311.978,0.0,0.0,0.0,0.0,18.0,731.1772344903395,145.50563052350245
P07T15,Neck,1234.75,296.329,0.0,0.0,0.0,0.0,17.0,731.0901168792268,145.8153628132302
P07T15,Neck,1197.52,294.35,0.0,0.0,1089.82,615.633,14.0,730.8158379414857,155.49842513944424
P07T15,Neck,1197.52,290.446,756.727,400.176,0.0,0.0,14.0,730.4885778991447,155.58355067077105
P07T15,Neck,1183.82,304.163,0.0,0.0,1099.56,686.173,15.0,730.8865082184732,145.23982325304704
P07T15,Neck,1154.48,304.153,0.0,0.0,0.0,0.0,15.0,730.6593651893629,155.21339535391814
P07T15,Other,1140.74,321.799,0.0,0.0,0.0,0.0,16.0,731.2703057321464,145.4787950093839
P07T15,Neck,1115.22,327.661,0.0,0.0,0.0,0.0,16.0,730.5519865070235,155.54553328256137
P07T15,Neck,1056.38,331.585,0.0,0.0,0.0,0.0,16.0,731.2634640681481,155.56524424005346
P07T15,Neck,982.076,353.104,0.0,0.0,0.0,0.0,16.0,731.5067239355183,146.08221210111466
P07T15,Neck,899.75,384.52,0.0,0.0,0.0,0.0,17.0,731.6059231513625,146.14336642906366
P07T15,Neck,831.2,429.538,0.0,0.0,0.0,0.0,17.0,730.7031965848514,155.84779609646432
P07T15,Neck,788.088,445.156,0.0,0.0,0.0,0.0,17.0,731.5710092651393,145.8521374952863
P07T15,Nose,766.535,447.209,0.0,0.0,0.0,0.0,18.0,730.9529010085641,155.83797903166393
P07T15,Neck,803.766,419.733,0.0,0.0,0.0,0.0,17.0,731.4605035188645,145.9743300927338
P07T15,Neck,627.44,507.912,0.0,0.0,0.0,0.0,19.0,730.7008865905461,155.91676313087075
P07T15,Nose,574.572,492.232,0.0,0.0,0.0,0.0,20.0,731.5737922293408,145.23588778972612
P07T15,Neck,511.882,447.191,0.0,0.0,0.0,0.0,17.0,730.516177375854,155.68775482889112
P07T15,Other,496.139,413.867,0.0,0.0,0.0,0.0,18.0,732.554503889844,146.36833436352117
P07T15,Neck,480.472,400.189,0.0,0.0,0.0,0.0,18.0,730.8912620250657,155.8573992740951
P07T15,Neck,427.539,415.872,0.0,0.0,0.0,0.0,20.0,732.4851646290108,146.13588332664654
P07T15,Neck,382.451,413.854,0.0,0.0,0.0,0.0,18.0,730.8421993617562,155.53573200058918
P07T15,Neck,296.304,390.349,0.0,0.0,0.0,0.0,19.0,732.0823749398128,146.14290281641334
P07T15,Other,194.44,411.916,0.0,0.0,0.0,0.0,18.0,731.103406653594,156.10457483345473
P07T15,Other,137.665,451.125,0.0,0.0,0.0,0.0,18.0,731.9264622910773,145.43468119672474
P07T15,Other,100.403,451.111,0.0,0.0,0.0,0.0,19.0,731.213822336081,156.198001016702
P07T15,Other,102.339,474.611,0.0,0.0,0.0,0.0,18.0,731.8979567359723,145.94287697123968
P07T15,Other,73.0068,482.485,0.0,0.0,0.0,0.0,17.0,731.0790466652716,156.12730520485232
P07T15,Other,98.4136,462.919,116.067,650.991,0.0,0.0,16.0,732.0960410616156,145.58610283726196
P07T15,Other,88.6317,549.043,0.0,0.0,0.0,0.0,18.0,730.6721531872652,156.07784641297613
P07T15,Other,71.077,486.372,0.0,0.0,0.0,0.0,20.0,732.4437861000147,145.3205455051141
P07T15,Other,82.8112,598.041,0.0,0.0,0.0,0.0,18.0,731.209135336235,155.73505437957576
P07T15,Other,51.4119,641.152,0.0,0.0,0.0,0.0,20.0,732.1129662471353,145.47939827249778
P07T15,Other,35.7944,680.316,0.0,0.0,0.0,0.0,18.0,732.1656802052491,156.43584098941233
P07T15,Other,nan,nan,nan,nan,nan,nan,nan,732.1914264462507,145.61836661761484
P07T15,Other,nan,nan,nan,nan,nan,nan,nan,732.0932878905495,156.27827493910442
P07T15,Other,nan,nan,nan,nan,nan,nan,nan,732.2883386677834,145.18037835861278
P07T15,Other,nan,nan,nan,nan,nan,nan,nan,731.6715144404224,155.95579523542025
P07T15,Other,0.0,0.0,0.0,0.0,0.0,0.0,20.0,732.1663067443508,145.01368908698896
P07T15,Other,nan,nan,nan,nan,nan,nan,nan,731.5342161027277,155.55694508484797
P07T15,Other,nan,nan,nan,nan,nan,nan,nan,731.9521799567347,145.04906915620154
P07T15,Other,nan,nan,nan,nan,nan,nan,nan,731.5022555696971,155.91901706547492
P07T15,Other,nan,nan,nan,nan,nan,nan,nan,731.6892935195094,145.02396208922855
P07T15,Other,nan,nan,nan,nan,nan,nan,nan,731.6910634937956,155.6026778813471
P07T15,Other,nan,nan,nan,nan,nan,nan,nan,731.2572872005221,144.4805599699134
P07T15,Other,nan,nan,nan,nan,nan,nan,nan,732.0613897997298,155.65812294097677
P07T15,Other,nan,nan,nan,nan,nan,nan,nan,731.0217148865838,144.49564986190185
P07T15,Other,nan,nan,nan,nan,nan,nan,nan,731.1595626535266,144.12590817316865
P07T15,Other,nan,nan,nan,nan,nan,nan,nan,731.6841504564678,155.10579318794626
P07T15,Nose,nan,nan,nan,nan,nan,nan,nan,731.7651128544804,155.17883501964388
P07T15,Nose,nan,nan,nan,nan,nan,nan,nan,731.0121585147413,144.49699667069405
P07T15,Other,nan,nan,nan,nan,nan,nan,nan,731.8513027582742,154.61667416903808
P07T15,Other,nan,nan,nan,nan,nan,nan,nan,731.3798327318691,144.9565932433314
P07T15,Other,nan,nan,nan,nan,nan,nan,nan,731.751809343803,154.88616198197786
P07T15,Other,nan,nan,nan,nan,nan,nan,nan,731.1695539224906,144.20862414052988
P07T15,Other,nan,nan,nan,nan,nan,nan,nan,731.5240995300101,154.6645013331747
P07T15,Other,nan,nan,nan,nan,nan,nan,nan,731.3102600228591,144.4509334740275
P07T15,Other,nan,nan,nan,nan,nan,nan,nan,731.2942195167268,144.12881394276585
P07T15,Other,nan,nan,nan,nan,nan,nan,nan,731.2492244184734,154.45863653537768
P07T15,Other,nan,nan,nan,nan,nan,nan,nan,730.8123919328829,153.88014646139536
P07T15,Other,nan,nan,nan,nan,nan,nan,nan,731.0380805625329,144.5085346309752
P07T15,Other,nan,nan,nan,nan,nan,nan,nan,730.720161943495,153.63851942328859
P07T15,Other,nan,nan,nan,nan,nan,nan,nan,730.9538215851583,144.19482815345012
P07T15,Other,nan,nan,nan,nan,nan,nan,nan,731.0211647608608,153.79824227292784
P07T15,Other,nan,nan,nan,nan,nan,nan,nan,730.5404168417128,144.03393462684969
P07T15,Other,nan,nan,nan,nan,nan,nan,nan,730.5639131286471,153.73905604600643
P07T15,Other,nan,nan,nan,nan,nan,nan,nan,730.7780338164514,143.49694898910707
P07T15,Other,nan,nan,nan,nan,nan,nan,nan,730.9760373078778,154.8634196699583
P07T15,Other,nan,nan,nan,nan,nan,nan,nan,730.3967442300861,143.8832932115905
P07T15,Other,nan,nan,nan,nan,nan,nan,nan,730.7475065623744,153.97880571066662
P07T15,Other,nan,nan,nan,nan,nan,nan,nan,730.3742742853453,143.18923287938492
P07T15,Other,nan,nan,nan,nan,nan,nan,nan,731.0349857014694,143.61399893165162
P07T15,Other,nan,nan,nan,nan,nan,nan,nan,730.8885247821597,154.12880574787226
P07T15,Other,nan,nan,nan,nan,nan,nan,nan,730.7791306527873,143.68136429048843
P07T15,Other,nan,nan,nan,nan,nan,nan,nan,730.6139805508586,154.46531512685146
P07T15,Other,nan,nan,nan,nan,nan,nan,nan,730.5440310163316,143.68995557687006
P07T15,Other,nan,nan,nan,nan,nan,nan,nan,730.6161025267911,154.2158787952333
P07T15,Other,nan,nan,nan,nan,nan,nan,nan,730.9794517787533,143.4049636946869
P07T15,Other,nan,nan,nan,nan,nan,nan,nan,730.5487374699726,154.10110801049717
P07T15,Nose,nan,nan,nan,nan,nan,nan,nan,730.6628725253026,143.5191329667334
P07T15,Other,nan,nan,nan,nan,nan,nan,nan,730.1438023883973,154.02648386023455
P07T15,Other,nan,nan,nan,nan,nan,nan,nan,730.3630006072835,143.1105915034608
P07T15,Other,nan,nan,nan,nan,nan,nan,nan,729.9970267191973,143.2924088712924
P07T15,Nose,nan,nan,nan,nan,nan,nan,nan,730.0190213475871,154.25638652630553
P07T15,Other,nan,nan,nan,nan,nan,nan,nan,731.314356911591,144.2956083439346
P07T15,Other,nan,nan,nan,nan,nan,nan,nan,729.9821847014805,153.42008021305546
P07T15,Other,nan,nan,nan,nan,nan,nan,nan,730.822771804784,144.45460399338208
P07T15,Other,nan,nan,nan,nan,nan,nan,nan,730.6462184661423,153.94339640663125
P07T15,Other,nan,nan,nan,nan,nan,nan,nan,730.6186423565932,144.50745680871975
P07T15,Other,nan,nan,nan,nan,nan,nan,nan,730.1742903277466,154.10224945801477
P07T15,Other,nan,nan,nan,nan,nan,nan,nan,730.81399967838,144.36116962083042
P07T15,Other,nan,nan,nan,nan,nan,nan,nan,730.5708727211031,153.39794112900302
P07T15,Other,nan,nan,nan,nan,nan,nan,nan,730.9554601356283,144.832136151178
P07T15,Other,nan,nan,nan,nan,nan,nan,nan,730.8242118372686,144.94146809368067
P07T15,Other,nan,nan,nan,nan,nan,nan,nan,730.2756247323447,153.7483742599649
P07T15,Other,nan,nan,nan,nan,nan,nan,nan,729.4443727315765,144.716377236364
P07T15,Other,nan,nan,nan,nan,nan,nan,nan,729.6160911118179,153.6209812216891
P07T15,Other,nan,nan,nan,nan,nan,nan,nan,730.9271915014534,154.51850768987154
P07T15,Other,nan,nan,nan,nan,nan,nan,nan,728.6915094854431,144.85321343006015
P07T15,Other,nan,nan,nan,nan,nan,nan,nan,729.031759854701,144.94840226793642
P07T15,Other,nan,nan,nan,nan,nan,nan,nan,730.4598146340468,155.04159012750097
P07T15,Other,nan,nan,nan,nan,nan,nan,nan,728.483775478828,145.87363943458328
P07T15,Other,nan,nan,nan,nan,nan,nan,nan,730.4613910662607,155.10567613687647
P07T15,Other,nan,nan,nan,nan,nan,nan,nan,727.5772056257717,144.50990802506294
P07T15,Other,nan,nan,nan,nan,nan,nan,nan,730.4668191815567,155.55253244091946
P07T15,Other,nan,nan,nan,nan,nan,nan,nan,727.3944532560988,144.64998130352242
P07T15,Other,nan,nan,nan,nan,nan,nan,nan,729.1076836231437,155.59719388956498
P07T15,Other,nan,nan,nan,nan,nan,nan,nan,728.3816348574424,156.21523663162836
P07T15,Other,nan,nan,nan,nan,nan,nan,nan,728.7340821308951,156.50617180493396
P07T15,Other,nan,nan,nan,nan,nan,nan,nan,728.2906050109646,158.9167505853976
P07T15,Other,nan,nan,nan,nan,nan,nan,nan,728.9971072240303,144.70249077679657
P07T15,Other,nan,nan,nan,nan,nan,nan,nan,727.1366879481347,156.85225011398168
P07T15,Other,nan,nan,nan,nan,nan,nan,nan,729.0205197165094,144.8311680959406
P07T15,Other,nan,nan,nan,nan,nan,nan,nan,725.8855562824597,164.59096464949414
P07T15,Other,nan,nan,nan,nan,nan,nan,nan,730.9199050926238,-46.39791441980928
P07T15,Other,5.3498,257.15,0.0,0.0,0.0,0.0,11.0,704.2977799520559,148.20767779654707
P07T15,Other,nan,nan,nan,nan,nan,nan,nan,724.57722769672,171.73352042676095
P07T15,Other,nan,nan,nan,nan,nan,nan,nan,731.0182426621689,-46.46288365932969
P07T15,Other,nan,nan,nan,nan,nan,nan,nan,731.1838289583955,-46.25392642632187
P07T15,Other,nan,nan,nan,nan,nan,nan,nan,706.0554224631421,148.1022502724916
P07T15,Other,nan,nan,nan,nan,nan,nan,nan,128000.0,-72000.0
P07T15,Other,nan,nan,nan,nan,nan,nan,nan,731.2154682151966,-46.08065218438046
P07T15,Other,nan,nan,nan,nan,nan,nan,nan,731.1282844961213,-45.50920188820573
P07T15,Other,nan,nan,nan,nan,nan,nan,nan,-128000.0,-72000.0
P07T15,Other,nan,nan,nan,nan,nan,nan,nan,731.075922121171,-45.49296818425567
P07T15,Other,nan,nan,nan,nan,nan,nan,nan,128000.0,-72000.0
P07T15,Other,nan,nan,nan,nan,nan,nan,nan,731.257604400013,-45.042282971708744
P07T15,Other,nan,nan,nan,nan,nan,nan,nan,731.7535423946972,-41.9257663230905
P07T15,Other,nan,nan,nan,nan,nan,nan,nan,128000.0,-72000.0
P07T15,Other,nan,nan,nan,nan,nan,nan,nan,-128000.0,-72000.0
P07T15,Other,nan,nan,nan,nan,nan,nan,nan,128000.0,-72000.0
P07T15,Other,nan,nan,nan,nan,nan,nan,nan,-128000.0,-72000.0
P07T15,Other,nan,nan,nan,nan,nan,nan,nan,128000.0,-72000.0
P07T15,Other,nan,nan,nan,nan,nan,nan,nan,-128000.0,-72000.0
P07T15,Other,nan,nan,nan,nan,nan,nan,nan,128000.0,-72000.0
P07T15,Other,nan,nan,nan,nan,nan,nan,nan,-128000.0,-72000.0
P07T15,Other,nan,nan,nan,nan,nan,nan,nan,128000.0,-72000.0
P07T15,Other,0.0,0.0,1228.89,554.936,0.0,0.0,14.0,-128000.0,-72000.0
P07T15,Other,1240.63,355.165,1093.72,531.414,1230.91,556.845,3.0,128000.0,-72000.0
P07T15,Other,1189.7,339.425,1036.88,523.588,1193.62,552.946,6.0,-128000.0,-72000.0
P07T15,Other,1152.57,319.906,993.826,513.775,1166.2,543.192,3.0,721.2484227070709,-193.28750410057435
P07T15,Other,1125.04,308.087,964.316,507.942,1146.57,531.415,6.0,-128000.0,-72000.0
P07T15,Other,1103.45,304.169,940.902,498.162,1123.15,533.379,1.0,732.4773848252748,-139.58520019731063
P07T15,Other,1081.96,302.154,917.454,505.982,1109.37,533.409,0.0,-128000.0,-72000.0
P07T15,Other,1066.26,300.222,901.631,511.871,1093.74,527.555,0.0,727.7773504685764,-129.97719288301687
P07T15,Other,1052.51,294.347,885.971,505.943,1087.74,523.647,0.0,-128000.0,-72000.0
P07T15,LElbow,1040.72,290.434,872.344,494.273,1072.03,523.633,3.0,735.8137772411009,-133.35959541036584
P07T15,LElbow,1023.15,288.409,854.683,492.226,1054.44,511.823,1.0,-128000.0,-72000.0
P07T15,LElbow,1005.52,276.817,846.859,474.554,1036.86,504.005,0.0,769.9248044639223,-189.00938648434123
P07T15,Other,983.97,265.007,823.286,460.947,1011.37,478.585,0.0,-128000.0,-72000.0
P07T15,Other,964.322,251.296,805.7,449.163,991.841,472.605,0.0,696.925656416636,-153.90245787024085
P07T15,Other,946.838,241.507,788.102,445.179,976.121,455.026,1.0,-128000.0,-72000.0
P07T15,Other,931.139,229.741,772.387,431.458,956.578,445.178,1.0,708.9483292619753,-153.32065066747967
P07T15,Other,917.404,225.76,758.753,423.666,944.829,435.416,1.0,-128000.0,-72000.0
P07T15,Other,911.507,219.918,752.792,415.784,933.018,431.487,2.0,708.1914244675066,-157.21169792750672
P07T15,Other,901.638,214.03,739.095,415.868,923.22,429.508,1.0,-128000.0,-72000.0
P07T15,Other,889.937,210.051,727.417,404.065,911.525,415.857,1.0,706.6345615727471,-154.7554809626518
P07T15,Other,884.052,202.267,721.491,398.143,899.773,407.98,1.0,-128000.0,-72000.0
P07T15,Other,870.372,194.488,709.673,392.304,886.037,398.142,3.0,706.5010028506525,-158.4656546884927
P07T15,Other,856.633,180.824,695.925,382.528,872.391,370.761,1.0,-128000.0,-72000.0
P07T15,Other,839.103,165.13,680.293,366.78,856.654,353.196,1.0,724.1286941683684,-134.74507104250165
P07T15,Other,819.406,147.41,656.81,351.209,837.12,337.424,1.0,-128000.0,-72000.0
P07T15,Other,791.933,125.917,635.21,337.487,819.432,313.962,0.0,419.376174614191,-170.477086607938
P07T15,Other,711.614,84.7487,572.555,333.498,766.502,286.557,1.0,761.0368044118411,-134.77432047166533
P07T15,Other,654.884,69.0515,541.318,337.472,741.024,274.739,1.0,476.0098925324123,-125.99399218076913
P07T15,Other,633.306,59.2496,535.374,337.542,729.293,264.992,1.0,754.0007344454464,-191.57769423224912
P07T15,Other,613.659,53.3647,525.508,327.679,719.49,257.078,1.0,506.6083768838853,-200.05449680187436
