P07T09,Other,615.639,319.81,517.693,564.735,754.766,576.503,8.0,655.9760451081777,124.84839566011283
P07T09,Other,619.696,310.081,525.573,556.934,760.74,574.513,8.0,657.2530709174875,123.9905538004514
P07T09,Other,633.205,306.183,539.148,551.008,774.287,572.586,8.0,638.2747633626041,110.89914266081452
P07T09,Other,635.307,302.14,541.276,541.197,778.319,570.653,8.0,658.9385386273453,123.52677362514927
P07T09,Other,641.135,294.337,543.212,535.301,782.218,566.687,8.0,641.1985451516207,111.02820527896985
P07T09,Other,641.156,290.493,541.27,527.537,784.135,560.849,8.0,660.480534346257,123.20408670072342
P07T09,Other,641.135,288.42,539.319,527.485,786.132,564.723,8.0,642.4311120626587,112.02452207435319
P07T09,Other,641.169,286.471,537.279,523.533,788.096,566.709,8.0,662.0697178785987,124.7254219062536
P07T09,Other,646.94,288.387,527.555,521.603,791.908,558.841,8.0,643.2753929547296,112.78833016993075
P07T09,Other,648.858,288.453,523.521,523.607,794.026,560.852,8.0,664.4041951729479,125.8944343106762
P07T09,Other,649.035,288.482,515.756,494.176,805.682,570.574,8.0,644.6201877709221,113.28223791365103
P07T09,Other,651.032,288.569,500.088,509.925,809.69,560.786,8.0,666.5916819852332,126.25743404690184
P07T09,Other,656.844,290.476,492.266,505.986,821.443,556.925,8.0,647.0219485276573,113.88837480301645
P07T09,Other,662.62,288.562,490.297,492.245,833.098,549.071,8.0,668.5016513869575,128.67646212295676
P07T09,Other,664.59,286.536,492.261,472.678,838.945,539.288,8.0,647.6136170064822,114.97381593089692
P07T09,Other,664.643,276.747,447.214,476.558,852.748,509.905,8.0,670.1364609050455,130.29955386808066
P07T09,Other,664.626,270.877,472.613,451.113,860.544,484.413,8.0,649.1204516945702,116.77251052897007
P07T09,Other,664.616,268.877,460.882,447.228,854.701,478.569,8.0,672.416594732076,131.85998484871018
P07T09,Other,664.559,261.032,447.176,445.233,884.087,492.228,8.0,649.8217390799571,117.43260414487486
P07T09,Other,664.622,257.177,443.276,431.467,888.009,474.583,8.0,673.8109898512802,133.23629865615416
P07T09,Other,666.62,249.293,447.222,417.867,903.695,460.962,8.0,651.8739863929926,118.98153244608787
P07T09,Other,668.525,243.471,447.23,413.895,903.646,458.918,8.0,674.955156262653,134.8149551357094
P07T09,Other,670.555,241.399,451.069,408.023,907.587,445.25,8.0,652.5570165058505,119.28347448258481
P07T09,MidHip,666.598,176.744,445.134,317.915,925.194,353.089,2.0,676.4360272350607,136.07789515941485
P07T09,MidHip,664.727,176.797,439.343,317.825,921.284,351.148,3.0,653.1305027102806,120.29464026462554
P07T09,MidHip,664.628,176.825,435.457,317.845,917.368,349.213,3.0,678.095626332143,136.69065788468117
P07T09,MidHip,664.605,178.68,437.38,319.756,915.394,349.16,3.0,653.6101492918758,120.43172333516976
P07T09,MidHip,664.617,178.826,445.209,319.865,915.336,351.083,3.0,679.3854243481051,138.06769202213434
P07T09,MidHip,664.71,180.774,447.223,323.763,915.365,351.266,2.0,654.5771480902813,121.28289133366685
P07T09,MidHip,666.521,182.746,447.158,331.56,913.485,355.065,3.0,679.3510192522376,139.8227141155942
P07T09,MidHip,666.525,192.52,447.245,339.486,911.522,366.798,3.0,655.260334865648,122.46097413480332
P07T09,Other,664.606,200.36,445.25,353.134,901.656,380.514,3.0,678.9609238575033,139.00273585845105
P07T09,Other,660.696,210.201,439.368,366.755,899.694,386.455,3.0,654.397036206841,122.83772946886594
P07T09,Other,650.938,243.393,435.46,400.269,884.088,425.62,3.0,678.8514278506132,141.06028894213364
P07T09,Other,647.033,247.386,435.469,411.946,876.229,433.462,6.0,655.0751478051278,123.8422468619813
P07T09,Other,639.218,253.225,431.463,417.771,862.514,445.14,6.0,677.533353627062,141.9493114064928
P07T09,Other,635.298,255.212,441.275,427.579,848.78,449.118,6.0,654.3318498340093,125.33360432075334
P07T09,Other,633.37,259.096,449.2,433.477,827.286,460.801,6.0,676.6914342139103,143.12349318987566
P07T09,Other,633.321,264.965,466.749,445.302,805.694,466.772,6.0,653.0877005869245,126.84616475538085
P07T09,Other,635.183,272.865,496.165,462.798,782.2,478.497,8.0,674.4330718766385,143.38904117434438
P07T09,Other,641.104,284.524,503.956,484.407,760.671,502.032,8.0,652.9238658776262,128.3867594720892
P07T09,Other,649.028,300.228,566.658,502.016,740.999,513.817,8.0,674.8646573266788,144.72314704195628
P07T09,Other,654.822,310.048,615.664,486.368,703.845,513.809,8.0,652.195281141051,128.5110494208686
P07T09,LKnee,656.815,329.607,619.573,523.584,684.203,525.64,8.0,673.2092053191132,145.2590630951657
P07T09,Other,635.204,400.216,554.938,607.872,680.272,664.678,10.0,651.6845380205236,130.2436884039662
P07T09,Other,633.241,404.096,552.941,647.024,709.732,645.044,10.0,672.777829166919,145.0244565472769
P07T09,Other,629.332,402.119,539.2,650.988,719.538,650.914,10.0,651.0306506964473,129.69180882094295
P07T09,Other,623.545,400.145,523.588,650.974,731.261,664.567,10.0,673.1312264765049,146.25313839891908
P07T09,Nose,621.54,400.247,513.81,648.987,746.996,662.677,10.0,649.9639496257835,129.76717144873123
P07T09,Other,619.56,402.192,509.798,654.844,762.606,652.865,10.0,672.8678275109698,147.26023366954539
P07T09,Other,619.551,402.198,507.95,650.926,776.263,649.039,10.0,649.6164490257102,130.86948577190697
P07T09,Other,619.691,400.264,509.825,639.171,787.998,635.281,10.0,671.2489627241862,145.7620964157304
P07T09,Other,625.431,398.228,507.992,613.713,793.921,625.491,10.0,649.6015763628516,130.66379856795845
P07T09,Other,627.423,388.454,509.892,607.859,805.609,613.717,10.0,672.3207020053392,144.8138520018399
P07T09,Other,627.407,374.662,509.94,596.06,805.71,590.196,10.0,649.3964269859204,131.08426005497563
P07T09,Other,623.512,368.864,509.925,588.247,801.768,586.345,10.0,671.5448634632626,145.69258563085748
P07T09,Other,617.64,362.967,509.865,590.238,789.975,588.181,10.0,649.6945423598369,131.16247363126504
P07T09,Other,615.703,359.002,509.916,601.9,778.32,586.318,10.0,672.3200980801277,145.40886779571474
P07T09,Other,613.737,355.129,509.955,603.881,770.426,596.05,10.0,649.3813179386341,131.23028891381776
P07T09,Other,613.668,355.112,509.948,603.873,758.677,602.009,10.0,672.1141002585862,145.21259827337732
P07T09,Other,611.781,357.037,511.817,613.738,744.881,603.869,9.0,649.1914708853596,130.919767368768
P07T09,Other,611.711,357.055,513.819,613.71,729.28,603.97,8.0,673.1663733568269,145.681109916341
P07T09,Other,609.811,355.127,519.616,609.775,723.385,584.306,8.0,649.2344093413526,130.4866256004729
P07T09,Other,607.873,353.18,519.648,598.022,697.912,600.018,8.0,672.4200985070988,143.81122981478458
P07T09,Other,605.951,353.053,521.6,603.945,695.986,578.42,8.0,649.7023203383767,129.6951343579932
P07T09,Other,603.981,351.102,519.672,588.214,676.395,588.188,8.0,673.6166727337003,143.44382599678144
P07T09,Other,603.824,347.241,515.737,578.463,664.641,586.238,8.0,650.1702753382992,129.5313787901454
P07T09,Other,600.033,339.492,513.775,582.385,660.757,578.473,8.0,672.8403875803062,143.16059442030863
P07T09,Other,596.044,337.393,511.827,580.415,662.698,568.669,8.0,650.0047674085067,129.9530685158603
P07T09,Other,594.12,333.574,509.956,572.592,662.702,570.672,8.0,674.1446484626542,141.5603783983531
P07T09,Other,592.209,325.723,509.946,572.553,682.214,551.02,8.0,649.9284661198827,128.13268286080802
P07T09,Other,596.082,323.762,509.888,570.654,686.22,568.591,8.0,675.7967579761181,142.3006160032046
P07T09,Other,597.99,321.865,509.977,576.475,692.03,570.546,8.0,651.0745415318283,127.669981760293
P07T09,Other,601.881,321.848,511.843,570.57,699.952,570.632,8.0,674.6913343335339,141.43930820942663
P07T09,Other,602.014,321.872,509.954,568.645,711.669,572.547,8.0,651.4605101502284,127.5872994989902
P07T09,Other,603.846,321.801,509.839,574.519,713.638,572.506,8.0,676.3285676406422,141.76402436995593
P07T09,Other,603.913,321.734,509.854,572.63,723.393,566.666,8.0,650.9706194779524,129.16442784269208
P07T09,Other,605.833,319.917,509.819,570.642,729.303,568.605,8.0,651.8190977456461,128.75993190064972
P07T09,Other,609.789,321.707,509.828,568.675,735.186,572.554,8.0,675.573869227318,141.05405528987848
P07T09,RKnee,615.609,319.864,509.857,568.617,741.067,572.541,8.0,652.5123973488533,127.7626713553493
P07T09,Neck,617.581,319.842,509.891,560.791,742.933,570.621,8.0,675.8921953552872,139.75194885871267
P07T09,Other,619.54,319.827,511.861,558.853,743.077,572.636,8.0,652.5374599979943,127.14953327637383
P07T09,Other,621.591,319.812,517.681,556.899,745.009,572.629,8.0,676.4103918279661,138.1095669375525
P07T09,Other,629.418,319.786,521.618,564.745,748.93,576.515,8.0,652.4893795668979,126.65434288455947
P07T09,Other,633.39,319.908,523.632,568.638,758.659,572.618,8.0,677.2081910963094,138.85192332424734
P07T09,Other,637.254,319.864,527.49,574.537,758.698,578.434,8.0,653.4480624360381,125.45352883973749
P07T09,Other,645.075,321.722,535.304,572.609,760.564,584.305,8.0,676.0933338471682,135.23800312191426
P07T09,Other,649.057,321.836,539.264,574.57,762.648,584.265,8.0,654.672168785159,124.87565035805191
P07T09,Other,652.948,321.823,545.106,584.338,772.399,588.194,8.0,677.6242233667007,133.5113622653314
P07T09,Other,662.657,325.691,554.83,588.204,776.357,588.246,8.0,655.0128661928966,123.84148087077564
P07T09,Other,666.564,325.727,556.994,596.043,784.12,588.203,8.0,677.2538167550845,130.55937583851926
P07T09,Other,670.5,323.8,570.526,601.875,790.031,588.208,8.0,655.9800263782064,123.93994123336641
P07T09,Other,678.288,327.706,574.588,599.937,793.911,584.344,9.0,678.3434626207197,129.9185764047129
P07T09,Other,680.368,325.744,586.218,603.919,801.792,582.366,9.0,655.7407456159845,122.84939485956146
P07T09,Other,686.218,321.84,598.026,601.977,807.654,584.252,10.0,678.9503971790963,128.64950333729803
P07T09,Other,692.035,321.886,602.005,603.943,809.691,576.487,9.0,656.0185563447155,121.37383011739915
P07T09,Other,695.925,321.871,602.036,599.99,811.545,580.403,10.0,677.8945329451425,126.83409298771599
P07T09,Other,697.858,323.729,604.009,601.9,817.418,580.432,9.0,656.4662222604077,122.34738678317869
P07T09,Other,698.023,321.811,605.869,603.927,817.451,582.322,9.0,680.5525625034096,127.51924016318813
P07T09,Other,701.877,321.781,605.855,601.975,817.486,584.276,9.0,657.2225222241989,121.79983916559566
P07T09,Other,703.858,321.733,603.947,601.955,813.564,580.411,9.0,680.12682528745,126.46657303713052
P07T09,Other,707.769,319.849,602.015,605.874,811.593,578.445,9.0,657.8088102035472,121.12493151058513
P07T09,Other,709.654,319.772,600.034,603.926,809.636,574.584,8.0,680.7000393534438,126.64757517774706
P07T09,Other,709.692,317.913,596.037,598.039,807.763,572.609,8.0,658.512672430966,121.29247640300088
P07T09,Other,709.734,317.904,590.197,592.158,807.64,574.497,8.0,681.815192007557,126.51054301135416
P07T09,Nose,709.745,317.858,588.227,601.986,807.617,572.544,8.0,659.2011247165246,120.94579175960733
P07T09,Other,709.685,317.829,586.171,601.929,805.781,572.546,8.0,682.1803923760776,126.03405787945964
P07T09,Other,705.805,317.807,580.418,592.181,803.713,572.651,8.0,660.0635492705147,121.54862259585278
P07T09,Other,701.868,315.912,574.496,598.011,803.669,572.603,8.0,682.3274014215765,126.93226874448729
P07T09,Other,697.956,317.885,570.677,601.932,801.781,572.574,8.0,660.4952371399927,121.50352710137598
P07T09,Other,695.949,317.894,570.516,601.962,795.957,582.322,8.0,683.0464449608749,126.38582530902495
P07T09,Other,692.053,319.762,566.711,601.923,793.931,584.332,9.0,661.0473462829827,121.9258287363041
P07T09,Other,682.224,319.777,556.979,601.982,790.056,586.309,8.0,684.3858202144431,125.9944947637016
P07T09,Other,676.403,319.761,554.882,602.003,788.038,588.211,8.0,661.4082851115681,123.37742142211114
P07T09,Other,666.572,319.845,551.019,598.027,780.267,588.256,8.0,683.6294472084383,125.82484373153319
P07T09,Other,658.801,319.893,541.172,594.094,774.352,590.196,8.0,662.3129953819914,123.94294735278292
P07T09,Other,650.851,321.783,537.32,588.304,770.402,592.155,8.0,686.1238873379153,126.48116220015393
P07T09,Other,643.065,321.758,527.49,590.242,758.715,594.128,8.0,662.6098947607034,124.79366269028013
P07T09,Other,633.294,321.787,521.608,590.197,746.913,598.039,8.0,687.0162945884392,127.99608483535147
P07T09,Other,621.613,321.749,507.909,586.286,735.198,601.929,8.0,664.0559993018479,126.7676177635935
P07T09,Other,615.686,321.757,494.275,582.364,723.428,605.878,8.0,687.261661604556,128.98514765374844
P07T09,Other,605.88,321.741,490.265,586.214,709.703,609.767,8.0,664.7395417321366,127.58603969082762
P07T09,Other,601.99,321.8,478.521,582.378,695.933,613.666,8.0,689.3938327521802,129.82246133932952
P07T09,Other,598.025,321.907,474.584,578.414,680.299,615.638,8.0,665.3816327037632,128.3830971491246
P07T09,Other,588.301,323.784,460.786,574.524,651.038,615.632,8.0,689.3663491026764,132.8805936227461
P07T09,Other,588.173,325.711,451.135,572.57,645.036,613.717,8.0,689.4686322268705,133.92414325936332
P07T09,Other,586.258,325.751,447.188,572.526,633.363,617.654,8.0,665.4627684198755,128.28710884936254
P07T09,Other,586.208,325.755,447.092,572.494,633.35,607.828,8.0,689.9670709445109,134.00357953961273
P07T09,Other,586.177,325.693,445.229,570.52,637.225,590.213,8.0,665.3345726966377,128.71771106735707
P07T09,Other,584.329,323.807,445.233,570.638,635.326,600.002,8.0,690.5035543740131,135.514902056961
P07T09,Other,582.39,323.75,445.206,570.596,637.212,603.962,8.0,666.3462410045297,130.02401908292376
P07T09,Other,580.365,321.875,447.12,572.644,645.054,603.966,8.0,690.576885907594,136.45115810268513
P07T09,Other,578.475,323.754,449.129,580.415,650.892,605.9,8.0,666.6847109245393,130.3919502829834
P07T09,Other,580.437,323.765,456.963,582.323,660.699,607.843,8.0,690.4079825998856,136.55085881428892
P07T09,Other,584.263,325.723,460.789,582.392,670.498,601.939,8.0,666.301054690289,130.7028626308265
P07T09,Other,586.161,325.763,462.965,588.261,680.376,605.886,8.0,689.6754218276657,136.45439841063833
P07T09,Other,586.271,325.741,472.659,590.217,695.926,607.805,8.0,667.1612314736726,130.8881870497144
P07T09,Other,588.258,323.823,478.472,596.073,703.846,603.943,8.0,691.161558559868,137.11654088876972
P07T09,Other,596.043,323.82,492.127,601.901,713.668,598.057,8.0,667.3729199074451,130.54864971579332
P07T09,Other,601.986,325.734,498.124,601.957,727.378,600.018,9.0,690.6610930745848,137.9708818148538
P07T09,Other,609.78,323.803,509.884,603.897,737.104,601.903,8.0,667.5266003800161,131.75634986754116
P07T09,Other,617.666,327.668,523.546,607.854,745.017,596.058,8.0,691.5694303317805,138.02220556120022
P07T09,Other,623.534,323.819,533.364,603.995,756.729,596.094,8.0,667.9177648236468,131.3286824752765
P07T09,Other,633.348,327.687,541.236,609.762,762.575,592.128,8.0,691.4833745940012,138.19745211406877
P07T09,Other,652.89,325.713,572.509,615.677,788.087,588.31,8.0,668.0210538493295,130.9827756427203
P07T09,Other,660.752,325.695,580.378,617.66,792.063,586.27,8.0,692.3995549297101,139.1077169745484
P07T09,Other,664.672,327.673,586.346,619.619,803.709,586.226,8.0,668.584413337434,131.15407336621746
P07T09,Other,666.629,325.713,590.245,615.621,807.61,576.466,10.0,694.1328577596989,138.60355024539808
P07T09,Other,672.47,323.815,596.077,613.722,813.521,574.566,9.0,668.7961112343088,131.26447282197284
P07T09,Other,678.289,323.773,599.939,613.686,819.454,574.556,10.0,694.9261337797105,139.10711238232662
P07T09,Other,680.274,323.771,599.93,611.741,821.407,574.591,10.0,670.2307645541061,132.4342771882971
P07T09,Other,680.368,323.743,596.058,613.67,823.248,574.568,10.0,696.6519623318117,139.34810125411448
P07T09,MidHip,682.24,323.783,590.276,611.721,821.335,574.55,10.0,670.681789280387,134.0955146802221
P07T09,Other,682.3,323.777,588.202,605.888,819.442,582.326,9.0,697.5692492848644,140.74645053708628
P07T09,Other,684.206,323.785,580.404,607.805,811.571,582.348,9.0,672.036242684273,135.3600841696823
P07T09,Other,682.375,323.757,572.66,605.901,807.65,582.344,8.0,700.095255581364,142.8688972487329
P07T09,Other,682.246,323.762,570.669,607.866,805.617,584.27,8.0,672.9657569141195,136.47832637300488
P07T09,Other,680.363,323.827,570.52,607.82,797.852,586.261,9.0,701.1125342189243,143.01994740623516
P07T09,Other,680.233,327.644,564.692,605.848,791.973,588.242,8.0,674.6520267094263,136.89976762479628
P07T09,Other,674.418,327.712,556.898,611.752,786.087,596.07,9.0,702.1782985718742,144.27609848839793
P07T09,Other,666.594,331.57,552.918,609.785,776.237,597.989,9.0,675.2838976961158,138.11953345786856
P07T09,Other,664.536,333.473,541.333,607.828,766.523,598.029,9.0,704.1924036018844,145.89574344162816
P07T09,Other,652.97,333.514,539.156,607.852,758.648,603.991,9.0,676.2798370821771,140.18896489476802
P07T09,Other,648.951,333.561,525.472,603.934,746.916,603.931,8.0,704.2825192334383,146.35805419835722
P07T09,Other,635.224,333.547,505.993,594.093,725.393,615.646,8.0,677.7609341814845,140.58015903778502
P07T09,Other,633.187,333.474,492.297,588.323,711.718,613.737,9.0,704.8555033512655,146.0203856499671
P07T09,Other,629.332,333.476,486.391,588.297,698.008,615.605,9.0,678.1550060129358,140.90486683652696
P07T09,Other,623.501,333.545,476.579,586.223,684.277,619.579,8.0,706.2536742036577,147.8403392691986
P07T09,Other,619.64,335.459,466.809,586.303,680.221,619.52,8.0,678.9987267230124,141.7674785058056
P07T09,Other,619.542,335.51,460.978,586.224,668.583,617.688,8.0,707.1529234355417,147.517465156082
P07T09,Other,617.71,335.552,458.922,582.381,664.665,617.566,9.0,680.0571276920483,141.4976586473042
P07T09,Other,617.679,335.537,455.019,580.392,660.749,615.696,8.0,707.1530999100785,146.98828153794236
P07T09,Other,617.605,335.515,451.155,582.367,658.764,617.584,8.0,680.4553196399364,141.8603276537651
P07T09,Other,617.577,335.408,453.059,584.318,664.545,617.623,8.0,708.1400228421957,146.9431430173219
P07T09,Other,617.521,333.514,458.952,584.328,680.274,605.91,9.0,681.4442153898176,142.01181967094644
P07T09,Other,617.53,333.476,462.848,586.332,684.295,603.872,8.0,710.1137323279648,147.27761053794254
P07T09,Other,617.54,331.564,470.678,590.192,697.863,602.011,8.0,682.529730223928,142.50610533955236
P07T09,Other,617.56,329.652,476.62,594.096,705.806,603.915,8.0,711.1165816852792,147.64995608505663
P07T09,Other,617.634,329.637,488.319,601.902,715.588,603.995,9.0,683.4925429181155,143.60213046225255
P07T09,Other,619.563,327.71,496.169,601.871,729.276,601.874,8.0,712.0137601699062,148.3925931051155
P07T09,Other,623.472,325.762,509.814,605.836,743.025,599.975,8.0,684.4953830835825,143.2559368296043
P07T09,Other,629.36,327.7,523.564,609.759,754.766,598.039,9.0,713.6996407148456,148.0221609075642
P07T09,Other,633.271,329.625,537.259,609.763,760.74,592.162,9.0,685.5215125632892,144.54378335236348
P07T09,Other,635.241,327.654,543.262,607.857,774.293,592.177,8.0,714.0392533667953,148.60483850746098
P07T09,Other,648.857,327.644,568.666,619.526,795.888,586.342,9.0,687.141041907292,143.9948078387949
P07T09,Other,649.004,325.745,570.607,615.644,803.734,582.37,9.0,716.3229867426274,148.97486435170399
P07T09,Other,649.054,323.826,572.488,611.715,805.761,582.355,10.0,687.3093788873828,144.3539028142634
P07T09,Other,650.952,325.682,572.509,611.716,807.74,584.343,10.0,716.3959060235513,150.7783158031191
P07T09,Other,652.954,323.746,572.518,609.776,811.56,584.307,9.0,688.7211776412155,145.67092437426814
P07T09,Other,656.792,323.734,572.509,611.745,811.632,582.331,9.0,688.5270199631732,145.66983808589222
P07T09,Other,660.714,321.895,570.592,609.78,815.515,584.281,9.0,716.7585610285067,150.24911264376502
P07T09,Other,662.604,321.814,568.63,603.995,811.547,586.343,8.0,717.1521550468246,152.76945645648664
P07T09,Other,658.749,317.875,556.99,596.083,807.595,586.279,8.0,688.5241272068308,145.6850377151708
P07T09,Other,654.9,310.066,554.895,590.202,801.764,584.282,8.0,718.5153994930159,153.1189356045866
P07T09,Other,658.771,290.436,539.33,570.623,776.374,570.648,8.0,689.2838621714557,146.59839179211724
P07T09,Other,660.67,286.506,539.154,564.694,774.284,572.523,8.0,718.3020706844163,153.81890394232897
P07T09,Other,656.802,280.648,533.39,558.875,760.749,572.567,8.0,689.2743947670956,148.01274222757544
P07T09,Other,654.873,282.64,527.526,556.941,760.608,572.622,8.0,718.760964630078,154.8625255832167
P07T09,MidHip,652.953,278.717,525.61,543.208,758.681,570.589,8.0,689.7420419203299,148.3860411673022
P07T09,MidHip,651.02,272.803,525.647,523.568,758.709,554.895,8.0,720.466205766678,156.31571999292672
P07T09,MidHip,648.949,257.162,531.407,509.862,760.65,531.437,8.0,690.2810560544071,150.33451368603448
P07T09,MidHip,645.072,241.385,525.6,462.897,762.638,511.857,8.0,691.0136677183704,151.4056166750768
P07T09,MidHip,639.219,227.698,527.503,455.031,772.394,480.543,7.0,722.1258570696882,158.15971567160818
P07T09,MidHip,635.326,216.017,527.476,458.947,782.194,472.657,4.0,690.4678527154767,152.97088829976354
P07T09,MidHip,633.326,216.037,517.691,460.823,805.763,478.517,3.0,721.9537624133154,157.8377665134852
P07T09,MidHip,633.288,225.744,507.988,462.8,813.521,490.26,4.0,690.991009368849,154.05301109041207
P07T09,MidHip,633.254,233.634,492.219,502.042,821.408,490.264,4.0,721.9651298041229,160.2171118646206
P07T09,MidHip,633.211,243.482,490.211,482.419,823.384,505.959,4.0,691.5259058987724,155.31485417056794
P07T09,MidHip,633.232,245.427,490.266,476.489,823.283,496.211,4.0,724.3057232877708,163.4893801312319
P07T09,MidHip,633.298,241.519,492.182,458.916,809.682,478.531,8.0,692.5834771885519,156.28344703492144
P07T09,MidHip,633.345,227.854,494.289,435.466,801.737,460.943,4.0,723.5596105008485,164.9862684097311
P07T09,MidHip,635.179,221.851,490.305,413.847,801.793,443.282,3.0,692.1748501837078,158.32330313500378
P07T09,MidHip,635.208,216.037,480.454,388.421,876.245,449.122,4.0,724.2808358579821,164.28695899781954
P07T09,MidHip,635.286,215.986,478.506,355.119,821.353,386.468,7.0,692.8669282872031,159.90995880784362
P07T09,MidHip,646.942,225.741,460.951,339.406,844.896,351.115,8.0,724.6191697440818,165.9346060440932
P07T09,MidHip,648.981,233.663,443.218,360.988,872.316,335.486,8.0,693.6125138790019,160.9238100617698
P07T09,MidHip,652.936,243.497,457.006,329.651,899.784,317.871,8.0,726.0999782733735,168.53999923875833
P07T09,MidHip,668.557,255.179,460.967,345.294,925.197,333.506,9.0,692.712639135992,161.16498656257312
P07T09,MidHip,686.196,268.879,472.61,374.687,897.749,345.27,10.0,724.2729781829096,169.15141377820893
P07T09,MidHip,696.073,259.069,490.245,370.791,895.808,347.265,10.0,691.9368281668641,161.75338181315945
P07T09,MidHip,713.553,241.459,492.213,451.093,901.65,351.191,10.0,723.1173947450825,170.0950647227667
P07T09,MidHip,729.314,227.731,513.799,413.838,944.788,384.483,10.0,691.0955867670186,163.05840434215892
P07T09,MidHip,743.035,223.868,529.453,419.746,948.672,431.542,10.0,720.8017131323493,171.59624891008076
P07T09,Neck,729.367,204.252,504.0,411.903,0.0,0.0,11.0,689.6491820721785,164.18741523389113
P07T09,Neck,745.008,190.495,494.171,402.127,927.132,511.812,10.0,720.8069241778259,173.4890836821096
P07T09,MidHip,793.983,123.961,504.008,421.697,942.819,549.066,10.0,688.5866775949271,164.417416314109
P07T09,LElbow,821.433,92.5638,500.076,407.994,983.981,531.449,10.0,720.1836941105377,176.55651439903383
P07T09,Neck,839.082,73.0165,456.987,415.795,1005.53,572.595,10.0,688.6740497720263,166.89600061487275
P07T09,LElbow,868.325,67.0611,0.0,0.0,1070.18,478.559,12.0,718.6865616938812,178.8916675371287
P07T09,LElbow,899.684,53.4633,0.0,0.0,1052.56,556.885,11.0,687.8089982187275,168.94656552819387
P07T09,MidHip,929.099,43.5778,770.422,266.923,0.0,0.0,11.0,717.9505855809443,182.35477725638754
P07T09,MidHip,978.082,43.5995,0.0,0.0,1127.01,598.016,12.0,687.4843565801941,171.4311991529098
P07T09,MidHip,999.698,45.5768,558.848,353.185,1136.78,650.926,12.0,717.2456231164053,185.22128853266543
P07T09,RElbow,1011.37,71.1028,648.951,541.252,0.0,0.0,15.0,687.5638163697015,172.8324785980295
P07T09,RElbow,1029.05,100.481,725.383,456.984,0.0,0.0,15.0,716.8469927196843,186.94289150010525
P07T09,RElbow,1042.76,151.342,697.95,482.468,0.0,0.0,12.0,686.782774814896,173.5648234346745
P07T09,Other,1044.74,217.971,739.073,505.938,0.0,0.0,14.0,716.0758174592306,188.72260347400882
P07T09,Other,1068.23,231.676,0.0,0.0,0.0,0.0,16.0,687.2305215163057,175.39294325688365
P07T09,Other,1052.57,231.71,0.0,0.0,0.0,0.0,16.0,715.5568201975273,191.30076916040898
P07T09,Other,1058.53,241.402,0.0,0.0,0.0,0.0,16.0,687.6064626935747,177.4695394065561
P07T09,Other,1060.37,263.003,762.596,666.543,0.0,0.0,14.0,716.0489205925741,193.63284873016104
P07T09,Other,1056.38,304.203,835.09,682.225,0.0,0.0,14.0,688.3822380666793,179.94778926001132
P07T09,Other,1015.32,286.538,846.822,654.859,1058.47,603.972,14.0,715.9552634050074,194.87637200558706
P07T09,Other,964.411,261.101,833.128,625.492,1042.8,631.338,12.0,718.1647791618454,195.83849606998254
P07T09,RElbow,929.06,233.622,805.657,576.489,1097.63,515.732,11.0,689.4588872395182,180.69782534907324
P07T09,MidHip,897.769,210.03,760.675,523.538,1121.12,525.484,10.0,719.5111762484595,198.91573413120668
P07T09,MidHip,880.132,184.665,803.742,498.155,1142.66,413.85,12.0,689.5780556439125,181.83747709373074
P07T09,MidHip,870.302,131.761,707.766,421.745,1046.7,431.562,10.0,722.2654186855241,199.61294395718093
P07T09,MidHip,870.464,102.327,735.156,390.379,1052.53,400.183,10.0,692.1216096072591,183.3802113833818
P07T09,MidHip,886.077,74.9247,764.574,364.885,1072.15,386.453,9.0,724.3331425040635,200.6624344224358
P07T09,MidHip,899.688,45.5825,788.086,333.553,1103.49,351.13,10.0,693.5953976356495,184.15876344538154
P07T09,MidHip,913.394,35.7161,823.303,308.122,1097.6,372.729,9.0,724.7717102782667,201.46472845813534
P07T09,MidHip,917.483,23.9994,823.312,284.539,1078.03,337.494,11.0,694.9819559663979,186.5263891460925
P07T09,MidHip,0.0,0.0,803.74,274.789,1025.11,208.194,9.0,725.9101727793623,203.44486753272332
P07T09,MidHip,919.331,18.076,784.126,278.717,1066.28,294.387,6.0,696.4808090549523,187.3831846209805
P07T09,MidHip,917.477,21.9292,790.011,276.737,1056.47,292.434,9.0,727.790620261902,204.84947558932012
P07T09,MidHip,919.381,18.0973,807.68,263.052,1068.22,306.115,9.0,697.5641996590133,188.97395303567805
P07T09,MidHip,919.387,5.33816,819.408,257.122,1066.28,321.788,6.0,728.6866925827292,206.15640873278656
P07T09,MidHip,919.405,5.34317,842.962,241.397,0.0,0.0,6.0,698.3935874773636,189.20371262956795
P07T09,MidHip,915.385,14.1938,833.134,229.728,0.0,0.0,10.0,729.9856607859581,207.56417503451937
P07T09,MidHip,903.673,37.758,829.219,243.448,0.0,0.0,5.0,699.4329440494847,190.18020641678027
P07T09,MidHip,899.74,69.0214,799.804,272.754,0.0,0.0,6.0,730.879584929026,210.43821324552272
P07T09,MidHip,899.789,92.588,797.88,308.114,0.0,0.0,5.0,700.6408683133652,190.87121846962114
P07T09,MidHip,901.716,127.838,805.676,351.18,0.0,0.0,11.0,733.66571169499,212.25378639046565
P07T09,MidHip,886.03,133.807,829.216,329.641,1093.71,398.223,5.0,701.0319931339031,191.59406124519901
P07T09,MidHip,868.318,163.074,815.492,380.541,1011.4,590.195,9.0,733.196458091267,215.66300561930876
P07T09,MidHip,848.769,182.702,750.855,427.537,1001.62,609.787,9.0,701.0558772352967,192.24861216455886
P07T09,Neck,841.049,172.885,750.881,396.239,978.054,597.996,5.0,732.26168664739,217.44859500725795
P07T09,MidHip,860.524,143.52,772.419,364.856,1078.03,404.071,5.0,702.7587741053298,194.3937066651581
P07T09,MidHip,854.708,129.747,774.311,351.165,1083.9,372.764,6.0,734.0073368081977,218.44210593105805
P07T09,MidHip,852.747,114.106,776.299,337.54,1052.53,417.786,5.0,702.5743331608437,195.11666770065432
P07T09,MidHip,854.621,104.327,770.424,335.504,0.0,0.0,5.0,732.9755285208244,218.75818758724634
P07T09,MidHip,860.595,106.294,776.298,337.41,0.0,0.0,10.0,702.2253036778965,196.08490841538517
P07T09,MidHip,868.483,117.969,813.521,333.55,1089.76,380.552,8.0,733.2078470600165,219.29065835362985
P07T09,MidHip,876.194,129.755,793.948,353.187,0.0,0.0,6.0,702.1678551514324,196.83968271777113
P07T09,MidHip,868.449,145.441,768.497,378.629,0.0,0.0,6.0,733.8618379515923,219.5859280020995
P07T09,MidHip,864.484,163.063,782.178,394.238,0.0,0.0,10.0,701.8058037235407,196.33848390550867
P07T09,MidHip,864.479,180.709,750.836,427.59,1038.83,517.718,6.0,731.7563768314608,219.98334302981527
P07T09,MidHip,852.812,190.496,742.976,419.737,985.94,537.293,9.0,702.1945104516458,196.07075714389654
P07T09,MidHip,835.101,178.683,731.28,400.1,954.596,523.606,8.0,731.4144419213977,220.03831907001333
P07T09,MidHip,819.387,165.088,723.425,382.494,925.224,513.791,9.0,701.755082736179,196.20973254528224
P07T09,LElbow,799.844,161.115,727.32,364.871,927.181,490.256,8.0,731.5931863983096,219.86255988145695
P07T09,MidHip,786.109,157.215,727.315,351.114,952.611,464.826,9.0,700.538824371474,196.694206712164
P07T09,MidHip,776.316,149.358,711.634,341.418,952.617,429.547,8.0,731.7516995491939,221.0740741061812
P07T09,MidHip,776.261,149.496,699.906,351.148,952.63,431.482,9.0,700.2148096008202,197.02974446770008
P07T09,Neck,774.28,151.397,697.943,355.107,944.82,486.33,9.0,731.4299849194633,221.0231761261317
P07T09,Neck,764.583,153.289,715.564,349.244,0.0,0.0,10.0,699.9420622879007,196.85071556301708
P07T09,Neck,764.57,163.044,707.717,368.869,995.707,429.583,9.0,731.4816645419162,221.64769913605807
P07T09,MidHip,770.441,178.784,713.671,400.163,1027.07,388.428,10.0,700.7270411865711,196.78878832800606
P07T09,MidHip,780.246,210.121,727.349,431.548,1038.81,394.287,10.0,730.7837882385527,220.41518432005765
P07T09,MidHip,790.096,245.45,729.296,478.549,1019.23,529.464,10.0,700.5008825827002,196.6559857033965
P07T09,MidHip,801.798,278.686,713.653,509.889,1058.43,417.788,10.0,731.1597944600182,221.60440141478554
P07T09,MidHip,807.694,304.109,666.603,564.718,1072.15,500.082,10.0,701.2068938671589,196.1631048948459
P07T09,Neck,837.099,313.981,744.952,539.283,1076.06,464.806,10.0,730.8393351822824,221.8203694124808
P07T09,Neck,850.7,306.07,731.236,541.215,1021.17,609.781,10.0,701.4673505225253,196.7020032998456
P07T09,Neck,858.58,296.303,741.044,539.211,0.0,0.0,12.0,732.2184711786631,221.5885316521644
P07T09,MidHip,886.008,288.405,748.883,539.255,1072.15,466.782,11.0,701.7558397334901,197.01373315714918
P07T09,MidHip,903.622,251.296,723.416,529.472,1089.81,586.255,10.0,732.7798234952706,223.1854529227845
P07T09,Neck,948.705,229.788,752.783,529.471,1156.39,599.942,11.0,701.4430054471043,196.75820869007532
P07T09,Neck,995.782,215.984,799.835,523.588,1199.49,617.674,12.0,731.9966854127201,221.5102626242044
P07T09,Neck,1056.48,206.238,833.132,525.524,0.0,0.0,13.0,701.661856668816,196.68704643698177
P07T09,MidHip,1060.39,180.687,825.273,527.481,1189.69,684.219,12.0,732.6007153361924,221.10203718290504
P07T09,RElbow,1046.71,149.391,0.0,0.0,0.0,0.0,16.0,702.3525848760298,197.9693422472291
P07T09,RElbow,1056.47,133.713,889.933,570.596,0.0,0.0,15.0,734.0400067498011,221.85393088036025
P07T09,MidHip,1083.89,121.94,917.411,592.15,0.0,0.0,11.0,703.2595459630232,196.2074933108016
P07T09,MidHip,1103.44,116.057,0.0,0.0,1215.14,666.624,11.0,733.2512142437984,221.3633903442159
P07T09,MidHip,1105.46,106.29,0.0,0.0,0.0,0.0,12.0,704.0772500243295,196.85259415140084
P07T09,MidHip,1113.29,131.752,0.0,0.0,0.0,0.0,13.0,734.9717066515573,220.4059207649867
P07T09,Other,1109.37,180.743,946.75,662.704,0.0,0.0,11.0,704.3703713774648,196.5984903614146
P07T09,Other,1115.28,227.734,0.0,0.0,0.0,0.0,13.0,735.4616624633338,219.43759937707742
P07T09,Other,1103.41,259.041,901.721,678.35,0.0,0.0,12.0,705.2465887241827,196.71775767483965
P07T09,Other,1060.4,272.828,0.0,0.0,0.0,0.0,11.0,737.6426637356439,221.093127505597
P07T09,Other,1034.92,306.065,0.0,0.0,0.0,0.0,15.0,705.5742846471387,196.25956002811074
P07T09,Other,991.849,337.412,703.852,699.895,0.0,0.0,12.0,705.4335849228469,196.69450632171393
P07T09,Other,933.122,325.682,650.916,652.878,1056.46,621.555,9.0,738.6378243810033,220.24474088246734
P07T09,Other,884.065,304.081,631.325,619.59,0.0,0.0,10.0,739.4810220570093,220.03617919551473
P07T09,MidHip,852.764,286.467,627.393,574.565,1013.43,529.506,6.0,705.2746350435018,195.89989068545947
P07T09,Neck,835.057,272.906,637.187,584.319,1007.51,562.761,5.0,704.556732254038,196.40415168334016
P07T09,Neck,817.419,266.915,643.126,556.858,1001.59,564.718,7.0,739.0367948777716,219.2182340632767
P07T09,Neck,821.406,264.968,668.612,558.85,995.72,570.615,9.0,704.4123683370985,196.0612628138986
P07T09,Neck,840.981,276.7,701.848,570.613,0.0,0.0,10.0,740.719394585602,219.7871862777437
P07T09,Neck,854.787,288.561,715.559,562.791,0.0,0.0,10.0,703.905180748501,195.65118854765953
P07T09,MidHip,864.446,292.39,713.592,547.085,1023.12,560.807,9.0,738.924472431741,219.65078250055376
P07T09,Other,874.264,308.048,725.384,547.087,1058.38,535.354,10.0,703.3561581774272,195.02453958986075
P07T09,Neck,886.015,319.861,735.161,554.863,0.0,0.0,11.0,740.1923733491312,219.49406001314196
P07T09,Other,901.697,337.396,754.756,586.317,0.0,0.0,11.0,701.7555174024664,194.7602219920626
P07T09,Other,917.46,355.154,786.106,600.005,1177.92,586.216,13.0,739.2041354716982,216.9735582501021
P07T09,Other,933.074,353.232,805.739,621.529,1226.87,562.773,13.0,700.6598715402852,194.2971837484551
P07T09,Other,948.822,347.259,768.499,615.616,0.0,0.0,12.0,739.3399193688196,215.59398925916858
P07T09,Other,970.274,310.03,788.021,600.004,0.0,0.0,14.0,697.9774420866809,194.30946252937542
P07T09,Other,993.666,272.894,862.521,541.255,0.0,0.0,12.0,739.1712314172457,213.4801244864328
P07T09,RElbow,997.696,225.792,815.516,509.81,0.0,0.0,12.0,694.6651305218422,194.53417835853386
P07T09,RElbow,997.717,176.804,864.473,447.228,0.0,0.0,11.0,738.1990472947182,212.14537990652772
P07T09,Neck,991.785,131.828,934.996,388.406,0.0,0.0,11.0,692.9530485898043,196.32590254062566
P07T09,RElbow,993.804,98.4153,854.708,384.483,1011.37,701.863,10.0,736.4474242708407,211.47617979647416
P07T09,MidHip,995.824,67.1131,946.732,319.771,980.016,645.065,9.0,689.4639159567255,196.44879580578504
P07T09,MidHip,1009.43,41.619,880.146,335.528,1042.81,570.617,11.0,746.9568362688381,220.06725058583115
P07T09,RElbow,1023.09,37.6883,0.0,0.0,1107.4,509.843,11.0,689.3929129174,213.45854981970788
P07T09,LElbow,1038.85,39.6674,0.0,0.0,1205.34,478.523,10.0,737.8923765316359,220.94389808385117
P07T09,RElbow,1044.7,45.5655,993.818,310.062,1150.49,529.477,9.0,697.833208093924,213.18418874664053
P07T09,MidHip,1050.61,65.131,0.0,0.0,0.0,0.0,11.0,748.9127229569792,229.49629462364862
P07T09,MidHip,1048.64,84.7449,1001.62,349.241,1156.39,588.273,10.0,705.2894097791931,222.5121304546717
P07T09,RElbow,1027.18,106.331,976.129,384.456,1174.04,668.567,9.0,758.4556508903428,237.6278342488355
P07T09,RElbow,1021.24,135.732,889.955,441.265,1172.05,697.978,9.0,713.1867735556032,223.05896200478918
P07T09,RElbow,1013.43,165.047,866.421,462.924,1150.55,715.596,11.0,749.565001506975,238.66510282124855
P07T09,MidHip,1011.45,196.408,854.673,490.27,0.0,0.0,7.0,720.7490131230977,232.57331046292862
P07T09,Neck,980.035,268.897,844.885,523.511,0.0,0.0,11.0,733.327047977365,241.19062644551104
P07T09,MidHip,952.682,292.426,835.104,525.494,0.0,0.0,11.0,720.6937542380563,232.84680821646631
P07T09,Neck,932.976,306.09,852.73,523.646,0.0,0.0,6.0,708.8605233159037,244.68825014625168
P07T09,Neck,927.122,317.856,821.384,537.26,0.0,0.0,11.0,721.2900419483599,233.86230349669052
P07T09,Neck,917.328,319.84,809.647,541.189,0.0,0.0,11.0,733.4398583901481,287.6578782042566
P07T09,Neck,909.55,319.76,801.8,554.971,1130.91,698.046,10.0,729.5405877188248,243.56441308800655
P07T09,Neck,905.665,315.913,793.973,552.98,1154.41,666.552,9.0,685.5289831607057,263.8730891875039
P07T09,RElbow,903.662,300.268,793.943,541.191,0.0,0.0,10.0,665.9375357476789,199.98454189020777
P07T09,Neck,903.704,308.13,791.986,545.151,0.0,0.0,11.0,653.3630664138178,262.3703142320641
P07T09,Neck,901.706,310.018,788.078,551.007,0.0,0.0,12.0,687.3626399388799,212.87840667500103
P07T09,Neck,913.426,325.75,837.06,572.584,0.0,0.0,14.0,698.8639664509855,410.3172586799265
P07T09,Neck,919.35,349.224,0.0,0.0,0.0,0.0,15.0,686.1320335879014,212.81523818879128
P07T09,Neck,938.914,362.899,0.0,0.0,0.0,0.0,16.0,708.8352073755889,453.2958985145343
P07T09,Neck,946.782,413.842,715.617,682.273,0.0,0.0,15.0,662.0571111222832,196.26476904757234
P07T09,Other,944.824,433.513,727.352,715.608,0.0,0.0,16.0,687.5014857842497,490.10476999950083
P07T09,Neck,952.625,464.806,0.0,0.0,0.0,0.0,17.0,672.1244509174032,198.35989716475478
P07T09,Other,974.158,533.409,0.0,0.0,0.0,0.0,17.0,652.2324570571109,512.7072754406731
P07T09,Other,1025.1,525.581,0.0,0.0,0.0,0.0,18.0,671.5917499191851,190.58654000288925
P07T09,Other,1105.49,523.606,0.0,0.0,0.0,0.0,17.0,613.0643540191642,546.6601383777305
P07T09,Other,1146.59,480.523,0.0,0.0,0.0,0.0,17.0,667.6327832024756,175.72143044336315
P07T09,Other,1119.23,462.848,0.0,0.0,0.0,0.0,17.0,587.4979201987902,561.3037634881164
P07T09,Other,1091.71,449.175,0.0,0.0,0.0,0.0,16.0,667.7566867940401,179.61098887912587
P07T09,Other,1074.15,400.164,0.0,0.0,0.0,0.0,16.0,591.7361047359143,582.0716112068715
P07T09,Other,1056.39,323.727,0.0,0.0,0.0,0.0,16.0,602.0953859884806,610.0005867913133
P07T09,Other,1072.09,284.581,0.0,0.0,1179.91,664.63,15.0,667.536582499316,179.6838302916772
P07T09,RElbow,1089.84,249.306,0.0,0.0,0.0,0.0,16.0,705.4127995328088,186.35189392901054
P07T09,Other,1089.76,270.825,0.0,0.0,0.0,0.0,16.0,665.2110540631502,174.28565832889544
P07T09,Other,1042.77,288.398,0.0,0.0,1166.2,617.61,13.0,702.4030305881296,184.15243876926982
P07T09,Neck,999.651,270.804,744.93,670.521,0.0,0.0,12.0,663.2139123156671,172.19155298944688
P07T09,Neck,978.189,257.13,0.0,0.0,0.0,0.0,15.0,701.440733089212,185.93887322376122
P07T09,Neck,964.468,268.85,776.347,715.612,0.0,0.0,14.0,662.0357645187996,171.52479942268303
P07T09,Neck,930.99,272.834,827.258,715.613,0.0,0.0,14.0,710.3842019591077,184.80695942328785
P07T09,Neck,911.514,272.877,0.0,0.0,0.0,0.0,15.0,660.1628332629527,169.00150612730874
P07T09,Neck,895.787,251.248,0.0,0.0,0.0,0.0,16.0,700.9048362222964,185.65857203231454
P07T09,Neck,907.585,247.345,0.0,0.0,0.0,0.0,15.0,657.9221901790992,168.45495279278137
P07T09,Neck,915.463,259.162,0.0,0.0,0.0,0.0,15.0,692.801126344722,177.15286202442437
P07T09,Neck,907.595,261.103,852.708,668.618,0.0,0.0,14.0,656.7469163669323,166.83285914193735
P07T09,Neck,886.035,288.504,807.665,715.618,0.0,0.0,14.0,691.6503785860973,174.77491026364763
P07T09,Neck,870.277,292.407,0.0,0.0,0.0,0.0,15.0,655.5848745838466,165.49324451681647
P07T09,Neck,878.157,284.542,0.0,0.0,0.0,0.0,15.0,689.6052958514597,174.1492454003874
P07T09,Neck,897.814,296.307,0.0,0.0,0.0,0.0,15.0,654.9820164019359,165.11655084545382
P07T09,Neck,929.079,321.828,0.0,0.0,0.0,0.0,16.0,687.2526107349354,172.3837939356349
P07T09,Neck,952.662,319.756,0.0,0.0,0.0,0.0,15.0,654.6406195055247,164.59847641851687
P07T09,Neck,960.44,286.486,0.0,0.0,0.0,0.0,15.0,685.5380605421533,171.92021141083953
P07T09,Neck,958.476,257.164,0.0,0.0,0.0,0.0,16.0,653.0613900383213,164.29205411643363
P07T09,Neck,960.509,243.46,0.0,0.0,0.0,0.0,16.0,684.3051453846092,172.94693317051062
P07T09,Neck,948.758,245.433,0.0,0.0,0.0,0.0,16.0,652.5174601722808,163.5336980454522
P07T09,Neck,913.415,251.274,0.0,0.0,0.0,0.0,15.0,684.1663515111613,172.79315077851908
P07T09,Neck,897.779,243.495,0.0,0.0,0.0,0.0,15.0,651.4393909607356,162.4855886231257
P07T09,Neck,876.206,247.355,0.0,0.0,0.0,0.0,15.0,682.1963897621929,172.76291483140224
P07T09,LElbow,842.912,259.073,0.0,0.0,0.0,0.0,15.0,650.7750376715502,161.4212594282346
P07T09,LElbow,809.59,276.757,0.0,0.0,0.0,0.0,15.0,682.0965122363625,173.14421694183667
P07T09,Neck,788.085,308.141,0.0,0.0,0.0,0.0,15.0,649.5245241786567,160.11165498564517
P07T09,LElbow,776.347,349.238,0.0,0.0,0.0,0.0,15.0,681.6562124397328,172.238917043836
P07T09,Neck,776.247,384.508,0.0,0.0,0.0,0.0,16.0,648.7809884044841,159.11252137954253
P07T09,Neck,760.581,421.734,0.0,0.0,0.0,0.0,16.0,681.0466605334967,170.90093349502922
P07T09,Neck,723.391,437.363,0.0,0.0,0.0,0.0,16.0,647.6786352778907,157.440187883915
P07T09,Other,651.015,460.857,0.0,0.0,0.0,0.0,17.0,678.96054053556,170.37815987651905
P07T09,Other,574.489,478.527,0.0,0.0,0.0,0.0,17.0,647.6480669309533,157.1659625422693
P07T09,Other,503.984,476.496,0.0,0.0,0.0,0.0,18.0,678.0105968614018,169.28286014776882
P07T09,Other,445.145,460.922,0.0,0.0,0.0,0.0,18.0,646.4468799493548,155.63770077557527
P07T09,Other,406.027,458.907,0.0,0.0,0.0,0.0,17.0,676.8385097181134,167.9428365232162
P07T09,Other,398.256,458.954,0.0,0.0,0.0,0.0,18.0,646.1323663344068,153.7061152904946
P07T09,Other,415.778,453.086,0.0,0.0,0.0,0.0,16.0,674.5808519504333,166.94181252154274
P07T09,Other,431.432,445.203,0.0,0.0,0.0,0.0,16.0,644.8798245821538,151.975902213414
P07T09,Other,433.433,427.611,0.0,0.0,0.0,0.0,15.0,674.0044139118738,166.2049219882301
P07T09,Other,427.584,398.154,0.0,0.0,0.0,0.0,16.0,645.0889536712886,151.95862051403637
P07T09,Other,408.019,355.136,0.0,0.0,0.0,0.0,16.0,674.2617085511276,164.53359798874567
P07T09,Other,382.606,341.428,323.79,715.626,0.0,0.0,14.0,644.4637145335262,150.8462806612547
P07T09,Other,360.95,353.12,0.0,0.0,0.0,0.0,15.0,672.3465683549905,162.04991176515273
P07T09,Other,339.444,380.547,0.0,0.0,0.0,0.0,16.0,644.6864965516072,148.7460360632359
P07T09,Other,339.443,398.111,0.0,0.0,0.0,0.0,16.0,672.4663654082935,161.45956846921766
P07T09,Other,355.161,413.904,0.0,0.0,0.0,0.0,16.0,645.1692908714392,147.3034606772471
P07T09,Other,372.717,429.515,0.0,0.0,848.783,715.626,15.0,674.0671388847976,158.36662794712421
P07T09,Other,427.559,429.592,0.0,0.0,995.813,623.509,15.0,645.130162718933,145.56392435222338
P07T09,Other,445.187,435.406,0.0,0.0,0.0,0.0,16.0,673.8173409547842,155.49348931597214
P07T09,Other,466.793,447.153,0.0,0.0,1017.31,564.753,15.0,645.1669857893011,143.61991972226673
P07T09,Other,505.915,447.152,0.0,0.0,1034.9,572.567,14.0,674.4852194569066,152.62342458281964
P07T09,Other,552.894,460.886,0.0,0.0,1070.2,568.61,14.0,645.6751686681994,140.64679758152351
P07T09,Other,599.975,462.906,0.0,0.0,1072.14,505.931,14.0,646.660648563086,138.67463243481947
P07T09,Nose,648.989,464.85,0.0,0.0,1029.07,462.893,14.0,676.3579677734717,149.525326368326
P07T09,Nose,686.241,472.606,0.0,0.0,0.0,0.0,15.0,647.679298479582,136.18806608878128
P07T09,Nose,707.721,460.902,507.963,715.616,1095.65,666.602,13.0,677.723489220811,146.10339120297417
P07T09,Other,697.885,429.507,519.674,697.958,1052.54,601.971,13.0,678.7011782772615,143.74246353903263
P07T09,Other,686.232,406.021,570.583,697.937,1009.43,601.997,13.0,648.1651305765838,134.3353622113115
P07T09,Nose,695.901,398.174,511.873,648.943,1009.39,584.297,13.0,679.2958606063365,139.04738413896143
P07T09,Nose,709.675,398.184,525.553,650.98,1034.94,545.146,12.0,648.4568465044058,132.32764697486687
P07T09,Nose,721.437,400.115,525.574,664.634,1060.39,511.86,10.0,678.7546394161621,133.82491812221383
P07T09,Other,735.138,400.113,509.856,682.247,1103.46,492.211,10.0,648.6441816854369,130.103655510641
P07T09,Nose,745.058,398.137,507.965,668.56,1038.84,556.846,10.0,689.8555496277852,149.26308348249484
P07T09,Nose,760.585,398.23,552.975,680.289,1136.77,509.871,11.0,656.4553950130482,138.05273279604216
P07T09,Nose,772.321,409.977,539.257,666.673,0.0,0.0,11.0,694.6177596774876,190.1727620868546
P07T09,Nose,774.406,423.66,525.603,692.099,0.0,0.0,14.0,655.3152805974638,145.08165660029672
P07T09,Nose,786.063,447.179,0.0,0.0,0.0,0.0,15.0,1262.4643362356592,457.25763611363425
P07T09,Nose,792.007,476.538,0.0,0.0,0.0,0.0,15.0,132.07939985040468,715.3375800733329
P07T09,Nose,821.416,488.293,0.0,0.0,0.0,0.0,16.0,1262.4643362356592,457.25763611363425
P07T09,Other,841.027,500.062,0.0,0.0,0.0,0.0,17.0,132.07939985040468,715.3375800733329
P07T09,Other,1228.84,460.822,1211.24,533.386,1230.87,539.334,0.0,561.8088961655624,-275.0616777819985
P07T09,Other,938.909,447.217,0.0,0.0,0.0,0.0,17.0,1262.4643362356592,457.25763611363425
P07T09,Other,974.162,398.157,0.0,0.0,0.0,0.0,17.0,563.0890206947334,-232.77787172539317
P07T09,Neck,993.837,333.558,0.0,0.0,0.0,0.0,16.0,1262.4643362356592,457.25763611363425
P07T09,LElbow,1076.03,308.084,0.0,0.0,0.0,0.0,16.0,575.3644623090828,-233.03003042749557
P07T09,LElbow,1132.89,290.52,0.0,0.0,0.0,0.0,16.0,1262.4643362356592,457.25763611363425
P07T09,LElbow,1130.89,237.538,0.0,0.0,0.0,0.0,17.0,572.4274995479213,-232.4732061014461
P07T09,Neck,1089.81,204.241,0.0,0.0,0.0,0.0,16.0,1262.4643362356592,457.25763611363425
P07T09,RKnee,1232.86,460.85,1211.17,519.669,1226.95,525.492,3.0,570.7266358874261,-231.42294380577164
P07T09,RKnee,1222.96,466.756,1191.62,527.533,1213.2,537.309,0.0,1262.4643362356592,457.25763611363425
P07T09,Neck,964.347,351.178,464.824,666.641,0.0,0.0,12.0,545.5317330877575,-176.35331541246688
P07T09,RKnee,1236.71,456.931,1203.42,511.879,1226.91,523.551,0.0,1262.4643362356592,457.25763611363425
P07T09,Nose,899.787,384.453,474.551,584.274,917.429,715.584,11.0,534.1370033759276,-153.78238643400329
P07T09,RKnee,1215.24,456.973,1181.88,517.717,1199.47,523.587,0.0,1262.4643362356592,457.25763611363425
P07T09,RKnee,1211.19,449.21,1177.92,521.648,1197.54,525.494,0.0,731.2748948900796,-261.09545010990166
P07T09,RElbow,1213.21,458.894,1179.92,523.543,1199.5,527.547,0.0,1262.4643362356592,457.25763611363425
P07T09,RKnee,1219.07,462.822,1183.91,525.607,1207.35,535.302,0.0,716.7872055579264,-263.6099640552833
P07T09,Nose,817.488,411.924,509.899,609.777,962.411,715.62,9.0,1262.4643362356592,457.25763611363425
P07T09,Nose,829.206,366.892,533.402,615.621,987.867,715.615,10.0,715.7678859601076,-240.12370943294107
P07T09,RKnee,1248.51,439.307,1215.25,496.201,1244.54,502.045,1.0,1262.4643362356592,457.25763611363425
P07T09,RKnee,1250.42,437.368,1219.08,498.088,1244.6,498.148,0.0,716.307819490785,-241.08032589274515
P07T09,Neck,854.669,302.225,554.926,619.577,1089.76,660.693,9.0,-128000.0,72000.0
P07T09,Neck,848.769,280.682,554.977,590.213,1134.82,572.598,9.0,811.7259025708713,-253.5016114659952
P07T09,Neck,833.093,270.834,547.083,558.856,1054.49,605.871,6.0,-128000.0,72000.0
P07T09,Neck,821.324,272.741,554.856,556.968,1046.66,578.469,9.0,813.300352907947,-255.90104399795547
P07T09,Neck,817.406,308.106,556.957,578.462,1197.56,584.311,9.0,-128000.0,72000.0
P07T09,Neck,819.357,315.944,551.014,558.857,1187.73,686.204,9.0,820.8136899572478,-273.1833757845759
P07T09,Neck,821.326,313.988,556.985,574.536,0.0,0.0,11.0,-128000.0,72000.0
P07T09,Neck,829.216,339.443,566.705,582.332,0.0,0.0,14.0,814.3371408200537,-274.61544838238075
P07T09,Neck,821.355,335.581,572.596,556.838,0.0,0.0,12.0,128000.0,-72000.0
P07T09,Neck,805.602,321.844,574.566,541.192,0.0,0.0,12.0,743.3085089963813,-269.5828265646706
P07T09,Neck,756.761,288.534,645.063,509.893,0.0,0.0,10.0,-128000.0,72000.0
P07T09,RElbow,1183.89,456.987,1150.44,509.8,1172.03,511.854,2.0,756.8592777038239,-234.46497315390383
P07T09,Neck,774.415,272.825,664.67,496.199,933.002,715.611,9.0,-128000.0,72000.0
P07T09,Other,795.948,272.839,680.327,507.82,954.627,715.611,9.0,752.8342740324496,-212.65288147443837
P07T09,Other,1201.44,441.319,1168.14,494.272,1193.6,496.144,1.0,-128000.0,72000.0
P07T09,Other,821.276,272.762,682.324,503.971,1001.6,666.669,9.0,765.9763314497303,-240.30824648348758
P07T09,Other,821.426,272.843,695.962,505.907,1021.2,658.772,9.0,-128000.0,72000.0
P07T09,Other,827.247,278.678,711.688,509.898,1042.8,635.256,9.0,767.8579966219853,-258.42177285196914
P07T09,Neck,837.135,288.539,725.397,523.631,1087.84,621.535,9.0,-128000.0,72000.0
P07T09,Neck,846.805,306.048,744.992,543.208,1107.4,619.603,9.0,766.0007655597032,-285.521834047542
P07T09,Neck,850.783,323.771,746.906,574.53,1132.9,621.571,9.0,-128000.0,72000.0
P07T09,Neck,852.72,337.529,748.876,598.06,1152.52,635.255,11.0,756.8902164252494,-273.54174655601213
P07T09,Neck,850.731,351.258,743.021,619.615,1164.21,695.975,11.0,-128000.0,72000.0
P07T09,Neck,850.75,366.912,737.144,635.345,1181.87,715.592,11.0,896.3325345909552,-211.3559976849149
P07T09,Neck,837.12,366.916,719.494,641.134,0.0,0.0,14.0,128000.0,72000.0
P07T09,Neck,821.368,366.907,707.741,637.188,0.0,0.0,14.0,710.8563016791784,-173.1675541703444
P07T09,Neck,795.928,339.416,686.189,603.878,0.0,0.0,11.0,1262.4643362356592,457.25763611363425
P07T09,MidHip,1121.11,364.888,1091.71,398.136,1115.25,419.728,1.0,1262.4643362356592,457.25763611363425
P07T09,Neck,793.984,306.201,690.129,556.872,0.0,0.0,14.0,726.8242469905106,-176.49946337662044
P07T09,Neck,788.07,325.729,652.906,574.556,0.0,0.0,14.0,735.3782530905928,-177.7964147962677
P07T09,Neck,758.705,323.778,650.888,574.517,0.0,0.0,14.0,1262.4643362356592,457.25763611363425
P07T09,Neck,758.714,308.09,654.868,556.923,956.581,715.622,11.0,870.40949747578,-245.96506541863317
P07T09,Neck,746.919,288.533,650.947,541.302,948.751,715.626,10.0,-128000.0,-72000.0
P07T09,MidHip,1070.21,333.588,1058.38,362.889,1072.08,362.906,1.0,-128000.0,-72000.0
P07T09,Neck,729.326,272.836,652.916,525.619,991.773,629.369,10.0,884.4194275791663,-251.6889544106255
P07T09,RKnee,1085.79,335.443,1076.11,360.942,1087.85,364.879,1.0,1262.4643362356592,457.25763611363425
P07T09,Neck,739.112,261.106,654.853,529.433,0.0,0.0,11.0,890.9620290690914,-255.68849702103176
P07T09,Neck,750.834,290.415,699.943,570.533,0.0,0.0,12.0,1262.4643362356592,457.25763611363425
P07T09,Neck,758.704,284.576,721.477,554.95,1091.74,701.883,10.0,907.6412032080602,-250.47379250493165
P07T09,Neck,762.596,259.153,733.239,543.159,0.0,0.0,11.0,1262.4643362356592,457.25763611363425
P07T09,Neck,758.655,245.457,723.408,543.149,0.0,0.0,11.0,918.7016033652235,-239.94857561124184
P07T09,Neck,748.859,243.508,684.266,554.947,0.0,0.0,11.0,1262.4643362356592,457.25763611363425
P07T09,Neck,729.32,274.804,650.96,588.264,0.0,0.0,14.0,928.2468332802036,-237.33751137337694
P07T09,Neck,711.578,317.911,648.976,617.678,0.0,0.0,15.0,-128000.0,-72000.0
P07T09,Neck,688.143,361.007,599.978,682.259,0.0,0.0,15.0,948.9379056701551,-236.39121906658508
P07T09,Neck,725.39,407.973,609.805,715.634,0.0,0.0,15.0,-128000.0,-72000.0
P07T09,Other,788.09,505.97,0.0,0.0,0.0,0.0,16.0,933.4522785834365,-228.7861252996534
P07T09,Other,766.532,556.86,0.0,0.0,0.0,0.0,16.0,-128000.0,-72000.0
P07T09,Other,842.934,715.624,0.0,0.0,0.0,0.0,18.0,941.2931879255603,-239.20151891364588
P07T09,Other,880.135,715.615,0.0,0.0,0.0,0.0,18.0,1262.4643362356592,457.25763611363425
P07T09,Other,891.94,680.367,0.0,0.0,0.0,0.0,19.0,950.0517597541468,-235.5509531669654
P07T09,Other,964.403,649.024,0.0,0.0,0.0,0.0,18.0,1262.4643362356592,457.25763611363425
P07T09,Other,964.422,682.328,0.0,0.0,0.0,0.0,17.0,953.1664161460178,-234.21872637819644
P07T09,Other,993.721,674.418,0.0,0.0,0.0,0.0,17.0,1262.4643362356592,457.25763611363425
P07T09,Other,1019.23,617.556,0.0,0.0,0.0,0.0,17.0,1007.3583457107818,-107.39105773901775
P07T09,Other,1019.28,537.26,0.0,0.0,0.0,0.0,17.0,1262.4643362356592,457.25763611363425
P07T09,Other,1025.12,458.915,0.0,0.0,0.0,0.0,17.0,1008.2011629345006,-101.91792796189162
P07T09,Neck,1005.54,358.989,0.0,0.0,0.0,0.0,16.0,1262.4643362356592,457.25763611363425
P07T09,Other,1042.76,349.252,0.0,0.0,0.0,0.0,16.0,1005.7080158087265,-46.86057020368143
P07T09,Other,1103.43,337.505,0.0,0.0,0.0,0.0,18.0,1262.4643362356592,457.25763611363425
P07T09,Other,1170.11,394.291,0.0,0.0,0.0,0.0,18.0,1009.9995190166696,-52.315402038120595
P07T09,Other,1177.94,398.212,0.0,0.0,0.0,0.0,20.0,511.33712687655634,-218.3578634367751
P07T09,Other,758.635,200.317,0.0,0.0,0.0,0.0,7.0,1013.7204817812133,-52.85250588738411
P07T09,Other,0.0,0.0,0.0,0.0,0.0,0.0,14.0,587.5228105801809,8.857751246451356
P07T09,Other,nan,nan,nan,nan,nan,nan,nan,945.3574562040285,-157.98229098543106
P07T09,Other,0.0,0.0,0.0,0.0,0.0,0.0,19.0,594.7842161442887,48.26261706670856
P07T09,Other,nan,nan,nan,nan,nan,nan,nan,980.0644369046604,-56.39744602016201
P07T09,Other,nan,nan,nan,nan,nan,nan,nan,732.118226697906,644.3621844868698
P07T09,Other,nan,nan,nan,nan,nan,nan,nan,989.2280900800017,-43.34965657550258
P07T09,Other,nan,nan,nan,nan,nan,nan,nan,1397.2452888111786,3548.364885435919
P07T09,Other,0.0,0.0,0.0,0.0,0.0,0.0,17.0,991.9308121914057,-45.61031515138211
P07T09,Other,792.065,39.7863,0.0,0.0,0.0,0.0,4.0,679.2792185009412,400.7228371727394
P07T09,Other,nan,nan,nan,nan,nan,nan,nan,995.2923304246328,-39.19136962663258
P07T09,Other,0.0,0.0,0.0,0.0,0.0,0.0,20.0,573.3221768674384,67.22897357695456
P07T09,Other,nan,nan,nan,nan,nan,nan,nan,990.9693886551772,-41.775373104289116
P07T09,Other,0.0,0.0,1226.91,631.312,1226.9,629.396,12.0,2902.8007211379004,6475.653972328339
P07T09,Other,0.0,0.0,0.0,0.0,0.0,0.0,14.0,955.6173775947634,-22.26969197531977
P07T09,Other,nan,nan,nan,nan,nan,nan,nan,4090.2468036095793,12194.888404580708
P07T09,Other,0.0,0.0,1142.65,539.176,0.0,0.0,22.0,922.2763899059373,-52.306903260231785
P07T09,Other,0.0,0.0,0.0,0.0,0.0,0.0,19.0,3831.6419017128787,10970.009802693725
P07T09,Other,1132.91,290.431,1105.42,306.065,1119.11,351.225,10.0,887.6455142050792,-57.21650587919862
P07T09,Other,1195.55,333.522,0.0,0.0,0.0,0.0,22.0,893.012359649361,-57.38706218385136
P07T09,Other,1027.03,325.714,976.1,380.593,0.0,0.0,11.0,4444.70128038805,14962.567471331067
P07T09,Other,999.645,306.241,942.824,366.776,972.215,374.718,9.0,919.183169674405,-47.20991856964356
P07T09,Other,980.156,304.068,919.312,359.028,954.625,378.612,9.0,1683.015166563967,4940.339343215292
P07T09,Other,982.074,296.303,931.044,364.872,964.375,368.889,4.0,903.355874180731,-51.332246007678144
P07T09,Other,978.08,292.373,917.338,355.103,960.484,380.532,7.0,2876.3902565919125,18718.397783413096
P07T09,Other,995.71,321.815,0.0,0.0,0.0,0.0,17.0,906.6921696131706,-44.75670937618148
P07T09,Other,962.454,304.215,0.0,0.0,0.0,0.0,17.0,3248.5236063693947,21526.47860341187
P07T09,Other,919.394,286.482,0.0,0.0,0.0,0.0,17.0,940.8637061286502,-33.29639066635149
P07T09,Other,917.322,274.778,0.0,0.0,0.0,0.0,17.0,-44.40890739490658,18082.33476780257
P07T09,Other,901.743,270.838,0.0,0.0,0.0,0.0,17.0,932.7409313619094,-36.09543055187936
P07T09,Other,872.353,249.323,0.0,0.0,0.0,0.0,17.0,-547.6127790236674,32963.383303314055
P07T09,Neck,833.154,235.602,0.0,0.0,0.0,0.0,17.0,935.8104974712859,-36.298078387311264
P07T09,Neck,805.737,225.73,0.0,0.0,0.0,0.0,17.0,-949.5697130959587,51302.23142537231
P07T09,Neck,791.994,225.844,0.0,0.0,0.0,0.0,17.0,914.1428024156837,-40.80698582808894
P07T09,Neck,760.629,237.532,0.0,0.0,0.0,0.0,17.0,-328.06988289653646,21873.10505422208
P07T09,Neck,715.644,249.317,0.0,0.0,0.0,0.0,17.0,918.3175354933,-40.865501763276534
P07T09,Neck,650.909,270.792,556.924,715.595,0.0,0.0,16.0,-1764.3736165700448,36419.532716535025
P07T09,Neck,580.426,263.049,0.0,0.0,0.0,0.0,17.0,944.418476384566,-30.010595238462958
P07T09,Neck,509.969,257.169,492.19,697.928,0.0,0.0,16.0,-2161.764529587073,43993.77955616183
P07T09,Neck,498.15,274.717,523.52,652.878,0.0,0.0,16.0,912.4682692581899,-22.696233054963333
P07T09,Neck,478.478,290.39,541.242,650.894,0.0,0.0,16.0,-3234.164299115713,41202.403237029066
P07T09,Neck,539.194,304.203,541.269,707.746,0.0,0.0,15.0,917.0707393546645,-16.470917601428745
P07T09,Neck,568.635,306.098,541.256,701.863,0.0,0.0,16.0,-1285.7869906454293,12739.295245272371
P07T09,Neck,623.535,262.999,566.701,674.425,0.0,0.0,16.0,926.8251858861247,-1.4177608685118057
P07T09,Neck,637.234,227.782,572.569,664.649,0.0,0.0,16.0,-655.5204754892662,6832.855213429219
P07T09,Neck,652.878,178.819,0.0,0.0,0.0,0.0,18.0,952.4135039487771,1.7391202272838502
P07T09,LKnee,617.565,92.5631,572.566,161.117,615.629,165.068,0.0,-679.3906913085249,6893.875369558241
P07T09,LKnee,586.205,88.669,547.09,149.487,580.388,153.354,0.0,968.5018999836814,11.84779976031165
P07T09,LKnee,572.638,70.9583,535.327,133.664,578.463,133.811,0.0,-647.948050042026,6563.799030296609
P07T09,LKnee,549.062,35.7203,507.888,98.434,562.78,120.017,0.0,977.7237580252549,12.951219889215189
P07T09,LElbow,519.66,5.35303,474.614,57.2886,543.191,88.7119,0.0,-1204.8717943285023,8850.487308488997
P07T09,Neck,1121.1,364.847,0.0,0.0,0.0,0.0,19.0,964.0959967490421,10.104305994972487
P07T09,Other,1087.87,421.739,0.0,0.0,0.0,0.0,20.0,331.29229238031417,1912.6391427891676
P07T09,Other,1152.52,505.892,0.0,0.0,0.0,0.0,22.0,991.4715834510724,15.532182061204585
P07T09,Other,1166.1,525.583,0.0,0.0,0.0,0.0,22.0,-2815.992119271821,15548.194291798914
P07T09,Other,1150.55,490.268,0.0,0.0,0.0,0.0,22.0,992.3942785768968,15.595451036580013
P07T09,Other,1138.76,527.548,0.0,0.0,0.0,0.0,22.0,-2422.7307876181594,14355.408169237684
P07T09,Other,1105.46,586.341,0.0,0.0,0.0,0.0,20.0,1010.6860006754596,19.469905281598855
P07T09,Other,1085.85,598.011,0.0,0.0,0.0,0.0,20.0,-2352.305923796388,13600.722962127056
P07T09,Other,1070.22,574.569,0.0,0.0,0.0,0.0,19.0,1012.4218569015857,19.73592586713651
P07T09,Other,1031.01,539.149,0.0,0.0,0.0,0.0,18.0,147.89319219011907,2391.978049496935
P07T09,Other,1011.35,492.245,0.0,0.0,0.0,0.0,18.0,976.698419039982,11.957287846344995
P07T09,Other,1003.55,486.34,0.0,0.0,0.0,0.0,19.0,-24.160656306770086,3367.316614637638
P07T09,Other,1025.16,525.502,0.0,0.0,0.0,0.0,19.0,974.6797317733303,11.43055044597558
P07T09,Other,1032.94,521.589,0.0,0.0,0.0,0.0,18.0,-1193.5060703537251,7098.3168098024835
P07T09,Other,1146.57,458.939,0.0,0.0,0.0,0.0,19.0,945.7049688644497,20.37746588530322
P07T09,Other,1056.46,435.404,0.0,0.0,0.0,0.0,21.0,-3024.338697362392,11768.317725835568
P07T09,Other,nan,nan,nan,nan,nan,nan,nan,132.07939985040468,715.3375800733329
P07T09,Other,nan,nan,nan,nan,nan,nan,nan,-2173.6093512349535,7551.476692318082
P07T09,Other,1226.92,268.9,0.0,0.0,0.0,0.0,21.0,952.6902923766124,20.588752618900827
P07T09,Other,nan,nan,nan,nan,nan,nan,nan,-3632.6791035345354,11602.38348736813
P07T09,Other,nan,nan,nan,nan,nan,nan,nan,962.7913566690027,22.579679339163047
P07T09,Other,nan,nan,nan,nan,nan,nan,nan,-3298.4312184528876,14554.162698781385
P07T09,Other,nan,nan,nan,nan,nan,nan,nan,980.1545738517024,26.101950659260442
P07T09,Other,nan,nan,nan,nan,nan,nan,nan,-1705.3883538375985,7638.062231883895
P07T09,Other,nan,nan,nan,nan,nan,nan,nan,1012.3210161585763,33.084329895435324
P07T09,Other,nan,nan,nan,nan,nan,nan,nan,-2832.4049680130256,10872.912914743165
P07T09,Other,nan,nan,nan,nan,nan,nan,nan,1020.2203416362295,34.974025522017
P07T09,Other,nan,nan,nan,nan,nan,nan,nan,-6300.351503847486,20671.74712935592
P07T09,Other,1189.69,368.768,0.0,0.0,0.0,0.0,22.0,1014.8437033901237,33.83705463915977
P07T09,Other,nan,nan,nan,nan,nan,nan,nan,-6946.346187214395,21516.200634385474
P07T09,Other,nan,nan,nan,nan,nan,nan,nan,1084.4991650099673,73.5651121261726
P07T09,Other,nan,nan,nan,nan,nan,nan,nan,-2566.1182486326943,8426.34427680205
P07T09,Other,nan,nan,nan,nan,nan,nan,nan,-7876.526466848116,20838.19283842006
P07T09,Other,nan,nan,nan,nan,nan,nan,nan,1084.3823250161245,72.26115607769486
P07T09,Other,nan,nan,nan,nan,nan,nan,nan,-128000.0,72000.0
P07T09,Other,nan,nan,nan,nan,nan,nan,nan,1102.3203984269187,77.73664823602908
P07T09,Other,1195.54,263.042,0.0,0.0,0.0,0.0,22.0,-128000.0,72000.0
P07T09,Other,1191.67,270.821,0.0,0.0,0.0,0.0,22.0,1139.9339794666364,89.5855100844892
P07T09,Other,1211.22,259.109,0.0,0.0,0.0,0.0,22.0,-128000.0,72000.0
P07T09,Other,1222.97,239.482,0.0,0.0,0.0,0.0,22.0,1105.890114085261,79.57028375406841
P07T09,Other,1205.37,165.09,0.0,0.0,0.0,0.0,22.0,-128000.0,72000.0
P07T09,Other,1217.1,149.473,0.0,0.0,0.0,0.0,20.0,1112.0580464523327,89.25195824827598
P07T09,LKnee,0.0,0.0,0.0,0.0,0.0,0.0,20.0,-128000.0,72000.0
P07T09,RKnee,0.0,0.0,0.0,0.0,0.0,0.0,20.0,132.07939985040468,715.3375800733329
P07T09,Other,nan,nan,nan,nan,nan,nan,nan,-128000.0,72000.0
P07T09,Other,nan,nan,nan,nan,nan,nan,nan,132.07939985040468,715.3375800733329
P07T09,Other,0.0,0.0,0.0,0.0,0.0,0.0,22.0,-128000.0,72000.0
P07T09,Nose,nan,nan,nan,nan,nan,nan,nan,132.07939985040468,715.3375800733329
P07T09,Nose,nan,nan,nan,nan,nan,nan,nan,-128000.0,72000.0
P07T09,Other,nan,nan,nan,nan,nan,nan,nan,132.07939985040468,715.3375800733329
P07T09,Other,nan,nan,nan,nan,nan,nan,nan,-128000.0,72000.0
P07T09,Other,nan,nan,nan,nan,nan,nan,nan,1095.2344190742406,78.85185726742795
P07T09,Other,nan,nan,nan,nan,nan,nan,nan,1262.4643362356592,457.25763611363425
P07T09,Other,nan,nan,nan,nan,nan,nan,nan,1120.0884267243528,94.20849136981235
P07T09,Other,nan,nan,nan,nan,nan,nan,nan,1262.4643362356592,457.25763611363425
P07T09,Nose,nan,nan,nan,nan,nan,nan,nan,1135.8526243057422,99.01908153697471
P07T09,Nose,nan,nan,nan,nan,nan,nan,nan,1262.4643362356592,457.25763611363425
P07T09,Other,nan,nan,nan,nan,nan,nan,nan,1102.733267526785,97.033892396159
P07T09,Other,nan,nan,nan,nan,nan,nan,nan,1262.4643362356592,457.25763611363425
P07T09,Other,nan,nan,nan,nan,nan,nan,nan,1143.3512374866536,117.05942589868813
P07T09,Other,nan,nan,nan,nan,nan,nan,nan,1262.4643362356592,457.25763611363425
P07T09,Other,nan,nan,nan,nan,nan,nan,nan,1171.27919555386,126.5202395339761
P07T09,Other,nan,nan,nan,nan,nan,nan,nan,1262.4643362356592,457.25763611363425
P07T09,Other,nan,nan,nan,nan,nan,nan,nan,132.07939985040468,715.3375800733329
P07T09,Other,nan,nan,nan,nan,nan,nan,nan,-128000.0,72000.0
P07T09,Other,nan,nan,nan,nan,nan,nan,nan,132.07939985040468,715.3375800733329
P07T09,Other,nan,nan,nan,nan,nan,nan,nan,1262.4643362356592,457.25763611363425
P07T09,Other,nan,nan,nan,nan,nan,nan,nan,132.07939985040468,715.3375800733329
P07T09,Other,nan,nan,nan,nan,nan,nan,nan,1262.4643362356592,457.25763611363425
P07T09,Other,nan,nan,nan,nan,nan,nan,nan,132.07939985040468,715.3375800733329
P07T09,Other,nan,nan,nan,nan,nan,nan,nan,1262.4643362356592,457.25763611363425
P07T09,Other,nan,nan,nan,nan,nan,nan,nan,132.07939985040468,715.3375800733329
P07T09,Other,nan,nan,nan,nan,nan,nan,nan,1262.4643362356592,457.25763611363425
P07T09,Other,nan,nan,nan,nan,nan,nan,nan,1218.0261530196829,148.17836720265748
P07T09,Other,nan,nan,nan,nan,nan,nan,nan,1262.4643362356592,457.25763611363425
P07T09,Other,nan,nan,nan,nan,nan,nan,nan,132.07939985040468,715.3375800733329
P07T09,Other,nan,nan,nan,nan,nan,nan,nan,1262.4643362356592,457.25763611363425
P07T09,Other,nan,nan,nan,nan,nan,nan,nan,132.07939985040468,715.3375800733329
P07T09,Other,nan,nan,nan,nan,nan,nan,nan,1262.4643362356592,457.25763611363425
P07T09,Other,nan,nan,nan,nan,nan,nan,nan,132.07939985040468,715.3375800733329
P07T09,Other,nan,nan,nan,nan,nan,nan,nan,1262.4643362356592,457.25763611363425
P07T09,Other,nan,nan,nan,nan,nan,nan,nan,132.07939985040468,715.3375800733329
P07T09,Other,nan,nan,nan,nan,nan,nan,nan,1262.4643362356592,457.25763611363425
P07T09,Other,nan,nan,nan,nan,nan,nan,nan,277.46676178262464,-174.7393487004749
P07T09,Other,nan,nan,nan,nan,nan,nan,nan,289.55083472930716,-180.8651462152068
P07T09,Other,nan,nan,nan,nan,nan,nan,nan,1262.4643362356592,457.25763611363425
P07T09,Other,nan,nan,nan,nan,nan,nan,nan,360.70440493602723,-205.7236167865736
P07T09,Other,nan,nan,nan,nan,nan,nan,nan,1262.4643362356592,457.25763611363425
P07T09,Nose,nan,nan,nan,nan,nan,nan,nan,364.2413367946566,-187.35863825833118
P07T09,Nose,nan,nan,nan,nan,nan,nan,nan,1262.4643362356592,457.25763611363425
P07T09,Nose,nan,nan,nan,nan,nan,nan,nan,327.92678725868404,-174.61521141613179
P07T09,Other,nan,nan,nan,nan,nan,nan,nan,1262.4643362356592,457.25763611363425
P07T09,Other,nan,nan,nan,nan,nan,nan,nan,315.08810806293843,-157.67192376840856
