P07T20,Other,725.399,331.594,645.028,523.614,813.553,511.839,8.0,215.72052676717448,79.38016964058691
P07T20,Other,725.307,329.651,643.082,523.608,805.772,517.739,8.0,192.6695928908784,71.7208473033777
P07T20,Other,721.494,327.655,641.153,521.613,805.699,517.696,8.0,216.12659275713622,79.22986349465964
P07T20,Other,719.537,325.729,639.189,521.589,807.597,513.814,8.0,194.34873755607458,71.77112777030585
P07T20,Other,717.559,325.685,637.218,521.657,803.728,513.811,8.0,215.9246410087639,79.20092979083607
P07T20,Other,713.723,323.8,635.213,519.662,795.908,515.743,8.0,192.7773404648245,71.34658426885947
P07T20,Other,711.697,323.769,631.325,521.553,797.877,509.956,8.0,214.99389393405238,78.92505571967266
P07T20,Other,707.763,323.737,627.417,519.653,788.067,515.759,8.0,192.6325194937419,71.64648828124086
P07T20,Other,709.674,323.786,629.402,519.656,790.096,519.63,8.0,215.34527579199914,78.93716136076884
P07T20,Other,725.379,327.651,652.924,525.523,809.653,523.579,8.0,191.94967228356256,71.81502418042099
P07T20,Other,758.714,325.744,682.224,523.573,852.67,513.778,8.0,215.2534925092781,79.1874180451575
P07T20,Other,795.877,321.797,713.61,515.748,886.05,519.641,8.0,192.07753458849723,72.29640940158856
P07T20,Other,823.396,317.808,758.669,525.494,927.159,509.895,8.0,215.19233810119988,80.1334316878184
P07T20,Other,842.916,308.085,760.628,509.854,936.977,507.863,8.0,192.24581592399306,71.67976853470759
P07T20,Other,846.809,304.217,760.708,507.841,940.867,494.21,8.0,214.368078569521,79.98285377098702
P07T20,Other,835.02,300.244,743.0,496.206,907.57,504.008,8.0,192.50508647968445,70.89255797904832
P07T20,Other,807.653,296.33,713.654,500.055,886.086,435.438,8.0,213.5058895113197,79.791754889533
P07T20,Other,776.246,302.165,688.131,509.947,839.03,439.356,8.0,192.968599926001,72.2288021770837
P07T20,Other,668.539,317.894,592.144,535.337,754.786,494.268,8.0,212.33780441815833,80.29246604288231
P07T20,Other,647.006,329.6,574.506,541.281,0.0,0.0,10.0,193.06744163971575,72.31636744986396
P07T20,Nose,629.349,339.512,556.874,558.831,760.672,453.034,8.0,212.99688173692147,80.2183214838431
P07T20,Nose,619.526,357.106,509.878,554.908,0.0,0.0,9.0,191.46932175046476,73.17542556971803
P07T20,Nose,615.591,368.791,509.951,554.965,705.807,554.883,8.0,212.35374030942916,80.04410934990051
P07T20,Other,613.665,372.746,541.217,570.547,707.723,556.9,8.0,191.01456855619472,74.47382868630777
P07T20,Other,615.584,378.574,541.172,572.652,699.918,556.9,10.0,212.3783864676853,80.19081792950645
P07T20,Nose,617.571,376.617,541.303,572.566,697.997,554.97,10.0,190.79016161694346,73.21005150850097
P07T20,Nose,617.675,370.838,539.311,572.517,699.948,560.826,9.0,211.6379315433893,80.61757811297389
P07T20,Nose,619.561,368.873,541.25,562.744,717.539,558.836,9.0,191.41345146022235,75.15223769729889
P07T20,Nose,617.521,366.882,537.312,564.757,711.629,547.084,8.0,211.0175244353233,80.84361670945052
P07T20,Neck,617.556,366.883,539.22,560.844,709.729,551.034,8.0,189.8120416653091,76.41978651897715
P07T20,Neck,617.592,366.875,541.203,560.84,705.76,556.862,8.0,212.12328805189725,80.67321298379241
P07T20,Nose,617.626,366.757,539.278,558.814,711.631,549.042,8.0,191.1614657438983,76.19907422191477
P07T20,Neck,619.516,362.958,541.212,556.904,711.62,552.988,8.0,226.4875885922827,88.88952204570617
P07T20,Neck,619.57,361.013,545.122,558.843,711.68,543.23,8.0,202.65915327768926,78.80688209843977
P07T20,Neck,619.596,360.999,545.134,556.953,711.631,547.122,8.0,261.74486336971285,89.11559935123844
P07T20,Neck,619.608,359.022,545.18,554.854,711.655,545.145,8.0,224.3644604446137,99.58733397066452
P07T20,Neck,619.614,357.03,541.236,543.165,709.683,549.04,8.0,276.94708094642954,112.85314745258621
P07T20,Neck,621.581,353.148,543.178,539.265,709.701,545.169,8.0,238.33487090136128,120.31960551857686
P07T20,Neck,623.547,353.062,547.125,541.162,711.615,545.14,8.0,237.00391190173787,151.62005862042182
P07T20,Neck,627.385,351.209,552.935,539.276,711.688,543.247,8.0,219.9983498200466,238.5567275299965
P07T20,Neck,629.37,351.161,547.077,539.22,711.698,545.145,8.0,255.73807095606273,227.90299886392285
P07T20,Neck,631.304,351.152,541.283,535.315,713.698,541.179,8.0,190.93461423416687,557.0810938739052
P07T20,Neck,629.343,351.092,541.287,535.321,713.554,541.209,8.0,190.93461423416687,557.0810938739052
P07T20,Neck,627.414,349.204,545.142,537.249,711.725,541.175,8.0,190.93461423416687,557.0810938739052
P07T20,Neck,625.494,347.248,543.211,533.388,713.555,541.18,8.0,190.93461423416687,557.0810938739052
P07T20,Neck,627.384,345.324,541.294,527.57,719.502,533.393,8.0,190.93461423416687,557.0810938739052
P07T20,Neck,629.369,345.31,554.936,537.271,715.57,535.357,8.0,190.93461423416687,557.0810938739052
P07T20,Neck,633.247,341.433,545.186,525.612,715.59,537.321,8.0,190.93461423416687,557.0810938739052
P07T20,Neck,633.299,341.43,554.847,527.545,725.324,533.408,8.0,190.93461423416687,557.0810938739052
P07T20,Neck,633.369,341.427,554.922,529.444,717.588,537.32,8.0,190.93461423416687,557.0810938739052
P07T20,Neck,635.217,341.408,556.85,531.435,721.494,533.373,8.0,176.91052922472795,237.0631632347229
P07T20,Neck,635.347,339.499,556.935,533.356,725.314,533.388,8.0,111.1594311618934,282.5706128449721
P07T20,Nose,637.286,339.486,558.845,535.348,727.354,533.369,8.0,75.37824839101928,323.37957053560297
P07T20,Neck,643.075,341.353,568.6,537.294,727.262,539.18,8.0,86.57529136948403,318.0722968387275
P07T20,Neck,648.859,339.467,568.606,535.3,735.151,533.364,8.0,81.3447994390408,319.25946715395384
P07T20,Nose,649.038,339.46,570.617,537.271,733.202,535.35,8.0,35.94655641882946,256.00786538118547
P07T20,Nose,650.987,341.423,570.637,539.246,743.053,527.503,8.0,41.064393799063396,269.2848705504042
P07T20,Neck,652.958,341.444,572.517,539.167,746.916,537.253,8.0,54.325061478106704,255.666823578009
P07T20,Neck,658.745,345.314,576.507,539.233,743.028,535.329,8.0,54.73360578771838,255.7526181103486
P07T20,Other,662.627,345.308,576.51,539.213,744.936,539.187,8.0,56.04259175737502,245.77709877653157
P07T20,Nose,664.588,347.254,586.265,541.26,746.975,535.333,8.0,76.92244243908931,241.31642960542038
P07T20,Nose,664.658,349.164,586.291,541.144,746.988,537.258,8.0,85.9179238323336,215.4735304185249
P07T20,Nose,664.699,349.177,584.281,539.243,754.768,537.262,8.0,91.91996376758459,215.09087570195973
P07T20,Other,664.683,349.191,586.245,541.184,754.729,533.373,8.0,127.0808214127293,216.21394581143127
P07T20,Other,664.68,349.186,586.338,541.143,756.677,533.389,8.0,145.2872722183639,215.06541264712692
P07T20,Other,666.539,351.154,592.18,543.22,758.616,533.379,8.0,162.9359566517869,211.15499757220607
P07T20,Other,666.535,351.212,590.25,541.318,754.799,535.353,8.0,176.63449297338207,206.35935744482776
P07T20,Other,664.712,351.206,588.274,541.177,756.727,535.323,8.0,174.60711453569604,205.95961336108508
P07T20,Other,664.624,351.221,588.264,539.334,758.633,535.308,8.0,180.25487461516968,205.55364645780355
P07T20,Other,664.586,351.228,586.286,539.313,758.685,535.317,8.0,186.0669689541969,206.78976727542693
P07T20,Other,662.658,351.195,586.308,541.247,756.742,529.487,8.0,190.30469696549852,205.598088507413
P07T20,Other,658.787,351.197,584.296,541.303,746.899,539.228,8.0,191.95491684598375,208.0016992167746
P07T20,Other,654.89,351.21,586.192,543.211,746.951,539.244,8.0,194.06848150159482,212.54342487275957
P07T20,Other,652.957,351.255,584.354,543.224,742.921,541.192,8.0,218.6037662469127,193.58520157945756
P07T20,Other,651.0,351.265,574.585,541.192,743.007,539.192,8.0,197.54943615013894,212.13479897672514
P07T20,Other,650.865,353.107,574.55,541.197,742.981,539.261,8.0,221.57690272799937,195.4377901626316
P07T20,Other,648.999,353.102,558.873,541.178,750.817,529.474,8.0,200.91799336156794,214.21010335792076
P07T20,Other,648.96,353.126,545.152,541.257,760.669,525.533,8.0,226.09767987733187,198.41315040981837
P07T20,Other,648.944,353.163,529.513,541.254,776.374,513.809,8.0,219.97389824140026,229.81643201476163
P07T20,Other,648.936,353.144,523.617,537.245,790.006,509.896,8.0,260.8788096528179,196.42653198112836
P07T20,Other,648.906,353.075,521.652,525.518,797.9,511.88,8.0,238.58505915323195,235.61784851003
P07T20,Other,647.047,351.226,509.956,509.917,801.796,505.941,8.0,315.7645004433271,180.61210844724087
P07T20,Other,648.861,351.186,509.839,507.893,795.898,496.168,8.0,250.0255276989841,233.77440856443852
P07T20,Other,647.015,351.118,541.157,533.358,797.859,494.157,8.0,358.5929623083176,187.18154088793398
P07T20,Other,647.011,351.103,513.811,486.337,780.261,492.147,8.0,215.29043210345952,263.4239212461344
P07T20,Other,647.022,351.074,543.185,539.287,786.094,488.321,8.0,312.81674415534576,192.46817856673394
P07T20,Other,647.052,349.23,556.946,547.078,746.937,492.215,8.0,190.93461423416687,557.0810938739052
P07T20,Other,648.956,349.235,603.999,494.278,713.587,494.133,8.0,1320.281406181859,503.3013774011721
P07T20,Other,650.862,349.25,629.387,492.209,676.391,478.603,8.0,190.93461423416687,557.0810938739052
P07T20,Other,650.991,349.161,627.42,494.137,680.396,478.607,8.0,246.99384705143297,217.93640839117066
P07T20,Other,652.971,347.238,619.557,498.143,682.353,482.495,8.0,203.17105716401028,261.98252014837493
P07T20,Other,656.817,347.213,629.341,505.883,695.974,492.326,8.0,1320.281406181859,503.3013774011721
P07T20,Other,660.717,347.241,617.62,511.84,707.756,504.019,8.0,193.5623338462771,262.84290161356836
P07T20,Other,666.589,341.404,598.018,562.773,752.834,549.04,8.0,230.25262063346077,108.39324448748796
P07T20,Other,668.534,339.422,586.278,572.549,772.339,539.281,8.0,1320.281406181859,503.3013774011721
P07T20,Other,668.619,337.543,572.576,572.535,776.339,570.646,8.0,197.87239149246267,262.3243221905876
P07T20,Other,672.461,337.46,568.641,576.456,789.987,570.6,8.0,1320.281406181859,503.3013774011721
P07T20,Other,674.44,337.491,558.919,558.822,792.022,572.506,8.0,254.55397546648967,140.57927482178943
P07T20,Other,676.422,337.532,556.932,554.987,795.915,566.708,8.0,1320.281406181859,503.3013774011721
P07T20,Other,678.338,337.567,550.991,539.295,795.877,545.155,8.0,376.52340416434754,111.11136870293716
P07T20,Other,678.314,339.485,545.143,539.197,801.751,543.153,8.0,1320.281406181859,503.3013774011721
P07T20,Other,676.393,341.395,550.972,535.314,799.814,533.371,8.0,295.10148313300965,130.47335097800098
P07T20,Other,670.559,341.36,545.141,527.552,797.855,535.329,8.0,1320.281406181859,503.3013774011721
P07T20,Other,666.66,341.38,541.288,529.445,793.982,507.896,8.0,646.8796897903267,255.83175571326018
P07T20,Other,664.687,341.434,541.189,527.51,790.047,500.064,8.0,1320.281406181859,503.3013774011721
P07T20,Other,662.608,343.342,539.252,529.468,792.042,505.964,8.0,671.8248011997974,263.80124432415704
P07T20,Other,652.904,339.476,541.293,527.571,790.053,519.66,8.0,752.8445840742465,224.4799303979324
P07T20,Other,648.964,341.415,537.24,541.295,788.076,539.291,8.0,701.1982801498358,262.6483048672276
P07T20,Other,639.186,341.371,539.233,550.984,778.291,549.03,8.0,772.7363122668025,231.0651583654868
P07T20,Other,633.356,341.373,537.226,558.909,770.407,541.227,8.0,720.8103250595393,261.4053510006245
P07T20,Other,629.348,343.318,525.561,564.745,758.642,552.984,8.0,750.695545533114,226.21250055808653
P07T20,Other,621.536,339.439,521.63,568.636,742.908,568.605,8.0,724.2226709775277,261.33717628275997
P07T20,Other,617.627,339.435,509.901,586.231,711.701,586.265,8.0,724.6950830847575,232.71430311109765
P07T20,Other,615.659,337.466,509.786,580.384,697.988,574.553,8.0,703.0110595907433,257.6753990307317
P07T20,Other,613.73,335.538,507.89,582.379,684.262,572.55,8.0,715.7550801420358,228.1158248005756
P07T20,Other,613.66,335.407,507.874,574.526,674.437,570.643,8.0,690.0222087049326,257.0225473503437
P07T20,Other,609.775,331.553,507.904,570.635,654.879,580.406,8.0,706.5815301416488,225.20718554027235
P07T20,Other,607.855,325.742,509.872,562.742,646.992,572.579,8.0,685.4104820978571,254.63780856309424
P07T20,Other,609.808,321.794,523.517,539.301,635.241,556.851,8.0,696.7825615349514,225.2502929064947
P07T20,Other,609.783,321.727,525.571,541.282,635.326,556.983,8.0,675.7272528594859,253.04086070715596
P07T20,Other,611.728,321.731,525.491,541.184,648.948,556.832,8.0,689.7636729045937,223.39933934669344
P07T20,Other,613.685,319.918,535.345,554.946,658.767,562.774,8.0,668.121212140088,251.9640380585398
P07T20,Other,617.516,319.839,539.155,554.898,672.469,568.601,8.0,679.2576888142607,221.552486368336
P07T20,Other,617.696,319.83,539.254,554.949,688.149,570.617,8.0,659.7705164727013,250.8926403260322
P07T20,Other,627.431,319.731,545.138,574.499,723.444,582.363,8.0,672.1256341975771,220.72312593883203
P07T20,Other,633.234,317.917,549.086,582.359,743.035,566.648,8.0,650.3664593256628,249.8269464981057
P07T20,Other,635.259,319.742,551.002,578.458,758.622,558.824,8.0,663.6985704362309,216.36350858853942
P07T20,Other,650.946,317.826,554.955,558.876,790.068,556.979,8.0,642.2068352102472,248.0372599577092
P07T20,Other,656.795,315.893,556.949,554.897,801.734,551.032,8.0,655.8609923337863,215.2094705027627
P07T20,Other,664.561,317.805,558.904,552.914,805.749,543.244,8.0,635.65095158532,243.694983522632
P07T20,Other,666.58,317.827,562.745,547.098,809.585,541.211,8.0,649.1216257611886,210.95986480324999
P07T20,Other,676.43,317.804,572.654,552.958,817.488,539.187,8.0,628.8917820251042,241.71487157440203
P07T20,Other,680.291,315.936,572.503,541.28,819.45,539.23,8.0,643.2984346174485,208.84973782612175
P07T20,Other,682.259,313.983,584.3,551.01,821.288,537.316,8.0,622.2385234063237,238.4745232344992
P07T20,Other,684.238,308.148,588.326,556.943,821.337,539.28,8.0,636.85009791644,205.1737060491848
P07T20,Other,688.164,310.012,590.256,556.891,821.294,541.215,8.0,617.25138700095,236.6955022298878
P07T20,Other,693.986,308.153,599.973,556.936,819.422,551.033,8.0,630.9105841969042,200.91922325536828
P07T20,Other,695.994,308.053,603.846,556.866,815.517,547.086,8.0,612.7697570632781,233.33219835024718
P07T20,Other,697.89,306.187,601.943,552.982,809.669,545.147,8.0,623.4351085169297,199.65709310662984
P07T20,Other,697.966,306.173,603.941,547.074,807.634,549.085,8.0,608.9680364238195,231.57610373855442
P07T20,Other,698.031,306.096,603.959,543.153,805.748,554.903,8.0,630.3128000040598,214.2701716396805
P07T20,Other,698.052,306.07,603.907,541.232,803.762,549.038,8.0,609.0025529982909,242.04928330169557
P07T20,Other,698.044,306.056,602.005,549.037,793.918,547.078,8.0,640.2554108828656,262.1507960898413
P07T20,Other,697.978,306.043,601.872,551.022,791.99,543.247,8.0,613.1064726988615,295.9299571858524
P07T20,Other,697.899,306.057,590.206,545.118,789.949,543.24,8.0,636.6608342899495,303.86087071299704
P07T20,Other,695.947,304.227,586.355,537.324,782.223,551.023,8.0,628.914266505274,340.9096284867582
P07T20,Other,692.085,304.237,582.38,535.337,778.307,549.053,8.0,650.8654718591513,382.01315151596515
P07T20,Other,686.199,304.23,574.574,539.28,778.252,545.121,8.0,643.0856227723139,344.77377771748604
P07T20,Other,682.323,306.063,570.659,541.261,776.332,545.179,8.0,656.5489286073768,401.74091567775463
P07T20,Other,680.262,306.063,568.67,543.224,774.37,545.122,8.0,637.3271683689536,358.2717063743314
P07T20,Other,672.51,306.074,554.988,537.261,772.398,539.299,8.0,650.4537952722942,389.4628212193825
P07T20,Other,666.67,306.1,543.187,525.496,774.308,539.209,8.0,632.8892094150445,344.43031494904216
P07T20,Other,664.551,306.126,539.233,523.621,760.75,545.138,8.0,643.3566715248314,377.17025530802783
P07T20,Other,654.838,306.115,533.394,523.597,758.713,543.199,8.0,634.6038423921898,337.56347985934406
P07T20,Other,650.934,306.219,535.299,529.484,756.695,543.168,8.0,640.7840138973079,378.54144191158116
P07T20,Other,648.913,308.101,527.506,525.627,756.671,543.223,8.0,637.4435431395987,337.0025387549751
P07T20,Other,643.093,308.162,525.48,541.218,743.011,549.043,8.0,639.1351415861847,377.3839754320252
P07T20,Other,637.298,310.033,523.492,541.227,739.064,549.064,8.0,635.6610966305136,337.8051386208735
P07T20,Other,635.294,313.989,513.768,539.326,731.231,552.932,8.0,637.5935619677165,376.64885550749625
P07T20,Other,633.39,315.943,509.895,539.331,727.253,554.977,8.0,635.9670124562556,333.4554611624308
P07T20,Other,633.276,317.832,507.933,535.362,715.614,554.88,8.0,639.0174139710102,374.5157909605251
P07T20,Other,633.222,317.892,505.964,531.459,711.684,556.917,8.0,636.1113633607702,329.85166389444765
P07T20,Other,631.378,317.899,505.885,529.472,709.704,554.995,8.0,635.9314872698382,369.9823441499101
P07T20,Other,631.315,317.869,503.969,531.428,699.981,556.979,8.0,636.8657221769188,328.9377591516008
P07T20,Other,627.387,319.738,502.064,537.255,695.999,556.945,8.0,636.3543606311653,368.9801406123773
P07T20,Other,623.485,319.749,500.051,529.467,695.981,556.958,8.0,637.0463857239215,326.5796614178422
P07T20,Other,621.505,317.902,498.129,539.301,696.046,556.858,8.0,636.058783291119,325.3676793438009
P07T20,Other,619.658,317.855,502.057,541.269,701.916,549.074,8.0,635.8058117973911,322.2605238631639
P07T20,Other,619.619,317.841,507.816,543.169,705.793,552.957,8.0,637.1177468546935,322.77755029770213
P07T20,Other,619.602,315.941,507.961,547.066,711.627,545.129,8.0,637.2667856871467,321.9283447447533
P07T20,Other,619.588,315.925,511.811,551.009,713.577,543.198,8.0,637.1083135483802,319.86518768395285
P07T20,Other,619.594,313.991,517.69,556.833,713.735,549.033,8.0,641.3136661708039,325.06255265588925
P07T20,Other,619.582,313.996,523.596,556.908,727.264,539.296,8.0,640.9458021535474,326.36896162217386
P07T20,Other,619.629,315.921,525.528,545.154,729.283,543.174,8.0,641.4650476592136,327.554476216065
P07T20,Other,623.543,317.817,539.16,564.72,743.079,539.24,8.0,641.9200920508122,327.05739561343154
P07T20,Other,631.277,317.841,541.268,556.914,744.889,543.242,8.0,641.9676347420948,327.2593438702214
P07T20,Other,633.338,317.912,547.064,564.75,756.723,533.375,8.0,641.5010485990745,327.5386927285982
P07T20,Other,635.306,319.757,552.991,570.554,762.625,539.205,8.0,641.15033954905,328.93408261746316
P07T20,Other,639.161,319.81,556.816,568.615,760.586,541.277,8.0,633.459174342563,325.9236311801628
P07T20,Other,645.022,319.819,558.882,568.593,764.575,541.224,8.0,626.8346994520259,322.58698299617083
P07T20,Other,648.946,319.915,566.668,570.579,774.365,541.238,8.0,636.1455585057283,349.2345089879034
P07T20,Other,650.917,321.718,570.665,570.594,776.227,543.187,8.0,629.9717337877554,324.81094838496193
P07T20,Other,652.887,321.745,572.658,570.673,778.307,545.111,8.0,639.6982987388106,349.84837102108645
P07T20,Other,654.824,321.785,576.493,570.539,786.063,545.147,8.0,631.7681637827668,327.0538505180866
P07T20,Other,656.803,321.789,582.347,570.644,788.089,549.019,8.0,643.2775086358693,350.1699760946792
P07T20,Other,658.795,321.797,586.258,574.576,790.034,547.106,8.0,631.334102166529,325.9583686587503
P07T20,Other,662.631,321.84,588.273,572.595,791.983,549.077,8.0,644.4476204209773,349.7837923327882
P07T20,Other,662.691,321.746,590.234,572.534,792.067,547.098,8.0,631.0413460407466,326.8879345260985
P07T20,Other,664.574,321.75,594.155,574.583,794.006,552.956,8.0,646.2442974215763,350.45000196318927
P07T20,Other,664.642,321.772,596.096,572.553,794.006,552.971,8.0,631.9959999502479,326.63538395967305
P07T20,Other,664.703,321.781,599.919,574.543,794.007,552.974,8.0,647.111610261388,348.8937906199891
P07T20,Other,666.512,321.78,594.15,572.656,793.948,552.978,8.0,631.4694303368758,327.4920583461475
P07T20,Other,664.706,321.827,586.179,572.554,786.119,554.913,8.0,647.4106917561106,347.8022143680324
P07T20,Other,664.729,321.838,576.513,566.7,778.31,556.847,8.0,632.4026447575128,326.9023827568653
P07T20,Other,666.533,321.834,572.63,570.572,774.422,556.958,8.0,649.06474472357,346.2266654449937
P07T20,Other,666.528,321.852,568.663,570.523,774.327,560.794,8.0,630.8842479531493,327.55436924176337
P07T20,Other,664.718,321.852,566.675,568.618,764.604,556.969,8.0,648.9075309774016,344.69358322483686
P07T20,Other,664.697,321.823,556.947,558.899,760.691,560.813,8.0,631.6936158165654,326.5177431041656
P07T20,Other,664.663,321.838,554.971,558.893,760.713,556.956,8.0,648.0077240667556,344.12277414245983
P07T20,Other,664.596,321.81,554.858,556.943,760.609,562.786,8.0,632.4648775586384,326.4563936410681
P07T20,Other,664.555,321.838,549.033,549.068,760.61,556.886,8.0,648.0272601190773,342.8518152811497
P07T20,Other,662.71,321.799,550.996,560.85,758.625,558.851,8.0,632.2806957941102,326.6245738771568
P07T20,Other,662.682,321.786,550.987,560.804,758.65,558.826,8.0,649.4550458149931,342.2701370113147
P07T20,Other,662.623,321.782,550.973,558.88,756.754,558.848,8.0,632.1353425090174,323.91256480813365
P07T20,Other,660.695,321.775,550.988,558.886,756.65,558.896,8.0,648.3578575495227,341.635193547631
P07T20,Other,658.766,321.753,547.099,556.954,758.592,558.845,8.0,630.2834494876233,325.57850829227124
P07T20,Other,656.85,321.74,547.088,556.884,758.592,558.886,8.0,648.0349631678023,340.7506814688268
P07T20,Other,656.801,321.716,547.086,554.993,756.699,556.931,8.0,632.48034463874,324.53384849012224
P07T20,Other,654.886,319.905,547.087,554.922,756.699,556.95,8.0,646.1415925863453,339.5664571646495
P07T20,Other,654.847,319.884,545.143,543.223,756.675,556.935,8.0,629.3823173037783,324.80862108025235
P07T20,Other,652.881,319.852,554.938,552.942,756.728,558.879,8.0,645.0028737430499,338.94488828510646
P07T20,Other,651.039,319.862,554.913,551.04,756.754,558.82,8.0,630.1076363686155,324.17450234955885
P07T20,Other,650.954,319.843,555.01,552.949,756.715,558.893,8.0,642.0507636130374,336.82078225651424
P07T20,Other,650.931,319.83,554.956,552.928,756.759,560.779,8.0,630.1868628922527,322.10746415903117
P07T20,Other,650.902,319.823,556.833,554.905,756.758,562.792,8.0,642.0846969020466,337.1988049395972
P07T20,Other,650.904,319.827,556.825,551.022,758.684,562.747,8.0,630.1914552725178,324.29623171509144
P07T20,Other,650.915,319.79,556.922,554.903,758.733,558.828,8.0,641.5464600527047,336.2204845483014
P07T20,Other,650.918,319.747,556.964,549.039,758.703,558.83,8.0,630.4562406412592,324.33049296174903
P07T20,Other,650.905,317.882,556.922,552.908,758.714,556.917,8.0,639.5882484024398,335.66362850779575
P07T20,Other,650.91,315.918,556.953,549.024,758.706,554.997,8.0,630.7469116163161,324.18329477441983
P07T20,Other,650.902,313.971,556.888,543.19,758.716,554.968,8.0,638.799476762878,336.0685898457847
P07T20,Other,650.972,310.037,558.818,545.125,758.75,556.859,8.0,631.1360381230539,324.632118669375
P07T20,Other,652.942,308.105,556.996,541.265,760.635,554.901,8.0,638.0521319939812,337.23206504186186
P07T20,Other,660.712,306.2,566.65,543.153,768.494,554.871,8.0,633.032229364396,324.58468140880996
P07T20,Other,664.547,306.134,568.665,541.298,772.352,556.863,8.0,638.2690622305238,337.28999510162834
P07T20,Other,664.627,304.203,568.617,539.195,772.372,554.952,8.0,634.3472640074831,323.9105961602702
P07T20,Other,664.643,304.082,568.628,529.472,772.424,552.923,8.0,637.959318916536,338.1459583751509
P07T20,Other,664.656,302.15,568.659,533.346,774.284,545.131,8.0,634.1455637304075,324.3206088617437
P07T20,Other,664.647,298.246,568.66,527.526,774.279,541.289,8.0,636.9491655981263,337.9622994403705
P07T20,Other,664.663,292.45,568.672,525.49,774.369,541.302,8.0,634.8405295362859,324.0017518707928
P07T20,Other,666.531,290.529,570.628,521.572,776.271,539.282,6.0,636.723729686381,338.7633219843037
P07T20,Other,668.587,290.375,572.656,509.828,778.294,537.261,4.0,635.2800775838879,322.65972458785046
P07T20,Other,674.41,288.485,578.437,509.81,784.178,525.613,4.0,637.2000219543638,337.4414381618706
P07T20,Other,678.292,286.569,584.325,507.925,790.046,525.611,6.0,634.348239574703,330.52762303368155
P07T20,Other,680.279,280.651,586.252,498.107,792.055,517.694,6.0,631.2584005362672,318.2192797995127
P07T20,Other,680.256,276.751,584.312,492.294,799.805,509.895,1.0,634.267025621207,331.42517972441937
P07T20,Other,680.207,274.856,574.546,492.204,805.712,494.273,2.0,632.4754192797203,318.89550534614943
P07T20,Other,678.335,274.847,570.526,480.505,807.75,478.612,2.0,634.4777194775775,332.708720198697
P07T20,Other,678.286,278.704,556.88,476.603,813.562,478.471,1.0,635.8822178154659,319.8977399791929
P07T20,Other,672.48,292.475,531.454,476.501,819.436,476.579,3.0,635.5335675000237,332.6454887478606
P07T20,Other,666.682,306.123,525.573,478.533,819.368,480.455,3.0,635.9091017331024,317.8828679326304
P07T20,Other,664.638,313.947,515.752,478.603,813.506,478.585,4.0,636.3200900737394,333.3258270005732
P07T20,Other,664.534,321.731,527.535,478.611,809.658,492.206,4.0,636.6023634824346,318.68305857328824
P07T20,Other,664.63,323.825,541.238,492.222,805.789,496.191,4.0,637.380561686219,332.45950567251765
P07T20,Other,666.674,329.631,552.956,494.25,807.658,507.923,4.0,637.2988412547192,317.4643900972478
P07T20,Other,678.287,329.662,554.936,511.854,807.741,529.456,4.0,637.9502757685439,331.6774350830614
P07T20,Other,680.403,327.67,558.879,511.825,821.307,519.666,4.0,636.4777681530076,317.261426368404
P07T20,Other,682.377,329.618,556.888,523.524,831.185,531.401,4.0,639.6114692366115,331.9313105432448
P07T20,Other,682.283,323.777,527.544,509.937,848.788,562.788,8.0,636.9147626507488,316.0904438552213
P07T20,Other,680.293,319.761,509.954,509.904,854.744,560.79,8.0,640.2941312228803,331.4794969899724
P07T20,Other,674.441,304.158,509.925,509.872,864.498,552.968,8.0,638.1117388551243,317.40341782646993
P07T20,Other,666.709,280.641,484.415,478.564,868.379,541.176,8.0,640.9717447316915,331.33583080907067
P07T20,Other,670.512,257.212,476.523,464.847,882.054,517.721,8.0,639.1751734702995,316.96667638287795
P07T20,Other,678.311,231.655,476.566,458.932,886.083,504.016,8.0,641.9094956284002,332.15817849432494
P07T20,Other,682.221,216.01,480.487,474.614,915.343,490.26,9.0,640.8357790921523,315.74205097115015
P07T20,Other,690.074,206.18,478.523,478.526,929.119,482.47,10.0,641.6555410334697,331.8905602597414
P07T20,Other,697.87,196.456,359.004,396.264,952.634,494.242,10.0,640.419830632354,316.3713111453571
P07T20,Other,707.738,192.523,0.0,0.0,968.29,505.974,11.0,642.8452622542281,332.03912195423334
P07T20,RElbow,713.713,180.761,0.0,0.0,982.057,509.868,11.0,640.3214529190167,315.72350340239234
P07T20,Other,729.363,172.931,535.324,447.17,1009.4,511.852,10.0,644.3442008881009,332.4061452441636
P07T20,LElbow,743.032,163.116,462.871,500.069,1009.44,468.761,10.0,641.8241136609574,315.17921378212054
P07T20,RElbow,743.074,149.446,464.798,455.022,1025.07,462.87,10.0,645.0993300255388,331.8438747029065
P07T20,RElbow,743.049,139.63,541.233,427.602,1042.72,474.636,9.0,641.1182534294746,314.752645585228
P07T20,RElbow,745.065,135.689,539.234,437.408,1076.1,503.981,8.0,645.3833671166371,333.14007095094354
P07T20,LElbow,758.582,137.662,549.07,447.161,1101.52,498.139,9.0,642.607781519505,315.2278554958128
P07T20,LElbow,760.625,151.364,476.576,466.782,1105.41,460.927,9.0,646.1186271237704,333.29393986011405
P07T20,RElbow,762.595,167.058,480.52,462.85,1136.77,480.499,10.0,642.2757510126904,316.63384286549393
P07T20,LElbow,764.583,190.545,570.564,529.456,1134.84,541.176,9.0,647.121308573582,332.71531961352616
P07T20,LElbow,760.608,208.18,470.707,511.823,1136.78,556.933,10.0,643.3008111261654,317.050360489338
P07T20,LElbow,754.777,212.14,460.927,537.29,1130.9,558.888,10.0,642.3201806639845,316.203818334751
P07T20,LElbow,744.971,223.792,458.923,545.141,1119.2,554.971,9.0,646.7389365246963,332.4222686487642
P07T20,LElbow,744.948,227.695,460.917,556.922,1121.14,537.318,10.0,644.3088505114545,315.7547492701707
P07T20,Other,746.979,241.477,455.044,572.55,1138.77,566.682,10.0,649.0009669069602,331.5575608035654
P07T20,Other,758.711,261.06,460.919,588.286,1074.11,525.519,10.0,643.1956603700285,312.9115332860855
P07T20,Other,774.435,272.883,478.491,588.306,1111.33,539.276,10.0,649.342071107641,328.8161732464154
P07T20,Other,809.669,288.496,509.831,592.168,1168.13,572.62,9.0,643.6148406750126,314.1172014238024
P07T20,Other,852.702,294.337,539.258,578.472,1191.64,617.622,10.0,650.1091239448153,329.9489293196782
P07T20,Other,887.975,304.141,566.682,582.351,1215.19,625.473,10.0,643.9405622592185,313.26779176749835
P07T20,Other,915.422,298.301,617.607,588.214,1228.88,619.596,11.0,650.1006320107267,329.38308308922046
P07T20,Other,929.12,282.627,666.587,566.711,1217.1,607.817,12.0,643.4999447098477,312.6780529801632
P07T20,RElbow,931.135,268.921,713.648,525.613,1209.29,586.296,11.0,650.2775991960812,328.20900004019563
P07T20,RElbow,921.273,247.378,711.667,486.354,1181.87,549.049,5.0,644.4173714742521,313.4760587734374
P07T20,RElbow,905.598,227.74,711.693,460.839,1148.53,527.5,4.0,651.2980732750776,328.80089180105114
P07T20,RElbow,889.981,212.019,727.334,443.227,1127.0,515.762,4.0,639.8882002116416,314.63103276660775
P07T20,RElbow,882.053,192.448,705.795,429.605,1103.45,505.965,4.0,647.7943166929074,329.5335998590368
P07T20,RElbow,870.283,178.8,699.901,429.544,1089.83,509.879,4.0,637.499074207522,315.8792998663847
P07T20,RElbow,856.657,176.81,756.704,384.525,1089.79,509.884,5.0,644.508749027246,331.54300268519455
P07T20,RElbow,852.781,178.713,758.658,386.449,1089.8,496.162,9.0,639.8377118151548,313.2082445065122
P07T20,RElbow,840.957,178.845,735.176,355.087,1101.51,480.515,5.0,648.921319135459,330.28204475610977
P07T20,Other,944.78,347.26,848.793,635.298,0.0,0.0,15.0,640.2984191949328,314.5413842300042
P07T20,Other,993.851,347.24,617.57,646.969,0.0,0.0,14.0,649.9384056782732,330.824554324377
P07T20,Other,1040.82,357.081,696.008,662.672,980.063,658.785,13.0,640.4603674084556,314.54586451672736
P07T20,Other,1070.17,368.766,760.606,715.591,1050.57,715.606,14.0,649.8120695746584,329.0940707135685
P07T20,Other,1064.28,327.684,0.0,0.0,1138.76,684.234,13.0,640.6361111218641,313.9444266797446
P07T20,Other,1070.17,323.76,882.086,703.851,0.0,0.0,13.0,650.3418613908204,330.3022204866513
P07T20,Other,1083.86,327.688,833.129,656.798,1056.48,715.583,12.0,640.6001816885187,313.5039129907056
P07T20,Other,1089.78,310.056,784.126,590.236,1062.36,695.949,12.0,651.8071323040465,330.74757991955556
P07T20,Neck,1089.71,302.2,760.628,556.937,1044.74,696.011,10.0,640.504126482293,313.41736039735736
P07T20,Nose,1074.21,300.198,744.945,509.824,1072.13,678.337,10.0,652.053699041914,330.545295546394
P07T20,LElbow,1044.74,272.764,729.284,482.445,1079.98,641.115,9.0,641.6533919132153,313.15027286933883
P07T20,Other,1017.32,259.201,742.982,455.013,1087.79,635.255,9.0,652.25087339888,330.68207959676374
P07T20,Other,997.699,268.89,746.99,476.575,1074.17,635.238,9.0,642.0280630880258,313.6928466190386
P07T20,Other,989.832,272.833,760.624,468.726,1070.17,635.307,9.0,652.3717886948294,331.80977837141756
P07T20,Other,979.977,274.714,760.612,449.127,1081.91,623.512,9.0,640.7658954500079,314.82974595909434
P07T20,Other,964.437,272.855,776.291,464.825,1091.74,603.938,9.0,653.0513662508777,331.7406211329046
P07T20,Other,952.658,272.775,0.0,0.0,1091.73,621.563,10.0,642.2495610611788,314.4079367813875
P07T20,Other,946.731,274.748,778.303,472.653,962.46,568.658,10.0,652.8857054060527,330.7953726788309
P07T20,Other,944.792,278.682,776.29,478.488,964.414,460.937,7.0,641.3334514401434,314.975839477792
P07T20,Other,933.005,286.465,766.541,492.193,0.0,0.0,8.0,653.4129218798922,331.2794655889803
P07T20,Other,934.969,306.2,762.609,519.66,0.0,0.0,7.0,655.3116192730001,332.53103055794116
P07T20,Other,946.816,325.736,760.658,509.851,0.0,0.0,6.0,641.2281269054831,313.57276885370976
P07T20,Other,948.745,349.188,750.872,537.26,0.0,0.0,7.0,643.3458672380102,314.79779423684863
P07T20,Other,935.012,368.893,741.036,619.587,0.0,0.0,11.0,654.8195202017816,331.6597983018988
P07T20,Other,0.0,0.0,746.971,560.812,0.0,0.0,22.0,642.5712994213243,314.90372228774766
P07T20,Other,0.0,0.0,764.597,570.619,0.0,0.0,22.0,655.9006058270736,333.0475993927795
P07T20,Other,nan,nan,nan,nan,nan,nan,nan,643.9758328967376,315.30485345819875
P07T20,Other,997.681,433.486,0.0,0.0,0.0,0.0,14.0,656.6248827418598,330.6146943256946
P07T20,Other,1011.35,421.708,807.689,580.416,0.0,0.0,11.0,642.6468604038781,315.8644485189669
P07T20,Other,1005.56,398.182,795.876,560.839,0.0,0.0,8.0,656.4176189499823,331.3341391956955
P07T20,Other,987.865,362.917,784.145,543.199,0.0,0.0,6.0,644.1822690791073,316.719677038924
P07T20,Other,962.51,329.639,764.541,515.746,0.0,0.0,6.0,657.2331395351844,331.3935888736036
P07T20,Other,946.663,302.212,758.648,515.751,0.0,0.0,10.0,644.9256140714524,317.0688956266175
P07T20,Other,915.466,255.113,729.388,466.775,0.0,0.0,5.0,656.2625683373894,330.5590658526187
P07T20,Other,880.114,223.776,707.74,441.287,0.0,0.0,10.0,643.5752386990351,316.6688157511588
P07T20,Other,876.202,241.452,713.591,462.797,921.315,715.614,9.0,658.003764375128,330.79984979789225
P07T20,Other,884.149,223.773,713.618,439.335,0.0,0.0,11.0,644.4481549701753,316.6582408640431
P07T20,Other,860.543,184.7,697.922,415.826,940.891,715.587,10.0,658.9779065365301,331.386453496042
P07T20,Other,838.963,184.701,682.264,431.49,950.667,666.617,9.0,644.9604777259513,318.02096623197485
P07T20,Other,815.511,206.234,658.782,429.55,966.396,641.148,9.0,659.5026433025038,331.9345743212242
P07T20,Other,805.635,241.544,648.935,462.828,982.075,650.873,9.0,645.3085735740239,316.12906889008553
P07T20,Other,791.956,268.868,639.206,482.446,1005.54,639.192,10.0,659.4030440636635,331.8225351979125
P07T20,Other,776.246,280.636,633.209,478.527,1013.38,652.917,4.0,646.9496216100465,317.9376448497978
P07T20,Other,760.558,288.401,623.494,484.43,1021.22,654.839,9.0,660.3527129568005,330.9723703213692
P07T20,Other,758.598,290.518,631.326,502.05,1036.88,678.376,5.0,647.2254119734894,317.05538273118276
P07T20,Other,754.79,300.207,629.383,509.858,1044.69,692.073,7.0,659.9719751219437,330.2131680756618
P07T20,Other,748.871,308.12,631.355,513.819,1038.81,695.989,9.0,646.5839345217826,317.71120067283323
P07T20,Other,758.648,319.885,635.218,525.538,1066.28,699.91,9.0,661.524622510743,331.4731216290691
P07T20,Other,766.499,331.586,635.247,525.506,1066.27,715.6,10.0,648.1872927686068,317.9255149107294
P07T20,Other,776.248,339.417,635.24,525.547,0.0,0.0,10.0,661.2328492445804,331.17886700666685
P07T20,Other,786.062,347.253,637.186,527.533,0.0,0.0,11.0,647.4396079140017,317.32330428243586
P07T20,Other,789.919,339.405,635.242,525.563,0.0,0.0,11.0,661.1177804040709,331.8573654888173
P07T20,Other,795.881,325.727,637.254,521.609,1119.15,696.009,9.0,647.8561665597547,317.10225194499407
P07T20,Other,811.615,333.504,637.217,509.861,0.0,0.0,12.0,661.5666641317803,330.24196706283516
P07T20,Other,886.065,284.575,688.128,572.554,0.0,0.0,11.0,649.3350620140668,318.0396431178312
P07T20,Other,872.28,272.805,678.353,576.494,0.0,0.0,12.0,662.033095081588,330.1658640238823
P07T20,Other,854.747,270.892,670.558,580.409,0.0,0.0,11.0,648.7487942894171,317.6247549446106
P07T20,Other,870.343,310.05,693.965,617.658,0.0,0.0,14.0,662.9143788982885,330.6210039174957
P07T20,Other,876.202,292.472,684.251,545.138,0.0,0.0,11.0,662.4136446354046,330.33554117285394
P07T20,Other,852.741,263.01,666.582,523.532,0.0,0.0,11.0,649.2458979390148,317.7055204093348
P07T20,Other,821.305,251.242,639.221,525.536,0.0,0.0,11.0,661.7010916937608,329.67708192763837
P07T20,Other,805.623,257.076,627.386,521.626,0.0,0.0,12.0,647.3250126615859,316.7935722345662
P07T20,Other,789.942,251.258,615.642,523.634,0.0,0.0,11.0,661.9187173670326,330.17064298715565
P07T20,Other,786.125,241.424,605.937,509.858,0.0,0.0,11.0,648.8316244409322,317.3530072739487
P07T20,Other,774.402,229.686,598.015,507.951,0.0,0.0,11.0,662.2341003879635,330.0381128183236
P07T20,Other,764.587,223.794,588.318,496.214,1070.18,590.184,10.0,647.3585126815034,316.7738909607546
P07T20,Other,762.615,223.852,588.313,509.902,0.0,0.0,11.0,662.4920781985724,331.00571346946833
P07T20,Other,764.568,221.844,597.993,531.435,0.0,0.0,11.0,648.0961572528402,316.8959284761945
P07T20,MidHip,756.703,198.429,584.31,511.835,0.0,0.0,11.0,663.3959980104498,331.11267691030156
P07T20,Other,729.347,182.75,588.21,490.279,0.0,0.0,7.0,648.0066269167179,316.86663048170266
P07T20,RElbow,1238.64,347.23,1226.94,421.686,1246.53,419.797,0.0,664.3630685462886,331.01207998361934
P07T20,MidHip,756.691,151.418,601.999,453.035,1023.15,394.277,4.0,648.2549168592219,317.16100795158974
P07T20,RKnee,1221.07,292.396,1213.25,368.75,1230.76,368.859,0.0,663.6905132728182,331.0049284562179
P07T20,RKnee,1224.98,306.19,1215.14,382.476,1228.95,382.539,0.0,648.6577333732243,317.36115943568564
P07T20,RKnee,1223.03,310.085,1215.09,380.59,1230.8,380.596,0.0,663.5246107753817,331.4650373082051
P07T20,MidHip,707.737,116.043,599.927,423.672,0.0,0.0,9.0,648.8638132700896,317.1783255253859
P07T20,Other,1215.23,290.524,1213.18,364.889,1279.85,339.493,0.0,664.2604064340877,331.59960615497715
P07T20,MidHip,703.849,116.019,603.858,411.928,1023.19,502.042,8.0,649.5710817031327,317.7596171955743
P07T20,MidHip,701.854,115.999,599.987,415.829,1007.47,502.019,8.0,665.1084125718194,331.769170058153
P07T20,MidHip,697.918,114.156,588.255,417.819,1007.49,478.537,8.0,647.8233051828211,317.58181672910064
P07T20,Other,1211.18,268.917,1199.48,337.542,1215.08,337.519,0.0,663.6861042792788,331.0980774794826
P07T20,Other,1209.26,270.78,1201.45,337.49,1215.1,337.485,0.0,649.3127527185109,319.7110013389481
P07T20,Other,711.632,129.77,584.291,423.681,1066.26,486.354,4.0,664.4794077628733,331.4625060376667
P07T20,Other,1219.12,259.146,1211.23,337.383,1279.84,321.759,0.0,649.3285989470052,318.99431602485015
P07T20,RKnee,1221.02,270.864,1207.31,339.497,1224.96,343.345,1.0,663.6429042941829,332.1370532278577
P07T20,MidHip,752.781,186.596,617.675,439.364,0.0,0.0,10.0,648.0599548757334,319.4214307582385
P07T20,Other,1219.1,272.825,1207.28,345.316,1226.91,345.299,0.0,663.6886785490751,332.2422988414659
P07T20,RKnee,797.857,167.052,664.571,466.783,0.0,0.0,7.0,649.2724163223965,320.35021284586725
P07T20,Other,821.381,180.786,666.563,484.394,0.0,0.0,10.0,664.5207546690846,333.6181022051273
P07T20,Other,1240.58,331.541,1221.02,402.178,1238.7,408.0,0.0,649.2325050883715,321.2607600389437
P07T20,Other,1228.77,308.136,1213.2,380.545,1228.8,382.465,0.0,663.8288385439608,332.8644215064275
P07T20,Other,1201.42,300.243,1189.71,374.684,1209.25,378.619,0.0,649.9491528225306,320.1892675167675
P07T20,Other,1187.77,290.452,1179.83,368.879,1197.46,370.821,0.0,662.3064743113841,332.8530945500008
P07T20,Other,1181.83,290.488,1168.25,355.124,1183.86,357.093,0.0,650.9657638504873,321.09252954449653
P07T20,RElbow,1150.49,255.223,1138.73,321.771,1152.5,321.852,0.0,662.6079694629173,331.09134935959935
P07T20,Other,1121.13,241.424,1117.17,311.998,1136.84,315.928,1.0,649.8104084509605,320.89012994101233
P07T20,RElbow,1050.62,206.171,1042.84,272.757,1058.43,274.788,0.0,649.7645924145558,322.0887829887766
P07T20,MidHip,1038.8,206.196,1029.07,274.69,1046.64,274.821,0.0,661.2725324492801,331.8534303031233
P07T20,Other,1027.08,210.019,1023.18,274.83,1040.86,278.713,0.0,651.1015289528553,323.4548601952569
P07T20,Other,1023.14,210.085,1019.22,276.711,1038.81,278.712,0.0,661.6695047039175,332.40257942691164
P07T20,RKnee,1013.39,208.141,1009.51,274.698,1027.02,276.799,0.0,651.488377345877,324.78925818890207
P07T20,RElbow,1009.37,202.279,999.692,270.839,1023.14,272.879,0.0,660.127855419496,332.98878451160516
P07T20,RElbow,995.821,196.486,993.831,264.964,1011.4,270.895,0.0,651.2422767490202,323.29840609429374
P07T20,Other,989.861,194.515,982.049,259.205,995.727,263.036,0.0,661.1197709727103,335.30790167789297
P07T20,Other,978.179,196.326,976.126,264.952,993.835,270.844,1.0,650.1636645470264,324.1288021446708
P07T20,Other,980.113,210.043,980.084,274.819,995.723,274.878,0.0,660.9388605851589,334.9460993317329
P07T20,MidHip,758.754,243.377,645.01,478.512,0.0,0.0,6.0,651.1166818281968,324.17817284535386
P07T20,RElbow,980.133,184.713,976.121,257.204,995.731,257.179,0.0,660.9156786000973,335.75195855314524
P07T20,Other,729.39,188.573,588.239,494.247,1140.71,625.478,10.0,651.1042499804946,325.1304524682508
P07T20,RElbow,1201.47,312.014,1183.84,368.752,1191.67,368.834,10.0,660.2066664217173,336.1532432539407
P07T20,RElbow,1183.77,308.109,1168.07,364.84,1174.03,364.916,10.0,651.9302039834377,324.6059481214059
P07T20,RElbow,1172.06,317.821,1154.41,366.917,0.0,0.0,11.0,660.3076919478351,336.8120796462235
P07T20,Other,1166.23,317.843,1150.43,366.903,1150.54,366.88,11.0,651.4068462375267,324.2295546499897
P07T20,Other,1150.51,315.927,1136.78,368.82,1138.78,368.771,10.0,659.0921594958752,335.50460851651883
P07T20,Other,695.897,210.099,543.21,468.746,0.0,0.0,6.0,652.1930877862678,323.9971678342833
P07T20,MidHip,1134.86,321.803,1121.05,374.669,0.0,0.0,11.0,660.6213281071098,337.1261728732425
P07T20,MidHip,1126.98,317.794,1111.32,366.84,1117.15,366.819,10.0,652.2815871664225,324.5612219313962
P07T20,Other,737.152,214.098,582.339,464.841,1009.4,690.111,5.0,659.370794578246,336.8735869856106
P07T20,Other,1113.28,315.892,1101.45,366.784,1103.46,366.844,10.0,651.7630212182698,324.93314198893495
P07T20,MidHip,1089.69,306.225,1072.07,358.994,1074.1,355.105,11.0,659.9660322692284,337.87566957290363
P07T20,MidHip,758.715,241.48,607.819,460.881,976.167,515.774,5.0,652.486901183597,324.68401795002467
P07T20,Other,762.566,245.421,605.895,460.842,980.073,523.538,4.0,659.7731660166467,337.82719375418634
P07T20,Other,770.461,243.483,613.727,462.875,991.76,521.605,4.0,653.3041135851801,326.10136230858194
P07T20,Other,1081.94,298.32,1060.41,347.273,1072.13,349.182,10.0,659.8125928005961,338.49588690202717
P07T20,Other,1076.09,290.566,1058.4,339.475,1058.39,337.534,11.0,653.4431281274464,325.61895955248553
P07T20,MidHip,780.239,272.831,617.598,552.957,980.117,605.879,10.0,658.9974776860668,338.97297170470597
P07T20,Other,1072.13,290.383,1056.5,337.558,1062.39,341.418,11.0,655.3844472578833,327.27597951773606
P07T20,Other,807.674,302.228,566.694,682.247,0.0,0.0,11.0,658.4589385985216,338.5425882390715
P07T20,MidHip,1072.07,292.428,1056.5,349.169,1054.52,343.328,11.0,655.631769836587,327.0551872310977
P07T20,Other,970.276,259.21,952.61,317.851,964.405,319.836,11.0,658.9301635478344,339.5948042938614
P07T20,Other,750.851,349.174,480.504,715.616,944.772,680.327,13.0,654.9148439541975,326.13720829286495
P07T20,Other,950.656,266.933,933.044,321.885,948.76,331.595,11.0,659.8600760265633,340.3574755583532
P07T20,Other,760.614,321.876,533.372,650.909,1119.19,672.495,10.0,656.3767338803775,328.0417844387218
P07T20,Other,760.739,308.078,552.961,631.336,1132.83,648.943,10.0,659.9984632023474,340.20468822606097
P07T20,Other,762.639,290.52,603.919,619.577,1107.44,584.284,11.0,657.6057898691163,327.745487273754
P07T20,Other,760.723,272.846,572.63,556.963,1089.82,541.242,10.0,659.4106243501727,341.6851646925484
P07T20,Other,760.605,257.135,574.565,519.681,1089.81,525.523,10.0,657.322406401187,328.3576848120596
P07T20,Other,758.714,249.34,584.303,505.94,1103.52,525.578,9.0,657.6812333005976,329.0137383767471
P07T20,Other,758.753,251.265,574.566,488.309,1087.81,509.891,11.0,657.628425964423,329.1324274596736
P07T20,Other,772.339,290.546,513.801,517.728,1105.45,715.587,9.0,658.9254655136971,329.0079405644984
P07T20,Other,774.353,304.141,498.133,503.976,0.0,0.0,10.0,658.0830909491793,330.9168859676606
P07T20,Other,613.702,192.452,0.0,0.0,0.0,0.0,15.0,657.4443552877951,330.4287164917832
P07T20,Other,766.491,313.929,492.224,554.925,1009.45,672.48,13.0,659.0498475141549,330.2398890222322
P07T20,Other,766.485,304.222,0.0,0.0,978.099,621.57,11.0,659.2395169307407,330.6608727882542
P07T20,Other,758.734,290.443,0.0,0.0,0.0,0.0,13.0,660.5942155860587,330.38555547661656
P07T20,Other,758.617,278.737,0.0,0.0,1029.07,545.173,14.0,659.6153697159418,331.5651040866916
P07T20,Other,764.547,266.933,0.0,0.0,1054.52,574.527,14.0,661.589016148897,333.21110111586745
P07T20,Other,774.414,241.439,0.0,0.0,1089.78,517.697,11.0,662.4100587793578,334.0999730773163
P07T20,Other,776.339,223.873,0.0,0.0,1074.12,476.539,11.0,662.4694190236225,334.16320053222546
P07T20,Other,868.286,188.556,0.0,0.0,919.32,596.056,11.0,661.5924369884509,334.71317030332204
P07T20,Other,854.686,168.958,0.0,0.0,915.383,554.937,10.0,663.7775866310614,333.0184590029836
P07T20,Other,846.853,149.495,637.226,339.41,948.733,513.822,9.0,665.0474357731716,335.5749795785784
P07T20,MidHip,848.785,143.507,660.716,337.466,982.07,490.252,9.0,664.7009400476234,336.2469375559595
P07T20,MidHip,850.778,131.682,623.487,306.108,1044.74,474.601,8.0,662.0031973989762,352.4533553467773
P07T20,Other,852.714,114.109,666.583,298.272,1085.87,413.937,8.0,666.0921582186917,335.7164404660859
P07T20,Other,854.789,100.318,711.597,282.613,1050.57,402.114,8.0,662.5986001257925,351.23872429578967
P07T20,Other,868.342,84.8104,650.927,270.862,1168.1,341.364,8.0,666.1925622553608,334.4332993838954
P07T20,RKnee,872.338,69.0969,792.002,255.174,1197.51,366.767,8.0,662.9549947922615,350.54160151001656
P07T20,RKnee,870.379,57.3319,0.0,0.0,1134.8,339.439,10.0,666.9205215237604,335.3245688920211
P07T20,LElbow,870.308,41.636,0.0,0.0,1103.43,351.154,9.0,662.6641203163003,351.87874114643415
P07T20,Other,870.455,70.9895,690.097,304.211,1105.44,517.735,9.0,667.1837493969075,333.503883220492
P07T20,MidHip,870.275,94.5679,721.457,404.072,1101.54,541.203,9.0,663.8481509192228,352.0652592395308
P07T20,MidHip,872.361,133.714,709.723,488.309,1109.35,601.969,9.0,664.2376118051687,352.1753049299968
P07T20,MidHip,886.121,172.868,662.705,478.506,1081.94,637.254,10.0,669.9443641565788,335.92298443241214
P07T20,Other,915.326,206.236,680.336,549.047,1087.81,692.065,10.0,664.8677582512056,352.45284943213704
P07T20,Other,946.728,235.611,0.0,0.0,1168.18,699.956,11.0,671.2686712948961,335.0089899019675
P07T20,Other,619.533,208.128,611.755,274.854,625.442,274.821,9.0,664.4023860691088,353.02815302319453
P07T20,Other,619.61,194.405,611.768,265.0,633.312,268.861,9.0,671.951799885112,334.825397707334
P07T20,Other,607.848,168.992,599.942,241.546,631.374,243.436,7.0,665.4404937367975,353.37346196668375
P07T20,Other,598.019,161.097,588.217,229.716,613.685,229.707,3.0,673.7038896689619,335.4126701801379
P07T20,Other,599.998,147.367,588.225,214.075,605.912,217.937,1.0,667.5045728187913,353.5435786839115
P07T20,Other,603.906,149.495,596.037,225.688,617.636,227.689,1.0,674.7472400774323,335.6073533838275
P07T20,Other,578.454,147.424,572.587,219.924,590.271,217.995,1.0,667.1661557079226,353.37053420920495
P07T20,Other,558.846,161.159,556.965,231.673,576.521,233.651,1.0,674.9326254764612,334.54020707744775
P07T20,Other,557.002,188.555,560.812,261.082,580.386,259.172,1.0,667.4114820700638,352.9983736501765
P07T20,Other,554.873,194.345,556.93,261.11,574.508,261.09,1.0,675.3944237567584,334.1421619190408
P07T20,Other,537.333,178.787,539.229,247.34,558.898,245.392,1.0,666.2850813238334,354.1779265142852
P07T20,Other,509.856,165.077,509.973,229.778,531.433,231.717,1.0,676.753154849746,334.9826131206917
P07T20,Other,496.151,141.539,494.288,210.083,523.532,208.117,1.0,665.9833590440759,356.5133512288173
P07T20,LElbow,1009.34,155.271,778.26,415.782,1152.47,525.58,8.0,678.2773155658995,334.92158876944467
P07T20,Other,978.133,155.242,764.564,433.444,0.0,0.0,10.0,669.5464788443526,358.14679688092184
P07T20,Other,380.495,131.733,368.896,200.342,402.149,196.326,1.0,679.3700764024628,335.9304625741348
P07T20,Other,599.959,127.875,586.262,180.69,0.0,0.0,12.0,668.4567194072267,358.7510822188857
P07T20,Other,588.287,131.668,578.44,180.702,603.894,188.565,11.0,680.0916568743637,337.69567633008876
P07T20,LElbow,584.317,127.865,570.568,180.789,584.339,182.717,11.0,671.1793737131118,359.4240721552064
P07T20,LKnee,259.114,112.127,272.885,178.761,288.519,176.803,0.0,681.5276011842834,337.06799836672184
P07T20,Other,962.32,153.339,699.913,417.852,1207.33,562.772,5.0,670.6407515631954,359.6450788884588
P07T20,Other,558.889,100.317,549.051,149.392,0.0,0.0,12.0,683.3266082661839,338.4251213506573
P07T20,LElbow,978.059,167.059,666.566,368.833,1219.08,507.895,5.0,671.9508604643479,359.8633796212141
P07T20,LElbow,978.013,163.106,680.353,366.86,0.0,0.0,10.0,684.4376984903322,338.14891901702606
P07T20,Other,545.129,106.259,527.57,163.038,0.0,0.0,12.0,672.1727770172745,360.55373155801675
P07T20,LKnee,0.0,0.0,243.4,178.822,261.072,167.065,4.0,684.0881966339468,338.9482576074426
P07T20,LKnee,243.422,114.081,233.646,178.715,259.078,168.971,0.0,673.7865063543735,360.7142003613509
P07T20,RKnee,476.484,72.9793,464.821,131.665,482.438,131.767,10.0,685.2498342914353,338.21127137525184
P07T20,LKnee,186.635,71.146,182.768,139.586,206.167,131.754,1.0,673.5522103290541,360.63210980890165
P07T20,LKnee,176.784,84.6707,176.813,151.317,196.362,149.323,1.0,686.6831015387253,338.6532792647839
P07T20,LKnee,174.865,96.4782,172.897,163.131,194.397,162.999,1.0,675.5001523195966,361.3257843404671
P07T20,LKnee,163.147,94.5343,163.087,163.102,184.694,157.224,1.0,685.9639336890573,340.1538508994383
P07T20,LKnee,151.358,98.4774,151.338,165.069,170.917,161.179,1.0,675.9903887042587,360.36937374004077
P07T20,LKnee,147.47,96.4973,145.44,163.178,167.023,161.143,1.0,687.5318400582144,339.8671323209219
P07T20,LKnee,139.582,86.6157,135.674,149.403,163.077,147.432,1.0,678.2507751404218,361.9446469870756
P07T20,LKnee,129.731,69.1332,120.032,147.407,143.515,139.626,1.0,687.7261266300444,338.73066496279444
P07T20,MidHip,382.566,57.3969,360.952,118.096,0.0,0.0,12.0,676.5036862339077,360.8598127521374
P07T20,LKnee,372.74,57.3922,353.092,118.007,0.0,0.0,2.0,690.0758358322998,338.85924127462465
P07T20,RKnee,874.315,76.9176,672.5,439.321,1134.76,486.365,5.0,691.9345376051843,339.0558724376974
P07T20,LKnee,343.352,88.6819,321.846,145.487,339.468,147.487,6.0,677.8423801001193,360.08921870403475
P07T20,RKnee,872.296,100.41,837.068,398.193,1185.81,560.81,6.0,691.9616817043828,338.66821630458907
P07T20,Other,895.815,108.26,866.425,384.502,1203.41,582.337,10.0,677.3551216671738,360.5198244071072
P07T20,Other,895.807,143.547,888.003,382.522,1179.86,596.065,9.0,693.8961471305565,339.38096578616387
P07T20,Other,376.651,110.197,364.867,167.004,378.594,169.013,0.0,678.1301781621275,359.01113628492794
P07T20,Other,821.338,131.693,758.682,339.453,993.776,519.644,5.0,694.6671332273424,339.2513424944893
P07T20,Other,788.053,145.467,770.446,351.19,1001.6,517.701,4.0,681.9918062034524,358.7311780963961
P07T20,Other,813.528,176.766,742.989,382.457,1044.72,490.286,5.0,695.2123237140813,338.82111149101416
P07T20,RKnee,811.557,176.815,729.29,386.511,1038.85,398.219,4.0,683.1411113276079,358.8879189671792
P07T20,Other,837.034,196.346,737.109,413.84,0.0,0.0,8.0,695.9354585582248,338.3642774579947
P07T20,Other,121.982,149.322,123.892,225.699,141.568,217.991,1.0,682.4791906066581,357.8675041566149
P07T20,Other,133.777,149.352,133.768,223.758,149.446,217.96,1.0,697.7357492527789,338.6322215862084
P07T20,Other,147.408,176.745,147.377,243.5,165.105,243.377,1.0,683.3901083331422,357.6720483785035
P07T20,Other,147.375,178.82,147.406,245.411,165.098,243.528,1.0,698.2653187766847,335.95182393708706
P07T20,Other,145.489,169.004,145.433,241.455,163.107,239.55,1.0,683.2860284352483,357.6846075660723
P07T20,Other,133.823,151.39,129.836,227.787,155.274,225.694,1.0,699.4050993059251,337.8593037166811
P07T20,Other,104.303,163.059,104.335,227.776,127.833,227.723,0.0,685.3187571159501,357.7280182206557
P07T20,Other,913.492,212.03,678.361,509.945,1172.04,695.963,10.0,698.4437522681776,336.63367861271036
P07T20,Other,384.401,155.289,355.122,210.097,368.881,210.189,3.0,685.7521422451655,356.7026620626949
P07T20,Other,989.846,243.446,895.823,552.992,1015.33,523.51,9.0,701.2983622969771,338.7164180849008
P07T20,Other,417.764,118.106,398.136,170.928,411.894,176.82,8.0,686.9607910826072,357.8378708871213
P07T20,Other,169.013,37.7126,149.44,104.302,170.97,106.272,1.0,702.128270064186,337.6232153860127
P07T20,Other,437.404,82.7022,411.853,133.664,429.591,135.653,7.0,687.1501729775134,358.01047288099295
P07T20,Other,962.415,182.73,895.826,402.169,1152.44,674.425,9.0,703.4526943472665,337.01782498137834
P07T20,Other,411.906,98.3937,384.44,147.484,396.255,151.337,1.0,688.7538839959933,357.06578131775
P07T20,Other,392.346,98.4621,368.843,155.305,388.426,161.12,1.0,704.5010181837065,336.979298405294
P07T20,Other,131.695,70.9873,120.051,145.496,135.699,141.554,1.0,689.2872914028712,357.21353106498145
P07T20,Other,394.277,104.316,370.813,165.056,396.246,170.927,1.0,706.2864920985903,337.0497026158027
P07T20,Other,394.271,114.122,376.622,168.963,384.546,172.887,3.0,689.1498489720104,357.63575452884794
P07T20,Other,380.601,110.219,357.053,165.061,368.828,169.011,2.0,708.4635487222569,337.3161637594603
P07T20,Other,956.542,208.135,697.962,515.754,0.0,0.0,11.0,688.290410878924,357.40590553387995
P07T20,Other,964.454,251.261,729.305,570.562,0.0,0.0,12.0,708.5302518525639,335.713718370546
P07T20,Other,360.981,114.125,323.748,178.738,360.998,176.809,2.0,687.8144543372719,358.838556539827
P07T20,Other,349.205,112.205,325.726,163.122,0.0,0.0,4.0,709.3053631309228,335.7271307703202
P07T20,Other,357.113,100.477,335.511,145.473,351.173,147.463,1.0,686.3131140918489,358.9946635600134
P07T20,Other,0.0,0.0,0.0,0.0,143.522,149.44,7.0,708.8233136515757,335.92083534749776
P07T20,LKnee,0.0,0.0,94.5613,174.889,117.991,178.777,5.0,685.9161446876383,359.00130543803846
P07T20,Other,372.708,100.475,353.158,151.341,376.672,159.148,3.0,702.2373779271632,346.57986124346877
P07T20,Other,1007.45,163.044,870.35,680.352,0.0,0.0,14.0,692.1128582471,378.8354371153638
P07T20,LKnee,72.9971,102.394,71.0599,163.129,90.6211,151.353,0.0,690.5528673387037,386.5440030459995
P07T20,LKnee,80.8246,104.371,74.9696,165.104,92.592,161.095,0.0,695.0728298094874,347.3068930461792
P07T20,Other,932.998,215.973,0.0,0.0,1203.4,635.256,14.0,190.38751809751182,558.4182547004152
P07T20,Other,940.911,241.504,0.0,0.0,0.0,0.0,13.0,1324.6314466656363,491.66830122441837
P07T20,Other,102.391,131.786,102.44,196.457,122.017,194.459,0.0,190.38751809751182,558.4182547004152
P07T20,Other,135.751,169.019,135.73,247.378,163.095,245.377,1.0,1324.6314466656363,491.66830122441837
P07T20,Other,125.901,172.933,129.75,255.171,147.42,251.286,1.0,1324.6314466656363,491.66830122441837
P07T20,Other,417.852,180.677,408.011,237.574,419.741,243.417,5.0,190.38751809751182,558.4182547004152
P07T20,Other,1025.17,174.817,780.242,400.141,1199.45,458.943,5.0,1324.6314466656363,491.66830122441837
P07T20,Other,993.859,149.462,837.02,366.76,1168.2,449.193,5.0,190.38751809751182,558.4182547004152
P07T20,Other,102.358,133.749,108.275,194.548,135.679,194.355,0.0,1324.6314466656363,491.66830122441837
P07T20,Other,106.321,137.665,115.994,204.209,133.748,198.335,0.0,190.38751809751182,558.4182547004152
P07T20,Other,376.663,131.706,359.008,194.486,378.639,196.469,0.0,1324.6314466656363,491.66830122441837
P07T20,Other,94.5063,131.719,96.4786,194.544,118.127,192.49,1.0,190.38751809751182,558.4182547004152
P07T20,Other,962.332,206.23,790.039,400.221,1127.0,478.509,4.0,693.2701862502959,352.2683778694282
P07T20,Other,964.333,219.95,782.193,413.812,1154.48,478.528,5.0,190.38751809751182,558.4182547004152
P07T20,Other,88.6688,145.438,88.6972,196.511,118.008,194.523,0.0,650.6207124853554,358.1047245563004
P07T20,Other,88.7039,137.616,88.6937,198.432,112.179,196.407,0.0,753.674140942707,103.6509815943692
P07T20,Other,0.0,0.0,96.4944,198.443,118.13,196.504,5.0,629.7849949794659,370.7370790932568
P07T20,Other,92.5878,139.623,90.6245,208.206,114.087,204.226,0.0,693.6491448652678,191.24593221519422
P07T20,Other,98.4919,145.416,100.38,198.364,121.955,196.449,0.0,623.2195416667146,371.63845690743466
P07T20,Other,100.342,127.804,104.301,188.602,119.992,182.673,0.0,690.5830167634165,181.66259132415757
P07T20,Other,388.414,123.901,380.541,180.729,384.499,180.817,1.0,649.1116237757044,433.6564310913241
P07T20,Other,141.571,116.08,147.434,194.444,165.117,190.491,0.0,683.2041855347381,179.49954725150968
P07T20,Other,178.679,141.544,180.811,214.123,198.412,210.21,1.0,632.8660498256438,450.26230335109494
P07T20,Other,476.54,159.18,466.763,215.993,0.0,0.0,3.0,684.6351890379004,178.71654472216017
P07T20,LKnee,453.104,163.079,445.191,225.729,445.185,223.847,1.0,628.1802856700263,469.4942591291324
P07T20,Other,55.3374,239.53,61.268,310.015,80.821,306.207,1.0,685.3327986720794,177.8146934269325
P07T20,Other,55.365,227.819,61.2571,304.178,78.8728,302.131,1.0,629.797374951956,478.9842206516488
P07T20,Other,327.66,239.465,308.098,306.177,333.539,308.126,3.0,686.0495064559478,176.89166195239116
P07T20,Other,55.2816,212.107,59.2938,288.534,76.9396,286.528,1.0,692.5737014048549,153.2738254073339
P07T20,Other,53.4077,196.504,55.3865,274.718,71.0268,270.848,1.0,683.7519216506189,171.15428325976214
P07T20,Other,55.3401,196.427,61.2583,270.793,76.899,266.956,1.0,693.7621774614075,154.1937301984959
P07T20,Other,351.248,210.081,335.551,272.881,360.979,274.767,11.0,684.1457821680453,171.54002024045704
P07T20,Other,86.7146,157.225,86.663,229.685,102.455,227.816,2.0,694.1213845362944,153.99559235261677
P07T20,Other,116.043,174.824,116.126,233.666,133.726,229.743,1.0,684.6742671859566,170.9955643485232
P07T20,Other,147.369,161.097,149.497,235.62,167.105,231.689,1.0,684.6569234532417,168.80277365724825
P07T20,Other,172.864,169.03,143.491,192.425,194.539,245.46,0.0,695.3785951129641,150.70088039203486
P07T20,LKnee,263.04,217.997,272.889,288.586,292.455,284.588,1.0,683.3364791152462,168.4756663401582
P07T20,Other,288.473,215.979,304.095,288.474,321.841,276.764,0.0,697.5820486977499,157.2902816015861
P07T20,Other,321.822,221.885,335.495,290.541,357.031,284.592,0.0,683.533592664861,168.64416571583175
P07T20,Other,570.585,163.047,333.527,549.032,0.0,0.0,12.0,698.3367648194053,154.45492846973943
P07T20,MidHip,539.185,163.167,306.136,572.536,0.0,0.0,13.0,683.3863615387088,168.621938459072
P07T20,LElbow,509.829,192.423,272.827,568.65,0.0,0.0,14.0,690.0503850842279,153.60215988636378
P07T20,MidHip,455.025,188.594,257.11,580.395,0.0,0.0,13.0,682.8094714517682,168.10026179595005
P07T20,MidHip,427.559,182.723,253.259,600.008,541.206,214.081,11.0,692.3812259358774,153.0558183795027
P07T20,Other,427.552,192.506,270.84,605.892,0.0,0.0,12.0,683.3768665838177,168.4300720831097
P07T20,Other,431.44,196.508,282.605,582.363,786.127,570.574,11.0,692.3812354035206,151.0079880379387
P07T20,Other,425.62,194.463,296.346,535.359,776.325,427.549,11.0,682.5019028733375,167.87136629441974
P07T20,MidHip,437.355,155.279,360.967,541.268,0.0,0.0,12.0,692.8881182068927,151.19569830187106
P07T20,MidHip,431.568,145.403,364.836,523.562,0.0,0.0,11.0,727.7082712082845,135.67342077529588
P07T20,RElbow,415.934,135.716,357.093,523.539,0.0,0.0,12.0,694.832281671065,149.86039281693488
P07T20,RElbow,1066.24,161.137,1064.32,217.939,0.0,0.0,11.0,727.4759684152284,135.94144860034885
P07T20,RElbow,411.872,145.455,364.844,513.773,0.0,0.0,12.0,692.5110732984829,150.3217322828574
P07T20,RElbow,417.76,153.336,382.591,523.61,0.0,0.0,12.0,727.1636879154184,134.96834154460478
P07T20,RElbow,445.211,159.179,413.806,525.581,0.0,0.0,12.0,692.1830016264348,149.7967562607921
P07T20,Other,476.563,165.07,439.328,539.263,0.0,0.0,10.0,726.3861095543236,134.99892402517173
P07T20,MidHip,507.814,178.701,464.787,554.958,0.0,0.0,11.0,693.8425537473511,149.5698270920415
P07T20,MidHip,537.231,194.389,492.281,568.63,0.0,0.0,10.0,726.2566932574258,135.16151690094566
P07T20,RElbow,564.75,194.476,507.961,566.67,0.0,0.0,10.0,693.0934772910914,149.35559850118378
P07T20,RElbow,1054.55,106.266,1072.1,165.11,1085.79,161.102,10.0,726.7272526701645,135.5653699064371
P07T20,RElbow,1132.81,106.275,1148.55,178.753,1168.17,167.012,0.0,692.6896849665586,149.22160968030997
P07T20,RElbow,1146.55,108.216,1166.23,178.687,1183.91,167.041,0.0,704.9988330969668,151.16544092739034
P07T20,RElbow,1152.5,98.4344,1179.87,163.195,1197.44,159.163,0.0,692.4064924808562,149.01330529781788
P07T20,RElbow,1177.92,84.6388,1199.45,155.242,1215.1,147.484,0.0,705.0704106729762,149.72707031660013
P07T20,RElbow,413.932,180.812,349.215,586.271,0.0,0.0,12.0,692.8339446660502,149.57527283567424
P07T20,MidHip,370.767,194.494,319.853,647.003,0.0,0.0,12.0,705.3117760458981,150.69243523033057
P07T20,MidHip,351.117,219.947,308.126,645.059,0.0,0.0,11.0,692.4299419304664,149.46144210484906
P07T20,MidHip,355.099,235.566,308.071,643.12,460.903,429.573,11.0,705.7510744722729,149.82668073883602
P07T20,RElbow,337.544,225.867,304.112,668.57,0.0,0.0,13.0,692.8905055228472,150.10527684393313
P07T20,Nose,333.534,210.112,0.0,0.0,0.0,0.0,20.0,704.3733351661124,149.85860322725236
P07T20,Neck,386.502,147.393,0.0,0.0,0.0,0.0,18.0,692.7849691014824,149.70516304640756
P07T20,Nose,nan,nan,nan,nan,nan,nan,nan,705.0509730882984,149.15890609441567
P07T20,Nose,290.41,127.827,0.0,0.0,0.0,0.0,20.0,691.910111380689,149.1771858546897
P07T20,RElbow,261.072,198.396,243.398,664.636,0.0,0.0,12.0,705.2311897375516,150.16098154499764
P07T20,MidHip,241.534,194.392,433.443,654.883,0.0,0.0,11.0,692.7286320859092,149.33659151757067
P07T20,RElbow,223.794,180.731,231.697,580.415,0.0,0.0,12.0,706.2098343509207,148.70684196837465
P07T20,RElbow,216.005,167.037,257.117,562.797,0.0,0.0,12.0,692.2437487548813,148.6919448012733
P07T20,RElbow,204.242,167.089,292.43,556.832,0.0,0.0,11.0,704.2054186017343,148.8884401547564
P07T20,Other,198.416,165.06,241.448,541.2,0.0,0.0,11.0,692.2669472911227,149.91172943395165
P07T20,Other,210.169,168.97,263.042,543.205,0.0,0.0,10.0,703.8490227985321,149.45679679494592
P07T20,RElbow,227.815,169.013,270.878,537.294,793.953,310.042,9.0,691.2376137782434,149.51651298276047
P07T20,RElbow,268.915,167.021,268.909,533.364,774.365,384.532,9.0,704.2437488218845,149.33582527153834
P07T20,RElbow,284.601,178.785,272.818,529.468,754.733,404.112,8.0,690.3791027596483,149.96256772273884
P07T20,Other,306.065,178.689,288.43,531.418,743.067,421.721,9.0,703.802368096329,148.22261277685152
P07T20,Other,325.726,174.893,286.508,523.555,733.217,431.561,9.0,690.7807159930342,149.40507000556627
P07T20,RElbow,337.404,165.023,288.419,502.062,727.293,437.414,9.0,747.5281130777296,153.023194369149
P07T20,Other,349.152,143.529,290.518,474.62,717.511,453.069,8.0,702.9009736484077,148.02860212081438
P07T20,RElbow,353.095,143.518,294.357,470.684,713.702,468.74,8.0,745.5008312698396,153.1765369283662
P07T20,RElbow,360.942,147.369,286.475,474.6,717.554,458.94,8.0,702.5805457757132,147.6256096200166
P07T20,RElbow,366.849,151.331,290.421,476.573,725.396,490.282,9.0,746.530679483384,153.76949848468146
P07T20,Other,384.436,163.096,288.463,490.28,746.933,492.256,10.0,701.0844258580939,147.97724854999527
P07T20,Other,404.094,176.832,290.442,511.846,774.352,519.666,9.0,744.6543571448422,153.91478282982308
P07T20,Other,425.615,198.334,294.39,556.892,799.846,549.073,10.0,701.0149466969008,147.42766241860267
P07T20,Other,431.515,229.69,290.495,617.664,842.937,519.65,10.0,757.0313927602783,153.81536996219145
P07T20,RElbow,435.468,251.247,272.798,652.888,923.252,519.659,10.0,704.5366527450042,149.2365267153052
P07T20,Other,447.261,276.716,259.143,686.185,878.182,605.868,10.0,778.0111910273163,158.61562561451527
P07T20,Other,476.564,288.399,0.0,0.0,940.899,601.955,14.0,729.060484802502,159.54380960990852
P07T20,Other,496.166,288.538,325.694,678.357,1007.49,601.991,11.0,808.158402957765,162.25166778619493
P07T20,Other,443.271,257.063,0.0,0.0,0.0,0.0,17.0,762.7483589709379,174.41169517307182
P07T20,Other,423.658,245.423,0.0,0.0,0.0,0.0,14.0,818.4366289516172,168.214651757885
P07T20,Other,427.55,243.362,0.0,0.0,0.0,0.0,14.0,777.5800689744017,180.36754569650626
P07T20,Other,437.383,245.407,0.0,0.0,0.0,0.0,15.0,822.4640408754103,181.9699863260881
P07T20,Other,454.99,255.219,0.0,0.0,0.0,0.0,13.0,773.1653757928987,175.68722213489366
P07T20,Other,462.868,274.844,0.0,0.0,0.0,0.0,15.0,822.3548234278521,180.42036446908796
P07T20,Other,451.128,296.317,0.0,0.0,0.0,0.0,15.0,768.5863741319633,174.07411995291827
P07T20,Other,437.407,308.068,0.0,0.0,1007.5,478.549,15.0,827.0497743371434,180.7336977968561
P07T20,Other,427.601,321.777,0.0,0.0,0.0,0.0,15.0,768.7903594971906,173.09097807434134
P07T20,Other,423.682,335.502,0.0,0.0,895.829,574.548,15.0,827.2352512292614,181.95278597251442
P07T20,Other,419.726,351.146,0.0,0.0,931.081,590.204,15.0,768.2099575700123,174.55268919636092
P07T20,Other,413.855,353.227,0.0,0.0,0.0,0.0,16.0,826.5907969806109,184.13736733583312
P07T20,Other,370.8,343.327,0.0,0.0,0.0,0.0,17.0,768.3128054528247,174.10744837026374
P07T20,Other,378.608,335.544,0.0,0.0,0.0,0.0,17.0,827.6691976602901,181.28432614350479
P07T20,Other,382.478,347.278,0.0,0.0,0.0,0.0,16.0,768.1903328661946,174.8385944359097
P07T20,Other,382.582,368.821,0.0,0.0,0.0,0.0,18.0,823.547833721499,181.90085981709942
P07T20,Other,392.294,382.522,0.0,0.0,0.0,0.0,17.0,767.3880512899746,171.76996332886932
P07T20,Other,390.35,392.323,0.0,0.0,0.0,0.0,17.0,825.0518342767559,182.8994092194601
P07T20,Other,386.416,396.228,0.0,0.0,0.0,0.0,18.0,766.8002048713839,172.67495314526013
P07T20,Other,396.184,394.299,0.0,0.0,0.0,0.0,18.0,822.0871497591195,182.96693808536367
P07T20,Other,402.111,372.731,0.0,0.0,0.0,0.0,15.0,765.962495030228,172.36796256839233
P07T20,Other,417.805,360.973,0.0,0.0,0.0,0.0,19.0,822.1843960941969,181.60922371447637
P07T20,Other,445.193,353.136,0.0,0.0,0.0,0.0,17.0,764.8116261731816,172.60685409832018
P07T20,Other,460.923,351.099,0.0,0.0,0.0,0.0,16.0,822.9204154154477,183.21944893323098
P07T20,Other,441.3,349.237,0.0,0.0,0.0,0.0,16.0,763.3603027531727,173.26841284107425
P07T20,Other,404.114,353.209,0.0,0.0,946.754,635.222,15.0,820.650325273873,182.03596714922517
P07T20,Other,370.79,339.425,476.561,599.968,835.068,588.214,13.0,763.4196253839075,175.04774871096296
P07T20,Neck,339.462,331.572,0.0,0.0,756.713,590.192,15.0,820.9452733317255,181.28877980801485
P07T20,Other,304.223,306.137,0.0,0.0,680.326,605.882,15.0,762.5647085221789,174.41451200858162
P07T20,Other,274.765,268.919,0.0,0.0,0.0,0.0,15.0,818.6934865345922,181.45577948333013
P07T20,Other,270.867,225.772,0.0,0.0,609.778,568.665,15.0,762.2266358317356,175.2210331585476
P07T20,Other,278.701,161.127,0.0,0.0,619.596,533.365,11.0,817.5750262192081,180.09877453310582
P07T20,Other,337.519,116.151,0.0,0.0,650.937,527.515,14.0,761.5311767721506,174.20117573103732
P07T20,Other,368.876,86.781,0.0,0.0,676.424,531.412,11.0,818.6769197435302,180.38450665780078
P07T20,Other,417.822,71.0392,656.79,607.814,725.328,509.853,10.0,762.025623328303,174.8576759639583
P07T20,Other,590.224,118.036,733.218,525.592,862.508,474.604,11.0,818.8827647788626,181.32196389714963
P07T20,Other,621.539,120.036,727.321,535.324,893.872,474.622,13.0,762.4100787401829,173.8956371410004
P07T20,Other,652.956,125.885,715.604,519.678,923.263,470.701,11.0,816.4886213997717,180.0288670857192
P07T20,RElbow,690.124,123.917,680.344,519.69,960.462,480.465,11.0,759.842707770591,173.266114773719
P07T20,Other,713.64,118.142,0.0,0.0,991.792,490.24,12.0,819.0230829477996,179.60430426894482
P07T20,Other,729.344,112.199,615.671,523.55,1017.26,490.251,11.0,760.7999498435665,173.62802636696438
P07T20,LElbow,743.058,104.342,474.578,523.581,1032.96,507.875,10.0,816.9539322912049,181.18703695343808
P07T20,LElbow,742.967,100.402,433.444,539.256,1034.93,500.085,9.0,760.6907953048108,174.56712611573678
P07T20,LElbow,717.559,98.4611,388.396,513.806,1048.65,539.263,9.0,817.304846829759,180.72788912152706
P07T20,LElbow,699.978,94.549,382.512,386.456,1050.57,507.942,9.0,761.8994625497603,174.43574802594821
P07T20,RElbow,709.678,102.39,390.376,419.752,1056.41,511.842,9.0,819.9740140731478,179.68814568918762
P07T20,Other,721.471,119.983,398.193,466.773,1040.82,504.017,9.0,761.4532609576868,175.5477449198783
P07T20,Other,733.233,151.331,488.297,537.292,989.88,478.545,9.0,820.4015550116926,180.6924298643022
P07T20,Other,758.757,170.918,0.0,0.0,1095.67,478.539,11.0,760.4456187153078,174.74008016391215
P07T20,Other,790.034,192.461,611.733,648.985,1052.53,415.805,10.0,820.6605687442554,182.99577355708482
P07T20,Other,805.612,182.743,643.083,649.015,1191.64,333.549,10.0,759.0638136532593,174.392986282322
P07T20,Other,807.684,174.814,648.989,633.264,1123.08,447.218,10.0,820.5840234888738,182.58411799080815
P07T20,LElbow,823.362,167.092,654.831,613.723,1162.28,564.734,10.0,757.4845942338534,174.24264158715312
P07T20,LElbow,836.958,147.376,639.185,560.846,1213.2,598.04,9.0,818.24740961729,181.15755640828863
P07T20,Other,866.448,116.099,707.719,460.913,0.0,0.0,10.0,759.0376657166955,173.80264448500745
P07T20,LElbow,901.673,98.4151,0.0,0.0,1107.44,623.495,10.0,817.5217111254325,180.63060629297084
P07T20,Other,950.649,100.375,658.74,366.845,0.0,0.0,11.0,758.6545957658459,173.80661085043263
P07T20,Other,1011.45,117.991,650.998,407.979,997.712,715.625,10.0,818.7548376667726,182.15109270777643
P07T20,Other,1060.38,127.833,797.891,335.576,0.0,0.0,11.0,757.5753355245113,174.88807679340698
P07T20,Other,1078.06,133.722,852.692,425.597,0.0,0.0,11.0,820.4004245293111,182.13867293329918
P07T20,Other,964.41,184.683,770.439,449.124,1089.78,615.676,10.0,758.1117882584724,174.59505624248592
P07T20,Other,938.901,194.522,762.595,464.813,1140.73,648.997,10.0,757.0329157720219,175.2698670963669
P07T20,Other,932.969,200.317,799.807,456.967,1166.22,660.73,10.0,819.2225335520313,182.961416722903
P07T20,Other,933.028,198.347,813.536,460.89,1209.28,688.138,9.0,757.7035837781278,175.62764963238067
P07T20,Other,933.041,194.508,786.111,476.585,0.0,0.0,11.0,818.6550182637247,182.6150570231691
P07T20,Other,933.131,210.032,776.364,488.327,0.0,0.0,11.0,756.2980836003287,175.41980229417803
P07T20,Other,931.038,219.901,827.262,488.303,0.0,0.0,12.0,818.5463996388847,181.07867985114396
P07T20,Other,929.14,216.011,819.381,478.543,0.0,0.0,11.0,757.2150418679062,174.4772664886868
P07T20,Other,931.039,217.99,741.044,507.88,0.0,0.0,12.0,818.8240779392365,184.72814751248734
P07T20,LElbow,944.738,229.731,742.95,509.882,0.0,0.0,13.0,756.6178138302713,175.9927168986694
P07T20,Other,944.724,229.714,807.64,478.471,0.0,0.0,11.0,818.2260616874717,183.9616930146685
P07T20,Other,958.474,237.562,758.691,490.284,0.0,0.0,13.0,756.761557309047,176.5101406802536
P07T20,Other,978.064,241.391,776.295,492.241,0.0,0.0,11.0,817.723700082074,182.37339943027524
P07T20,Neck,976.12,229.714,742.967,556.869,0.0,0.0,13.0,756.0850619864282,177.78892805438574
P07T20,Other,968.336,221.842,692.054,515.761,0.0,0.0,13.0,816.2743539850255,186.02889227562534
P07T20,Other,982.065,227.826,727.27,562.764,0.0,0.0,12.0,755.2544943045186,178.14436916048658
P07T20,Other,1007.42,231.665,715.588,541.174,0.0,0.0,14.0,817.6147249947779,185.84613031854485
P07T20,Other,1070.13,306.121,741.069,666.593,0.0,0.0,14.0,754.304895676087,177.15791471590336
P07T20,Other,1056.39,313.975,0.0,0.0,0.0,0.0,15.0,816.4556391024362,184.5015544184066
P07T20,LElbow,1058.49,225.72,793.933,541.25,0.0,0.0,12.0,753.4505654981127,177.32902293701662
P07T20,LElbow,1046.7,196.476,815.466,535.321,0.0,0.0,12.0,817.0082600731449,186.19756843980466
P07T20,LElbow,1050.6,194.384,827.253,505.984,0.0,0.0,11.0,752.996381547769,177.32574426112464
P07T20,Other,1046.65,192.432,856.671,500.083,0.0,0.0,11.0,816.5230586367755,187.28094391840318
P07T20,Other,1074.08,237.555,933.0,511.852,0.0,0.0,12.0,753.2225301381635,176.85763755564017
P07T20,LElbow,1074.2,253.244,913.447,490.278,0.0,0.0,12.0,815.3880391083621,186.46628639389812
P07T20,LElbow,1058.36,270.874,886.053,500.081,0.0,0.0,12.0,753.2281497957695,177.63665172436458
P07T20,LElbow,1044.71,306.152,807.649,513.794,0.0,0.0,14.0,816.5018234223417,188.3194063149443
P07T20,Other,1054.46,337.549,870.368,547.09,960.44,611.747,9.0,753.2773845087481,178.05839142538355
P07T20,LElbow,1017.29,327.685,840.942,535.348,0.0,0.0,10.0,815.1427419464981,188.72936544787322
P07T20,Other,876.214,270.883,727.339,482.466,0.0,0.0,10.0,754.8932347348876,178.41985574751342
P07T20,Other,854.699,321.844,744.915,541.265,1021.22,715.62,9.0,815.4125107694604,186.85308676626542
P07T20,Other,823.423,321.852,719.522,525.602,982.022,715.627,9.0,754.3947433365961,177.87767022961853
P07T20,Other,805.644,310.013,680.295,498.15,0.0,0.0,10.0,814.7648384193164,187.5983682394162
P07T20,Other,791.946,302.153,684.223,507.911,948.805,715.635,9.0,814.9818833366629,188.27946691756074
P07T20,Other,794.006,292.383,672.475,492.246,948.74,715.625,9.0,814.3403004669615,187.3594953313624
P07T20,Other,805.615,272.847,652.881,466.792,925.18,697.905,9.0,814.243581878581,188.64771835774255
P07T20,Other,805.594,255.212,656.791,476.61,917.453,693.975,9.0,814.7326323139193,188.13134741379824
P07T20,Other,805.766,245.395,660.692,488.307,929.085,680.26,9.0,813.4983735227465,188.85457635043082
P07T20,Other,807.598,239.509,652.868,478.534,933.13,676.387,9.0,811.7452752495718,185.25916903222534
P07T20,Other,809.666,237.556,647.002,474.621,942.849,666.599,9.0,810.7782452652725,185.9845835385985
P07T20,Other,811.553,225.738,635.299,456.978,948.772,652.915,9.0,753.856493779941,176.93830501360824
P07T20,Other,817.446,204.237,643.094,431.545,962.435,621.575,8.0,813.896497798703,187.8300103063699
P07T20,Other,837.128,208.124,686.186,433.477,995.733,584.333,8.0,751.7838021369864,176.74979718474583
P07T20,Other,833.107,219.921,690.111,439.358,1003.59,572.578,9.0,814.2990121177477,187.21758517294293
P07T20,Other,825.277,227.741,682.323,433.471,1072.13,564.728,9.0,812.9552475112132,186.04997913709602
P07T20,Other,827.269,231.654,684.297,431.598,1036.84,543.194,9.0,752.4428809830856,177.46442014937955
P07T20,Other,838.938,235.565,705.813,439.35,1056.41,492.268,9.0,812.6511145413147,186.55459605000837
P07T20,Other,848.779,237.555,701.863,439.318,1076.06,494.172,9.0,750.0340020854339,176.61444314043405
P07T20,Other,854.65,241.537,707.725,447.23,1121.05,447.15,9.0,815.185618895707,188.04386349309297
P07T20,Other,856.632,243.532,711.6,460.883,0.0,0.0,10.0,750.5245897539307,177.64597890481463
P07T20,Other,860.578,245.387,711.657,455.045,1123.07,392.309,9.0,814.3465184115598,185.80031736972884
P07T20,Other,866.357,245.425,715.574,460.83,0.0,0.0,10.0,750.2245828435523,177.0104417741526
P07T20,Other,866.388,247.395,713.619,462.833,1205.36,353.144,9.0,814.049169097297,187.89171199311988
P07T20,Other,854.692,251.275,713.551,474.586,1199.45,306.133,9.0,750.1184370229046,176.60964928260952
P07T20,Other,854.594,257.136,719.491,484.413,1172.08,427.593,10.0,814.0489336099849,186.13201983543365
P07T20,Other,852.748,257.084,721.448,466.805,1228.86,400.172,9.0,751.25486873865,176.58592833034461
P07T20,Other,850.724,249.338,729.376,476.545,1240.63,478.55,9.0,816.1719599454138,188.1105069199682
P07T20,Other,801.767,235.602,723.431,523.578,0.0,0.0,12.0,750.7262368791731,176.25681612860865
P07T20,Other,790.074,245.361,717.554,525.543,0.0,0.0,12.0,816.1940798943812,187.26281848234495
P07T20,Other,788.037,249.327,713.585,539.276,0.0,0.0,12.0,751.5466857263771,175.78436182492007
P07T20,Other,790.104,272.868,711.68,560.799,0.0,0.0,12.0,815.9445671135929,186.40516583994233
P07T20,Other,791.952,288.403,696.039,570.625,0.0,0.0,12.0,750.3404209245982,175.57196172632936
P07T20,Other,788.03,306.093,680.358,570.583,0.0,0.0,14.0,814.7315013878788,185.9932921854361
P07T20,Other,786.121,335.537,670.5,621.578,0.0,0.0,14.0,749.8199974081722,175.48176617694548
P07T20,Other,774.335,355.151,654.865,621.589,0.0,0.0,15.0,816.4490899141338,187.16947506558589
P07T20,Other,776.36,384.467,664.571,662.681,0.0,0.0,16.0,752.6137732782905,175.54527352055197
P07T20,Other,788.061,368.823,676.351,664.582,0.0,0.0,16.0,815.3786564689239,188.20701885891805
P07T20,Other,795.939,368.752,635.329,617.609,0.0,0.0,16.0,750.2966628368551,175.02487616120138
P07T20,Other,788.102,337.523,627.433,648.991,0.0,0.0,15.0,815.058392494014,188.66461724926555
P07T20,Other,791.983,337.407,615.687,664.619,0.0,0.0,16.0,751.0328024456921,176.0652740302825
P07T20,Other,792.051,345.318,601.875,666.614,0.0,0.0,15.0,815.3761828685324,189.04753374131442
P07T20,Other,817.466,343.36,617.631,664.683,0.0,0.0,15.0,814.5685040285582,189.8342311572527
P07T20,Other,919.367,306.133,762.629,611.719,0.0,0.0,14.0,815.0214120186666,191.08261224482374
P07T20,Other,925.182,284.563,788.036,601.94,0.0,0.0,14.0,816.09055601479,189.97860259140612
P07T20,Other,925.189,253.249,772.381,598.024,0.0,0.0,14.0,818.2814833260727,198.67144115187108
P07T20,Other,909.554,237.531,739.067,588.258,0.0,0.0,12.0,810.6939822686568,207.59765983879893
P07T20,Other,899.691,227.816,707.736,570.634,0.0,0.0,12.0,919.8057565037175,106.05747213409494
P07T20,Other,903.666,243.42,668.615,584.292,0.0,0.0,11.0,922.5942202217814,149.03476616696898
P07T20,Other,927.151,251.298,666.588,568.635,0.0,0.0,11.0,919.9330944092528,115.47820630972987
P07T20,Other,954.587,249.34,670.501,545.131,0.0,0.0,12.0,1018.4042703454352,227.90945695455642
P07T20,Other,979.989,257.163,680.384,537.328,0.0,0.0,13.0,204.64431887190304,523.5709964161841
P07T20,Other,979.983,245.375,680.283,507.895,0.0,0.0,12.0,1267.761509224865,429.33564425622654
P07T20,Other,962.385,227.778,670.51,507.878,0.0,0.0,11.0,204.64431887190304,523.5709964161841
P07T20,Other,962.328,229.7,678.339,509.844,0.0,0.0,10.0,1267.761509224865,429.33564425622654
P07T20,Other,968.346,227.686,699.894,494.194,0.0,0.0,11.0,204.64431887190304,523.5709964161841
P07T20,Other,984.028,225.719,729.315,494.139,0.0,0.0,10.0,1267.761509224865,429.33564425622654
P07T20,Other,1009.42,239.492,758.632,502.046,0.0,0.0,10.0,204.64431887190304,523.5709964161841
P07T20,MidHip,1001.62,259.075,782.227,509.842,0.0,0.0,11.0,1267.761509224865,429.33564425622654
P07T20,MidHip,995.665,270.857,793.962,521.647,0.0,0.0,12.0,204.64431887190304,523.5709964161841
P07T20,Other,984.001,286.527,799.833,529.49,0.0,0.0,11.0,1267.761509224865,429.33564425622654
P07T20,Other,985.968,286.484,801.775,537.292,0.0,0.0,11.0,204.64431887190304,523.5709964161841
P07T20,MidHip,982.065,278.693,803.752,505.937,0.0,0.0,11.0,1267.761509224865,429.33564425622654
P07T20,MidHip,995.759,270.861,815.519,480.49,0.0,0.0,11.0,54011.77340213928,72000.0
P07T20,MidHip,1027.07,270.8,799.814,482.478,0.0,0.0,11.0,1267.761509224865,429.33564425622654
P07T20,Other,1040.7,255.175,788.082,476.52,0.0,0.0,10.0,6345.081776509691,35899.92489234906
P07T20,Other,1048.63,239.521,807.67,478.504,0.0,0.0,11.0,1267.761509224865,429.33564425622654
P07T20,Other,1056.38,227.787,821.333,462.913,0.0,0.0,12.0,7397.575994163342,41437.31686958603
P07T20,Other,1058.41,208.141,754.756,472.649,0.0,0.0,11.0,1267.761509224865,429.33564425622654
P07T20,MidHip,1062.36,198.417,0.0,0.0,0.0,0.0,12.0,22341.90925972795,72000.0
P07T20,Other,1072.19,210.029,772.359,453.04,0.0,0.0,11.0,1267.761509224865,429.33564425622654
P07T20,MidHip,1074.07,208.189,758.673,455.029,0.0,0.0,11.0,66569.12939964671,72000.0
P07T20,MidHip,1068.19,225.774,0.0,0.0,0.0,0.0,11.0,1267.761509224865,429.33564425622654
P07T20,LElbow,1138.83,341.407,835.088,519.655,0.0,0.0,14.0,128000.0,72000.0
P07T20,LElbow,1150.53,355.151,856.632,586.261,0.0,0.0,14.0,610.8048462062859,484.9805229554273
P07T20,Other,1148.5,361.003,838.945,517.726,0.0,0.0,14.0,1267.761509224865,429.33564425622654
P07T20,Other,1144.61,357.076,840.96,543.193,0.0,0.0,12.0,128000.0,72000.0
P07T20,MidHip,1134.9,343.338,837.104,509.888,0.0,0.0,12.0,617.299760632527,468.7889208656551
P07T20,MidHip,1123.15,323.8,823.328,498.143,0.0,0.0,12.0,613.1512287688018,479.3137712375376
P07T20,MidHip,1123.09,315.901,823.308,507.927,0.0,0.0,12.0,128000.0,-72000.0
P07T20,MidHip,1127.01,306.207,827.279,507.954,0.0,0.0,10.0,-3640.429279410389,6901.485734719537
P07T20,MidHip,1134.74,302.152,831.15,511.856,0.0,0.0,11.0,611.7912600140014,482.95679243774316
P07T20,LElbow,1132.88,304.115,852.741,545.125,0.0,0.0,11.0,676.2298334321597,325.57864209993267
P07T20,LElbow,1134.88,308.139,0.0,0.0,0.0,0.0,12.0,128000.0,-72000.0
P07T20,LElbow,1136.84,335.478,858.592,590.232,0.0,0.0,12.0,-110.79936848965804,1704.9403236751648
P07T20,RElbow,1150.52,366.774,882.122,619.595,0.0,0.0,15.0,-432.3704192804868,2266.0930435623395
P07T20,RElbow,1166.17,378.628,885.98,647.035,0.0,0.0,14.0,128000.0,-72000.0
P07T20,MidHip,1170.11,370.79,884.082,666.619,0.0,0.0,13.0,-310.37390248448435,2040.3445409867863
P07T20,RElbow,1175.98,337.404,868.453,670.501,0.0,0.0,15.0,128000.0,-72000.0
P07T20,RElbow,1183.79,321.74,0.0,0.0,0.0,0.0,15.0,-145.6618621639453,1779.6180583697
P07T20,RElbow,1189.66,321.869,874.285,639.177,0.0,0.0,15.0,128000.0,-72000.0
P07T20,RElbow,1195.59,321.761,886.013,621.58,0.0,0.0,15.0,-69.40671923248455,1633.6230496828878
P07T20,Neck,1203.44,313.959,880.145,599.988,0.0,0.0,15.0,128000.0,-72000.0
P07T20,Neck,1215.22,294.345,964.334,509.819,0.0,0.0,17.0,723.7046288614922,235.88856450077023
P07T20,Neck,1219.11,274.73,0.0,0.0,0.0,0.0,18.0,128000.0,-72000.0
P07T20,RElbow,1217.13,264.958,901.663,478.507,0.0,0.0,17.0,-1395.4298059757148,4572.450563081172
P07T20,Other,1199.53,243.488,852.678,505.971,0.0,0.0,15.0,128000.0,-72000.0
P07T20,Other,1181.88,235.568,868.353,509.896,0.0,0.0,12.0,-863.5905272551287,3453.7828119031888
P07T20,LElbow,1168.12,241.456,860.56,505.929,0.0,0.0,12.0,128000.0,-72000.0
P07T20,LElbow,1160.29,247.327,870.343,592.143,0.0,0.0,12.0,-60.240210388384526,1520.4380706050915
P07T20,MidHip,1160.29,245.42,856.626,617.62,0.0,0.0,12.0,128000.0,-72000.0
P07T20,MidHip,1158.33,227.818,815.492,605.865,0.0,0.0,12.0,-5080.317525735247,9761.999636616492
P07T20,Other,1150.54,219.887,758.726,556.893,0.0,0.0,10.0,128000.0,-72000.0
P07T20,LElbow,1134.79,194.521,0.0,0.0,0.0,0.0,12.0,-6150.415323739061,11042.330256886857
P07T20,LElbow,1115.23,178.832,721.446,525.568,0.0,0.0,7.0,128000.0,-72000.0
P07T20,Other,1107.39,192.508,719.485,537.292,0.0,0.0,14.0,-5550.397200011452,10054.514990708396
P07T20,LElbow,1103.41,212.021,709.658,586.28,0.0,0.0,14.0,128000.0,-72000.0
P07T20,LElbow,1087.89,221.911,695.964,562.775,0.0,0.0,12.0,-4754.001374771164,8924.87257210686
P07T20,Other,1076.08,225.798,697.976,560.809,0.0,0.0,14.0,128000.0,-72000.0
P07T20,Other,1083.93,243.421,601.933,549.028,0.0,0.0,14.0,-4077.581896508505,7944.825258167308
P07T20,Other,1081.94,255.167,729.25,529.459,0.0,0.0,14.0,1267.761509224865,429.33564425622654
P07T20,LElbow,1087.73,264.974,713.631,554.898,0.0,0.0,14.0,-4646.034608782917,9022.381277273176
P07T20,LElbow,1078.05,272.723,690.123,584.287,0.0,0.0,14.0,1267.761509224865,429.33564425622654
P07T20,LElbow,1058.47,274.823,693.997,560.847,0.0,0.0,14.0,-6660.474227162211,8872.015685890352
P07T20,Other,1023.15,274.822,678.325,574.557,0.0,0.0,15.0,1267.761509224865,429.33564425622654
P07T20,Other,981.99,286.519,660.726,580.407,0.0,0.0,15.0,-26774.152754919432,29904.133678159935
P07T20,Other,925.192,292.416,619.551,605.883,0.0,0.0,16.0,128000.0,-72000.0
P07T20,Other,860.554,306.166,0.0,0.0,0.0,0.0,17.0,-128000.0,72000.0
P07T20,Other,770.405,323.749,494.158,682.317,0.0,0.0,16.0,128000.0,-72000.0
P07T20,Other,nan,nan,nan,nan,nan,nan,nan,-41017.53285834602,36528.561436762924
P07T20,Other,nan,nan,nan,nan,nan,nan,nan,128000.0,-72000.0
P07T20,Other,nan,nan,nan,nan,nan,nan,nan,-99499.86374822802,72000.0
P07T20,Other,nan,nan,nan,nan,nan,nan,nan,128000.0,-72000.0
P07T20,Other,nan,nan,nan,nan,nan,nan,nan,-115442.67555714861,72000.0
P07T20,Other,nan,nan,nan,nan,nan,nan,nan,128000.0,-72000.0
P07T20,Other,0.0,0.0,0.0,0.0,0.0,0.0,21.0,-128000.0,72000.0
P07T20,Other,nan,nan,nan,nan,nan,nan,nan,128000.0,-72000.0
P07T20,Other,nan,nan,nan,nan,nan,nan,nan,-32574.058492240707,25064.889433585537
P07T20,Other,1262.17,243.456,0.0,0.0,0.0,0.0,19.0,128000.0,-72000.0
P07T20,Other,nan,nan,nan,nan,nan,nan,nan,-39981.21267773134,31031.692395833503
P07T20,Other,nan,nan,nan,nan,nan,nan,nan,128000.0,-72000.0
P07T20,Other,nan,nan,nan,nan,nan,nan,nan,-112526.54505227544,72000.0
P07T20,Other,nan,nan,nan,nan,nan,nan,nan,128000.0,-72000.0
P07T20,Other,0.0,0.0,0.0,0.0,0.0,0.0,16.0,-104757.11650568737,72000.0
P07T20,Other,nan,nan,nan,nan,nan,nan,nan,128000.0,-72000.0
P07T20,Other,1103.51,5.33641,0.0,0.0,1199.56,212.102,18.0,-104700.71893131993,72000.0
P07T20,Other,nan,nan,nan,nan,nan,nan,nan,128000.0,-72000.0
P07T20,Other,nan,nan,nan,nan,nan,nan,nan,-128000.0,72000.0
P07T20,Other,nan,nan,nan,nan,nan,nan,nan,128000.0,-72000.0
P07T20,Other,nan,nan,nan,nan,nan,nan,nan,-128000.0,72000.0
P07T20,Other,895.786,5.36463,839.012,108.263,940.865,112.175,4.0,128000.0,-72000.0
P07T20,Other,nan,nan,nan,nan,nan,nan,nan,-128000.0,72000.0
P07T20,Other,515.726,251.255,0.0,0.0,0.0,0.0,16.0,128000.0,-72000.0
P07T20,Other,839.086,174.847,756.669,212.09,829.2,274.793,8.0,128000.0,-72000.0
P07T20,Other,nan,nan,nan,nan,nan,nan,nan,-128000.0,72000.0
P07T20,Other,840.973,180.82,758.6,225.797,809.653,274.834,7.0,128000.0,-72000.0
P07T20,Other,nan,nan,nan,nan,nan,nan,nan,-128000.0,72000.0
P07T20,Other,nan,nan,nan,nan,nan,nan,nan,128000.0,-72000.0
P07T20,Other,776.281,184.657,709.685,243.428,0.0,0.0,4.0,-128000.0,72000.0
P07T20,Other,1228.85,51.4305,1230.81,149.327,1262.14,133.793,5.0,128000.0,-72000.0
P07T20,Other,1183.84,37.6793,1185.82,135.736,1215.19,133.745,0.0,-128000.0,72000.0
P07T20,Other,1130.87,37.7215,1127.03,133.714,1148.52,129.772,0.0,128000.0,-72000.0
P07T20,Other,995.746,41.6656,993.726,143.515,1021.2,137.639,1.0,-128000.0,72000.0
P07T20,Other,899.779,37.6998,909.558,123.919,938.928,110.201,0.0,-128000.0,72000.0
P07T20,Other,795.93,5.36179,805.634,72.9575,840.996,57.3762,0.0,-128000.0,72000.0
P07T20,Other,745.01,5.37269,0.0,0.0,0.0,0.0,9.0,-128000.0,72000.0
P07T20,Other,725.372,5.36723,727.358,84.6423,776.322,71.0005,0.0,-128000.0,72000.0
P07T20,Other,0.0,0.0,0.0,0.0,0.0,0.0,12.0,-128000.0,72000.0
P07T20,Other,662.709,5.365,680.209,88.6905,729.261,71.1002,0.0,-128000.0,72000.0
P07T20,Other,645.066,5.36071,652.853,84.7099,713.673,67.1339,0.0,-128000.0,72000.0
P07T20,Other,617.552,5.37364,633.345,73.0704,666.632,57.3838,1.0,-128000.0,72000.0
P07T20,Other,603.899,5.37656,629.342,71.0809,658.767,61.2511,1.0,-128000.0,72000.0
P07T20,Other,611.749,5.37414,629.393,78.8721,668.548,68.9902,0.0,-128000.0,72000.0
P07T20,Other,619.662,5.3598,631.366,88.6494,680.251,74.9711,0.0,-128000.0,72000.0
P07T20,Other,586.247,5.36641,598.066,72.9846,0.0,0.0,3.0,-128000.0,72000.0
P07T20,Other,543.21,5.37422,556.999,74.9347,592.161,63.1881,1.0,-128000.0,72000.0
P07T20,Other,527.494,5.34801,541.177,94.5711,586.317,71.0995,0.0,-128000.0,72000.0
P07T20,Other,590.255,5.34203,615.629,88.6825,662.687,67.1379,0.0,-128000.0,72000.0
P07T20,Other,605.948,5.35453,631.362,84.803,680.284,65.1267,0.0,-128000.0,72000.0
P07T20,Other,623.55,5.36546,646.97,78.8709,682.273,59.2646,0.0,-128000.0,72000.0
P07T20,Other,0.0,0.0,0.0,0.0,0.0,0.0,12.0,-128000.0,72000.0
P07T20,Other,625.479,5.37723,652.933,61.2173,699.948,39.6653,1.0,-128000.0,72000.0
P07T20,Other,617.651,5.38398,645.079,55.3556,690.083,37.6903,1.0,-128000.0,72000.0
P07T20,Other,617.625,5.3849,643.105,55.3063,682.235,37.7174,1.0,128000.0,-72000.0
P07T20,Other,0.0,0.0,633.239,53.3394,682.264,35.7159,4.0,-128000.0,72000.0
P07T20,Other,0.0,0.0,621.512,51.4763,666.659,24.0463,5.0,128000.0,-72000.0
P07T20,Other,586.198,5.3785,607.811,55.3188,648.959,39.6465,1.0,-128000.0,72000.0
P07T20,Other,570.646,5.38038,594.101,55.3104,633.284,41.6967,1.0,128000.0,-72000.0
P07T20,Other,556.877,5.37765,584.33,55.3125,619.556,41.6255,1.0,-128000.0,72000.0
P07T20,Other,541.203,5.37673,568.586,57.3036,601.952,41.6573,1.0,128000.0,-72000.0
P07T20,Other,525.505,39.7902,552.999,118.057,580.43,104.353,0.0,-128000.0,72000.0
P07T20,Other,525.584,57.3611,554.888,133.723,582.374,120.074,0.0,-128000.0,72000.0
P07T20,Other,529.502,69.144,555.008,147.45,582.37,133.802,0.0,128000.0,-72000.0
P07T20,Other,541.259,82.8028,568.636,155.263,592.184,147.417,0.0,-128000.0,72000.0
P07T20,Other,545.185,90.6579,572.519,167.018,601.903,159.15,0.0,128000.0,-72000.0
P07T20,Other,547.1,104.375,570.613,182.72,594.098,172.902,0.0,-128000.0,72000.0
P07T20,Other,551.038,123.963,570.669,202.258,603.938,194.422,0.0,-128000.0,72000.0
P07T20,Other,556.819,135.733,582.344,212.17,613.678,206.223,0.0,-128000.0,72000.0
P07T20,Other,568.628,149.488,590.161,227.75,617.645,214.079,0.0,213.53295218867842,499.539444913728
P07T20,Other,584.289,163.002,603.916,241.395,633.255,229.769,0.0,-128000.0,72000.0
P07T20,Other,603.837,165.179,621.531,245.382,660.712,235.591,1.0,128000.0,-72000.0
P07T20,Other,619.503,178.831,635.218,259.091,668.577,249.315,0.0,-128000.0,72000.0
P07T20,Other,625.483,196.519,635.238,284.53,662.689,274.757,0.0,213.53295218867842,499.539444913728
P07T20,Other,600.016,237.542,603.946,319.867,647.022,315.92,0.0,128000.0,-72000.0
P07T20,Other,598.068,239.475,603.899,321.778,645.07,317.902,0.0,213.53295218867842,499.539444913728
P07T20,Other,603.835,241.485,611.723,327.68,654.868,321.77,1.0,128000.0,-72000.0
P07T20,Other,603.972,243.518,613.693,335.467,650.897,333.567,0.0,213.53295218867842,499.539444913728
P07T20,Other,609.79,261.065,617.565,351.231,650.957,349.236,0.0,128000.0,-72000.0
P07T20,Other,619.662,286.542,627.451,370.829,666.572,366.918,0.0,213.53295218867842,499.539444913728
P07T20,Other,633.34,306.222,639.214,398.171,674.429,394.265,0.0,128000.0,-72000.0
P07T20,Other,643.128,321.891,648.967,413.86,682.34,409.933,0.0,213.53295218867842,499.539444913728
P07T20,Other,656.802,333.545,662.713,415.925,699.915,413.914,0.0,213.53295218867842,499.539444913728
P07T20,Other,666.609,331.589,674.436,415.762,711.62,411.864,1.0,128000.0,-72000.0
P07T20,Other,678.307,319.832,684.264,400.196,713.656,398.128,0.0,-128000.0,72000.0
P07T20,Other,713.697,317.879,715.556,400.136,742.975,392.323,1.0,128000.0,-72000.0
P07T20,Other,711.732,321.711,713.719,402.095,748.881,398.219,1.0,-128000.0,72000.0
P07T20,Other,711.603,323.783,711.682,409.979,743.01,402.172,1.0,128000.0,-72000.0
P07T20,Other,715.55,331.542,719.54,413.831,756.703,404.077,1.0,-128000.0,72000.0
P07T20,Other,727.422,331.574,729.396,413.886,760.634,404.078,1.0,128000.0,-72000.0
P07T20,Other,742.925,325.755,746.913,411.896,782.215,404.104,1.0,-128000.0,72000.0
P07T20,Other,1023.13,302.175,1038.85,366.847,0.0,0.0,2.0,128000.0,-72000.0
P07T20,Other,1038.87,284.554,1044.75,351.215,1052.52,351.13,7.0,-128000.0,72000.0
P07T20,Other,792.062,286.516,811.625,364.898,854.681,353.168,0.0,128000.0,-72000.0
P07T20,Other,819.393,265.017,836.952,339.451,866.415,333.555,0.0,-128000.0,72000.0
P07T20,Other,835.063,249.279,852.776,321.868,872.344,313.969,0.0,128000.0,-72000.0
P07T20,Other,909.512,198.372,933.093,276.768,954.605,272.813,0.0,-128000.0,72000.0
P07T20,Other,933.142,194.432,964.406,272.828,993.738,259.129,0.0,128000.0,-72000.0
P07T20,Other,968.31,186.595,997.762,265.001,1025.05,257.171,0.0,-128000.0,72000.0
P07T20,Other,1007.5,180.847,1040.81,261.128,1062.37,249.31,0.0,128000.0,-72000.0
P07T20,Other,1042.7,180.671,1072.22,261.077,1099.59,247.375,0.0,-128000.0,72000.0
P07T20,Other,1076.14,180.797,1109.35,263.077,1136.84,249.324,0.0,128000.0,-72000.0
P07T20,Other,1109.4,188.612,1140.68,272.757,1168.09,257.12,0.0,-128000.0,72000.0
P07T20,Other,1144.61,192.42,1172.1,272.866,1197.58,259.108,0.0,128000.0,-72000.0
P07T20,Other,1172.05,188.58,1195.59,272.848,1217.09,261.072,0.0,-128000.0,72000.0
P07T20,Other,1197.61,180.845,1226.85,259.18,1244.52,253.2,0.0,128000.0,-72000.0
P07T20,Other,1221.08,172.874,1244.49,253.261,1262.13,241.546,2.0,-128000.0,72000.0
P07T20,Other,1244.49,159.136,1262.14,241.384,0.0,0.0,7.0,128000.0,-72000.0
P07T20,Other,925.193,317.861,0.0,0.0,0.0,0.0,15.0,-128000.0,72000.0
P07T20,Other,nan,nan,nan,nan,nan,nan,nan,128000.0,-72000.0
P07T20,Other,nan,nan,nan,nan,nan,nan,nan,-128000.0,72000.0
P07T20,Other,nan,nan,nan,nan,nan,nan,nan,-128000.0,72000.0
P07T20,Other,nan,nan,nan,nan,nan,nan,nan,-128000.0,72000.0
P07T20,Other,0.0,0.0,0.0,0.0,0.0,0.0,8.0,-128000.0,72000.0
P07T20,Other,nan,nan,nan,nan,nan,nan,nan,-128000.0,72000.0
P07T20,Other,nan,nan,nan,nan,nan,nan,nan,-128000.0,72000.0
P07T20,Other,nan,nan,nan,nan,nan,nan,nan,-128000.0,72000.0
P07T20,Other,nan,nan,nan,nan,nan,nan,nan,128000.0,-72000.0
P07T20,Other,nan,nan,nan,nan,nan,nan,nan,-128000.0,72000.0
P07T20,Other,nan,nan,nan,nan,nan,nan,nan,-128000.0,72000.0
P07T20,Other,nan,nan,nan,nan,nan,nan,nan,-128000.0,72000.0
P07T20,Other,nan,nan,nan,nan,nan,nan,nan,128000.0,-72000.0
P07T20,Other,nan,nan,nan,nan,nan,nan,nan,-128000.0,72000.0
P07T20,Other,nan,nan,nan,nan,nan,nan,nan,128000.0,-72000.0
P07T20,Other,nan,nan,nan,nan,nan,nan,nan,-128000.0,72000.0
P07T20,Other,nan,nan,nan,nan,nan,nan,nan,-128000.0,72000.0
P07T20,Other,nan,nan,nan,nan,nan,nan,nan,-128000.0,72000.0
P07T20,Other,nan,nan,nan,nan,nan,nan,nan,-128000.0,72000.0
P07T20,Other,nan,nan,nan,nan,nan,nan,nan,-128000.0,72000.0
P07T20,Other,nan,nan,nan,nan,nan,nan,nan,128000.0,-72000.0
P07T20,Other,nan,nan,nan,nan,nan,nan,nan,-128000.0,72000.0
P07T20,Other,nan,nan,nan,nan,nan,nan,nan,-128000.0,72000.0
P07T20,Other,nan,nan,nan,nan,nan,nan,nan,-128000.0,72000.0
P07T20,Other,nan,nan,nan,nan,nan,nan,nan,-128000.0,72000.0
P07T20,Other,nan,nan,nan,nan,nan,nan,nan,-128000.0,72000.0
P07T20,Other,nan,nan,nan,nan,nan,nan,nan,128000.0,-72000.0
P07T20,Other,nan,nan,nan,nan,nan,nan,nan,-128000.0,72000.0
P07T20,Other,nan,nan,nan,nan,nan,nan,nan,128000.0,-72000.0
P07T20,Nose,nan,nan,nan,nan,nan,nan,nan,-128000.0,72000.0
P07T20,Other,nan,nan,nan,nan,nan,nan,nan,128000.0,-72000.0
P07T20,Other,nan,nan,nan,nan,nan,nan,nan,128000.0,-72000.0
P07T20,Other,nan,nan,nan,nan,nan,nan,nan,-128000.0,72000.0
P07T20,Other,nan,nan,nan,nan,nan,nan,nan,128000.0,-72000.0
P07T20,Other,nan,nan,nan,nan,nan,nan,nan,-128000.0,72000.0
P07T20,Other,nan,nan,nan,nan,nan,nan,nan,128000.0,-72000.0
P07T20,Other,nan,nan,nan,nan,nan,nan,nan,-128000.0,72000.0
P07T20,Other,nan,nan,nan,nan,nan,nan,nan,128000.0,-72000.0
P07T20,Other,nan,nan,nan,nan,nan,nan,nan,-128000.0,72000.0
P07T20,Other,nan,nan,nan,nan,nan,nan,nan,-128000.0,72000.0
P07T20,Other,nan,nan,nan,nan,nan,nan,nan,-128000.0,72000.0
P07T20,Other,nan,nan,nan,nan,nan,nan,nan,128000.0,-72000.0
P07T20,Other,nan,nan,nan,nan,nan,nan,nan,-128000.0,72000.0
P07T20,Other,nan,nan,nan,nan,nan,nan,nan,128000.0,-72000.0
P07T20,Other,nan,nan,nan,nan,nan,nan,nan,-128000.0,72000.0
P07T20,Other,nan,nan,nan,nan,nan,nan,nan,-128000.0,72000.0
P07T20,Other,nan,nan,nan,nan,nan,nan,nan,-128000.0,72000.0
P07T20,Other,nan,nan,nan,nan,nan,nan,nan,128000.0,-72000.0
P07T20,Other,nan,nan,nan,nan,nan,nan,nan,-128000.0,72000.0
P07T20,Other,nan,nan,nan,nan,nan,nan,nan,128000.0,-72000.0
P07T20,Other,nan,nan,nan,nan,nan,nan,nan,-128000.0,72000.0
P07T20,Other,nan,nan,nan,nan,nan,nan,nan,128000.0,-72000.0
P07T20,Other,nan,nan,nan,nan,nan,nan,nan,-128000.0,72000.0
P07T20,Other,nan,nan,nan,nan,nan,nan,nan,128000.0,-72000.0
P07T20,Other,nan,nan,nan,nan,nan,nan,nan,-128000.0,72000.0
P07T20,Other,nan,nan,nan,nan,nan,nan,nan,128000.0,-72000.0
P07T20,Other,nan,nan,nan,nan,nan,nan,nan,-128000.0,72000.0
P07T20,Other,nan,nan,nan,nan,nan,nan,nan,128000.0,-72000.0
P07T20,Other,1260.27,27.9587,1262.16,121.972,1279.86,118.062,4.0,-128000.0,72000.0
P07T20,Other,1244.45,24.0943,1246.52,119.983,1260.17,118.12,1.0,128000.0,-72000.0
P07T20,Other,1217.11,23.9889,1221.06,118.134,1234.74,118.099,1.0,-128000.0,72000.0
