P07T04,Other,768.439,286.523,603.942,552.949,836.951,549.047,8.0,833.3041119325765,210.5087960392347
P07T04,Other,764.568,280.69,605.899,552.969,835.108,545.107,8.0,831.5283897022916,226.75498376760822
P07T04,Other,760.706,276.764,607.844,551.008,835.114,543.236,8.0,837.4064062557952,243.3887377898732
P07T04,Other,758.742,276.704,609.791,549.079,835.047,543.177,8.0,836.5267312850966,250.64047309026444
P07T04,Other,756.741,274.811,609.819,549.034,833.127,537.321,8.0,836.1024379236571,258.78337514220374
P07T04,Other,748.914,274.766,609.759,549.034,835.057,539.224,8.0,821.902010674125,255.86336864699936
P07T04,Other,744.915,274.752,607.826,549.045,833.085,533.357,8.0,824.033683589879,257.1597651888596
P07T04,Other,741.092,274.705,609.776,552.995,827.296,539.227,8.0,824.8836418536407,258.17859116088874
P07T04,Other,733.243,274.714,605.93,552.95,825.255,527.558,8.0,813.4238412927473,240.2334728165232
P07T04,Other,727.377,274.732,603.897,554.877,821.445,535.331,8.0,821.3381169014303,252.06580732638903
P07T04,Other,721.445,272.902,600.015,543.208,819.395,531.448,8.0,815.1222758740798,230.62378959165486
P07T04,Other,711.683,272.884,590.271,549.065,807.757,523.543,8.0,814.6492874618514,234.16169002373664
P07T04,Other,705.744,272.784,586.278,541.2,805.703,537.282,8.0,814.8857149201858,236.5340949787067
P07T04,Other,696.048,272.857,574.531,521.574,795.938,537.275,8.0,814.1650986150956,234.85991918349603
P07T04,Other,690.096,274.702,568.643,515.779,789.957,537.298,8.0,813.8003206726389,234.48460754879443
P07T04,Other,680.387,276.71,556.986,529.458,778.354,535.303,8.0,814.1330053329,234.72442714219002
P07T04,Other,670.524,276.726,552.904,525.512,772.404,527.48,8.0,812.9139510448874,234.97044246060625
P07T04,Other,664.64,276.794,541.209,525.626,760.631,533.356,8.0,801.8443585373659,252.21442345451132
P07T04,Other,654.878,278.673,537.279,527.48,752.797,537.323,8.0,812.2358294763885,234.85998867771153
P07T04,Other,649.031,280.676,525.58,521.631,743.078,535.312,7.0,812.9108359336724,233.93018066491956
P07T04,Other,647.003,282.622,523.513,513.831,760.607,505.94,6.0,799.0275134551691,247.83798816714776
P07T04,Other,641.111,278.73,521.629,509.854,731.255,531.395,6.0,811.973856807935,235.10986381533874
P07T04,Other,635.286,276.764,515.754,500.096,729.317,525.484,6.0,797.9327505941499,247.2715611947263
P07T04,Other,633.314,276.697,511.881,494.143,729.271,523.628,6.0,811.6110193680022,234.96353468609504
P07T04,Other,633.219,274.875,511.906,494.179,729.296,525.538,6.0,797.7443026385827,247.79941859799536
P07T04,Other,621.593,259.052,541.183,480.5,742.942,513.795,5.0,810.8633531452277,235.5114376680635
P07T04,Other,629.368,257.179,541.143,478.562,742.978,521.578,6.0,797.2246505516869,247.20274382734917
P07T04,Other,633.239,257.179,539.34,474.59,744.936,509.908,7.0,810.481735302207,234.16121500182956
P07T04,Other,635.168,255.189,539.313,474.558,746.982,509.884,7.0,796.651707817195,246.89514165856306
P07T04,Other,648.895,255.122,539.339,480.522,762.612,494.152,6.0,809.7360029918339,234.2325610922576
P07T04,Other,666.542,251.254,541.311,476.509,778.299,507.893,6.0,796.1327387570113,247.5002227686463
P07T04,Other,672.504,247.396,545.187,474.576,790.083,509.822,7.0,809.2658282231814,234.71553508834077
P07T04,Other,680.314,249.341,543.211,464.857,803.677,505.981,8.0,795.2039889330131,247.19361946270024
P07T04,Other,682.322,245.412,551.008,470.692,811.607,507.823,4.0,808.6755474018196,234.21174537177038
P07T04,Other,690.101,245.373,549.021,490.239,823.256,496.146,5.0,793.5171617807484,247.27256354781517
P07T04,Other,695.963,245.438,547.083,488.308,835.099,492.244,6.0,808.526951726167,234.40301126711427
P07T04,Other,698.005,245.351,547.103,480.496,840.98,484.389,4.0,793.9538388448673,247.37160506697103
P07T04,Other,703.853,243.523,554.887,476.489,852.657,476.629,6.0,808.0263567252591,234.12970595120458
P07T04,Other,711.561,243.524,566.645,470.658,854.679,472.667,6.0,792.3450469828119,247.62081921168576
P07T04,Other,715.547,243.454,588.175,451.077,852.665,456.994,4.0,807.5835415400663,234.13205424763694
P07T04,Other,719.468,243.452,603.97,447.221,841.018,449.145,4.0,791.8917196832325,247.59623280763216
P07T04,Other,723.407,243.405,619.64,437.383,823.335,447.18,4.0,806.9567143162549,233.57623039109419
P07T04,Other,727.236,243.429,662.626,439.316,801.76,429.61,6.0,792.1457542205364,248.02792942508592
P07T04,Other,727.316,243.435,703.798,427.625,764.602,429.627,7.0,806.2739222242167,233.7425932414019
P07T04,Other,727.242,243.422,698.008,429.552,770.409,433.53,8.0,791.0565445170298,247.55451567200444
P07T04,Other,723.436,243.425,697.924,439.376,784.129,447.153,7.0,804.5369581075149,233.84461379881805
P07T04,Other,717.596,243.465,682.253,447.255,799.803,449.145,7.0,790.7749650829778,247.3721676412314
P07T04,Other,713.669,243.505,666.683,462.804,807.582,464.79,8.0,803.0686680826434,232.94417716826982
P07T04,Other,711.62,245.437,650.953,480.528,807.691,502.054,8.0,789.8631296318586,247.81313985164115
P07T04,Other,703.797,245.42,633.257,492.25,821.34,505.964,8.0,788.6698244814042,247.24195063506298
P07T04,Other,697.872,247.363,615.7,502.041,823.433,505.911,8.0,802.0620594536662,233.16649692539158
P07T04,Other,692.04,249.338,597.999,523.636,829.22,515.732,8.0,789.1718228921216,247.4102980713246
P07T04,Other,662.606,257.114,533.351,519.691,805.733,494.213,8.0,801.7607070618499,233.53422651045707
P07T04,Other,650.872,257.231,521.632,513.79,793.936,494.186,7.0,786.1514102592503,247.36883754794925
P07T04,Other,646.957,259.139,509.827,507.901,778.24,490.31,8.0,800.9835318833796,232.96011813028525
P07T04,Other,639.177,259.201,505.897,494.137,776.329,480.468,8.0,785.9835560903899,247.46730479800107
P07T04,Other,635.292,264.957,496.129,490.276,760.58,482.458,8.0,799.7031628199433,233.16882847810288
P07T04,Other,631.378,272.769,490.203,486.383,741.078,492.18,8.0,785.4105950279509,248.70921649219025
P07T04,Other,631.263,272.825,480.547,480.475,737.117,492.216,8.0,797.7562407844571,233.5170145687299
P07T04,Other,629.355,272.81,480.539,492.304,737.152,494.138,8.0,783.8042385366462,247.70034552823765
P07T04,Other,629.342,272.747,478.593,496.182,733.219,498.129,8.0,795.5345858572599,233.81133475728575
P07T04,Other,627.399,263.052,480.492,500.085,737.12,494.286,8.0,782.3800797417725,247.55479585942444
P07T04,Other,627.455,259.103,486.344,507.85,740.979,498.115,5.0,794.8378067865157,233.151385223529
P07T04,Other,629.415,257.165,492.258,511.869,741.067,509.813,4.0,782.2915484260021,248.14006141754658
P07T04,Other,631.377,257.176,500.068,523.564,743.011,511.831,6.0,793.5205949616054,232.7382630798655
P07T04,Other,633.292,259.075,509.867,525.621,745.041,511.842,6.0,780.6802428653215,248.77529652136798
P07T04,Other,635.181,259.119,523.551,531.45,746.936,523.579,8.0,792.6252566795076,233.09186770169705
P07T04,Other,635.271,259.127,537.225,525.56,746.923,525.605,7.0,779.9696874540916,248.21101178269876
P07T04,Other,637.233,259.159,545.187,535.338,744.996,525.543,8.0,791.8529372158413,233.99420482506946
P07T04,Other,643.098,259.178,560.862,539.197,748.936,529.479,8.0,777.740806330896,248.27472724548701
P07T04,Other,650.896,261.065,578.415,535.348,754.793,531.422,8.0,789.6988954419272,233.1413769044394
P07T04,Other,658.771,259.127,590.265,523.653,758.697,537.242,8.0,776.3875288136519,248.84273378487757
P07T04,Other,666.543,259.045,603.961,523.589,762.656,527.483,8.0,787.8134215869025,233.33016428321588
P07T04,Other,676.431,257.184,613.682,519.631,772.433,525.498,8.0,775.8947816124846,248.24604364594583
P07T04,Other,682.343,257.202,619.677,523.621,776.343,525.522,8.0,786.8586338897272,233.35434057541298
P07T04,Other,693.974,257.222,619.681,521.617,788.004,525.615,8.0,775.1808278808146,249.18452189691496
P07T04,Other,697.89,259.133,627.385,537.282,792.017,523.638,8.0,785.2945850079332,232.28420087474703
P07T04,Other,699.916,261.048,623.479,539.279,795.919,525.604,8.0,773.4277675090195,248.76975556973173
P07T04,Other,703.807,261.137,619.689,547.083,805.646,531.436,8.0,783.515813360764,233.68090623092064
P07T04,Other,707.749,268.851,617.674,551.001,811.586,533.396,8.0,771.3906133535103,248.21982547852474
P07T04,Other,711.712,270.835,607.862,537.282,837.052,541.25,8.0,782.5023079831266,234.1627845207569
P07T04,Other,713.543,270.809,604.017,535.31,840.944,539.264,8.0,771.1588952832133,248.9156422122098
P07T04,Other,713.559,266.976,603.955,537.239,846.848,525.62,8.0,781.326454151727,233.05322809601384
P07T04,Other,713.528,265.006,602.02,531.433,852.672,527.543,8.0,770.5036353702347,248.9717837058017
P07T04,Other,711.741,266.924,601.921,525.573,852.68,523.596,8.0,779.5014028419802,233.9532232983569
P07T04,Other,711.723,265.016,601.859,527.537,852.721,523.618,8.0,770.0282325337237,248.68202973500334
P07T04,Other,711.631,264.956,598.046,525.574,852.751,523.583,8.0,779.3478901657031,234.24688321159144
P07T04,Other,709.658,263.015,590.245,527.573,850.746,523.56,8.0,783.0576623440534,247.39652583682494
P07T04,Other,703.799,259.18,586.32,529.466,842.912,523.636,8.0,788.6518726776137,234.11548341812056
P07T04,Other,680.408,259.061,558.859,535.316,789.959,541.231,8.0,798.1295332357101,244.70571366103482
P07T04,Other,678.388,259.046,554.959,541.231,776.294,541.301,8.0,810.7360942018563,234.06799891538617
P07T04,Other,672.512,257.22,552.991,541.221,762.666,552.998,8.0,804.6864971259389,246.67577066476952
P07T04,Other,668.555,257.211,552.959,533.387,754.768,552.929,8.0,821.774910122427,234.19268682525924
P07T04,Other,666.538,257.198,543.146,531.406,743.016,549.029,8.0,798.6837632104728,247.27566021693892
P07T04,Other,664.645,259.067,541.193,523.523,739.057,549.052,8.0,815.8258367859353,233.94764469261116
P07T04,Other,664.561,259.045,541.157,527.52,731.265,549.024,8.0,796.0294165853404,247.3445274152562
P07T04,Other,662.728,259.093,539.305,525.513,729.354,550.97,8.0,809.9448881487913,233.66091709305172
P07T04,Other,662.654,259.104,539.244,525.572,729.356,543.148,8.0,794.8500641404211,245.33773451313215
P07T04,Other,658.796,259.187,537.337,537.283,742.942,549.04,8.0,809.4585910983035,233.22899581013718
P07T04,Other,660.692,259.208,537.341,535.361,744.943,543.176,8.0,796.0851089865423,245.77790521869238
P07T04,Other,660.717,259.191,539.159,539.232,752.809,541.274,8.0,809.7946717544529,233.07162270326089
P07T04,Other,660.717,259.15,539.312,533.402,758.767,529.481,8.0,794.8496914380503,245.95908530315907
P07T04,Other,660.717,259.155,541.196,535.339,764.526,533.352,8.0,809.468859039672,233.4136164766787
P07T04,Other,660.693,259.11,541.282,533.373,774.237,531.436,8.0,793.0194525070898,246.72261904825203
P07T04,Other,660.725,259.133,545.144,529.487,778.261,527.557,8.0,807.9190574268475,233.67335953532734
P07T04,Other,662.687,259.12,552.967,535.347,788.011,525.545,8.0,791.9700634470933,246.80702989244884
P07T04,Other,664.622,259.168,556.874,537.259,792.071,525.592,8.0,805.3961273084342,233.97952603407444
P07T04,Other,666.515,261.06,572.484,539.265,805.621,519.665,8.0,790.8757807324282,246.5709486274939
P07T04,Other,666.526,261.087,574.555,541.213,807.643,521.608,8.0,804.2087335977858,233.80219137027285
P07T04,Other,666.573,261.104,584.24,543.192,807.639,523.634,8.0,790.2123183645481,247.2092906020339
P07T04,Other,666.611,261.075,586.297,545.134,807.719,523.539,8.0,802.5704032062231,233.1465189585127
P07T04,Other,666.615,263.008,588.301,549.079,807.583,525.537,8.0,788.434621937252,246.98819211698154
P07T04,Other,666.575,263.023,592.156,543.235,805.722,527.49,8.0,800.9372047287895,233.350302106759
P07T04,Other,666.514,261.134,596.047,547.126,801.791,527.482,8.0,788.7567071736125,247.53378942482462
P07T04,Other,664.706,263.038,596.064,543.172,799.795,525.609,8.0,799.6910377329085,234.0010409156765
P07T04,Other,664.698,263.023,596.061,543.161,792.006,533.414,8.0,786.2610450656911,247.64461695320148
P07T04,Other,664.689,263.008,592.138,539.204,790.085,539.289,8.0,798.0636761048702,234.48910056237196
P07T04,LKnee,664.621,262.996,588.232,549.031,780.26,537.309,8.0,784.6193740090187,247.7291962201306
P07T04,Other,662.712,261.124,584.245,539.279,776.376,537.304,8.0,797.10711946796,234.6948261584317
P07T04,Other,660.71,259.191,574.57,535.332,774.438,539.268,8.0,783.795509476468,248.2222358482889
P07T04,Other,656.841,259.105,570.622,537.281,772.408,541.181,8.0,794.9785087845489,234.41516393231808
P07T04,Other,656.814,259.091,566.676,523.563,766.518,541.193,8.0,784.2071181786937,248.55286993207037
P07T04,Other,654.897,259.068,556.976,525.579,760.724,543.189,8.0,794.0591582451761,234.9981794563499
P07T04,LKnee,652.953,259.08,554.886,533.353,760.633,541.168,8.0,781.9573605653593,248.0088857918341
P07T04,LKnee,652.87,259.025,551.021,525.535,758.707,543.177,8.0,791.9871313331387,235.1267724791728
P07T04,Other,651.013,259.062,543.221,525.517,758.621,543.178,8.0,781.1774042732125,249.0818917702229
P07T04,Other,651.04,259.165,539.174,523.535,746.988,547.072,8.0,791.2860382919243,235.51512538732314
P07T04,Other,651.039,259.21,537.308,523.565,745.043,554.896,8.0,778.909408424952,248.34166718060942
P07T04,Other,650.982,261.049,537.321,523.646,744.905,554.892,8.0,789.2255252764348,234.83496645173423
P07T04,Other,650.99,261.08,537.241,511.824,743.088,554.988,8.0,778.2302405161215,248.43617594316981
P07T04,Other,652.862,261.059,537.274,511.835,743.009,556.839,8.0,787.7753455366794,234.21006990057276
P07T04,Other,656.773,261.087,539.192,521.607,742.957,554.952,8.0,786.3003657772717,234.44196911774267
P07T04,Other,660.691,261.05,541.231,521.591,744.92,552.955,8.0,777.1194936024963,248.27095986415705
P07T04,Other,660.742,261.035,545.169,519.641,748.875,543.165,8.0,785.1944834487801,234.97568570814278
P07T04,Other,662.706,259.205,553.006,517.704,756.686,543.201,8.0,776.8585525817182,248.54585523279442
P07T04,Other,664.625,259.187,554.997,525.57,760.61,541.279,8.0,783.9279796088128,234.93605648798015
P07T04,Other,664.697,259.168,560.82,525.592,772.346,541.159,8.0,775.1740787005981,248.41959958883757
P07T04,Other,664.705,259.144,566.643,527.474,774.443,541.176,8.0,783.1132712409125,234.57319225782683
P07T04,Other,664.734,259.093,568.609,525.591,780.255,535.354,8.0,772.477181826433,248.40620238671764
P07T04,Other,666.528,259.059,570.549,529.467,786.145,537.272,8.0,782.0806807620637,234.50221346855685
P07T04,Other,666.56,259.079,570.55,531.424,789.967,529.491,8.0,772.7631276730822,248.48819437118786
P07T04,Other,666.552,259.029,568.631,523.642,791.905,531.396,8.0,781.7178573053236,234.76339816257612
P07T04,Other,666.52,257.169,566.668,523.623,790.068,531.406,8.0,772.5623267579784,248.37495528987094
P07T04,Other,664.688,257.094,562.76,527.49,789.954,527.549,8.0,779.9335873521501,234.62477525397375
P07T04,Other,664.658,257.064,558.888,529.504,788.037,527.486,8.0,771.3446949558142,248.73755409067226
P07T04,Other,664.639,257.053,556.964,529.459,786.079,531.396,8.0,779.2514140448135,234.71916139054858
P07T04,Other,664.686,257.056,556.92,527.553,782.211,529.438,8.0,770.5746070570897,248.55277030032235
P07T04,Other,664.695,257.045,556.882,527.486,778.261,531.422,8.0,779.0345718717758,234.86440013259732
P07T04,Other,664.582,257.103,554.864,527.49,774.332,535.315,8.0,770.5756340705213,248.35861992379876
P07T04,Other,664.584,257.139,554.838,525.597,772.412,535.364,8.0,777.5311932673218,234.58059587779195
P07T04,Other,664.589,257.175,554.871,525.607,772.339,531.457,8.0,769.4839281172497,248.431288323825
P07T04,Other,664.571,257.185,553.012,533.366,772.344,531.393,8.0,777.890719666535,235.21698618589193
P07T04,Other,664.556,257.176,554.854,525.575,770.454,527.545,8.0,768.1241976035963,247.96109284976714
P07T04,Other,662.698,257.111,554.874,527.509,774.253,537.24,8.0,775.933510129663,235.75256414288427
P07T04,Other,660.714,257.117,554.84,525.615,774.276,531.406,8.0,767.6669158120991,248.61127665965606
P07T04,Other,660.698,257.154,554.876,529.492,774.388,537.286,8.0,775.3278966300796,235.8534025673685
P07T04,Other,656.778,259.042,554.86,533.39,774.382,539.17,8.0,767.209770233357,248.939052171598
P07T04,Other,654.859,259.035,553.008,533.411,774.36,539.25,8.0,775.0619163802914,236.14928260159482
P07T04,Other,651.014,261.13,552.934,539.316,774.4,543.173,8.0,767.5007038021377,249.1181484677392
P07T04,Other,651.022,272.825,550.993,552.959,774.33,554.848,8.0,774.885784381395,235.39363075739774
P07T04,Other,650.932,276.749,545.165,549.076,772.369,556.881,8.0,766.8694853442968,249.834052073249
P07T04,Other,649.016,280.684,541.327,547.115,768.462,554.894,8.0,773.9949745828291,236.51084136517963
P07T04,Other,648.858,282.609,541.213,556.849,762.572,554.895,8.0,765.9879239748362,249.80599301514343
P07T04,Other,645.068,280.635,541.143,554.963,760.724,547.124,8.0,773.1372985521868,236.07060625734002
P07T04,Other,637.299,276.774,539.259,550.973,758.738,545.149,8.0,765.4508401519704,249.43311779284303
P07T04,Other,635.317,278.704,539.335,547.081,758.719,549.073,8.0,772.695484771919,236.6330864336566
P07T04,Other,635.188,286.457,541.142,547.094,758.688,551.028,8.0,765.6820492514372,250.23688963866508
P07T04,Other,633.287,288.578,541.162,545.158,758.608,554.892,8.0,772.1395431692849,236.88966118330399
P07T04,Other,631.295,294.383,541.153,541.274,756.712,553.001,8.0,765.4517635510113,250.29322121572085
P07T04,Other,627.404,300.266,539.263,539.292,752.775,554.989,8.0,771.2718068155045,237.0823084423703
P07T04,Other,621.577,304.229,541.153,545.157,746.972,554.938,8.0,764.6301676435654,250.61702282497615
P07T04,Other,619.566,306.137,539.345,543.174,745.043,556.958,7.0,770.3431568851543,236.67323591041733
P07T04,Other,601.883,282.623,513.785,525.592,731.221,556.845,8.0,763.8954819840499,249.23076300516416
P07T04,Other,598.066,274.805,507.953,531.44,731.257,547.095,8.0,763.2810764499029,250.06718304820086
P07T04,Other,597.988,268.919,502.044,533.378,731.304,545.144,6.0,770.1371022651363,236.5472724532332
P07T04,Other,592.149,261.075,494.147,537.308,739.076,554.956,4.0,763.5213154521945,249.8357986843147
P07T04,Other,588.311,259.166,488.347,527.491,743.03,558.865,4.0,768.9511202349458,237.58529129896394
P07T04,Other,588.189,259.035,478.518,525.593,744.959,543.157,4.0,762.3145100993094,250.12932130454445
P07T04,Other,586.354,257.208,476.526,509.921,745.068,543.179,6.0,768.4197692194314,237.59595754404975
P07T04,Other,588.176,257.13,472.646,492.178,745.055,523.616,6.0,762.2378905402356,250.20036114878266
P07T04,Other,588.302,259.054,476.548,472.675,743.067,507.939,6.0,768.4513112092718,237.5416530842392
P07T04,Other,590.237,261.029,478.453,453.055,758.618,470.71,8.0,762.4189349848327,250.1673890090983
P07T04,Other,594.137,263.031,476.524,447.175,742.963,462.8,8.0,767.4239703909589,237.096620895957
P07T04,Other,599.982,268.88,478.466,443.232,729.346,437.384,8.0,760.3541524718855,250.45158001854534
P07T04,Other,602.008,272.738,480.499,423.662,742.926,429.586,8.0,766.9620299672043,237.03881599663518
P07T04,Other,604.02,274.727,484.432,427.583,764.55,429.565,8.0,762.4152060952594,251.41633064382398
P07T04,Other,605.933,274.805,486.375,423.659,713.594,384.501,6.0,767.221104711655,237.91526222846338
P07T04,Other,607.854,276.767,505.945,421.698,742.984,396.253,7.0,761.15378388878,250.1413006696636
P07T04,Other,611.711,278.687,529.474,415.895,725.39,370.753,8.0,766.7008355110044,237.85473674785348
P07T04,Other,619.677,263.019,509.869,433.496,0.0,0.0,9.0,760.7375583185419,250.89281385751838
P07T04,LElbow,621.56,251.232,505.979,417.812,805.634,407.99,8.0,766.00732408558,237.6971566811669
P07T04,LElbow,619.661,237.535,519.662,404.119,807.634,366.881,8.0,761.2147573343519,251.10272136607202
P07T04,MidHip,619.699,227.737,507.942,400.179,833.106,368.759,8.0,766.4251574714299,238.4188518879782
P07T04,MidHip,621.509,223.788,509.858,394.317,866.387,368.856,8.0,761.2325489525318,251.3333391462949
P07T04,LElbow,623.479,217.962,509.888,398.198,842.952,445.152,8.0,766.2609518753878,238.84912178956895
P07T04,MidHip,625.453,210.045,500.074,396.21,901.715,306.11,8.0,760.2950815993564,250.92599807404426
P07T04,MidHip,627.408,194.447,488.327,386.502,854.666,272.886,8.0,765.5458725716758,239.13658207866348
P07T04,MidHip,631.366,165.154,490.284,368.813,948.686,288.538,8.0,760.3924153334411,251.19004715103463
P07T04,MidHip,635.313,163.063,492.224,374.694,927.131,306.082,8.0,765.4436416632759,239.72426366504263
P07T04,MidHip,639.202,139.634,496.168,396.264,0.0,0.0,6.0,760.8430501366333,251.92477437303103
P07T04,MidHip,646.944,106.302,494.235,368.798,917.332,259.142,6.0,765.629692598345,240.2092600387258
P07T04,MidHip,648.96,88.7214,488.302,333.546,909.534,263.049,8.0,760.8505013665806,252.04385416601906
P07T04,LElbow,650.85,70.9934,472.67,308.082,0.0,0.0,9.0,764.9283358951782,240.2999138399333
P07T04,MidHip,648.923,53.4106,490.27,317.892,0.0,0.0,11.0,760.0829474141307,252.193772569336
P07T04,MidHip,648.97,35.742,437.387,302.2,899.741,339.454,8.0,765.2199013328265,240.68149724308245
P07T04,MidHip,633.365,21.9865,427.589,296.324,884.071,319.86,9.0,759.6287592806711,251.89331112733078
P07T04,MidHip,621.583,20.0576,433.492,304.095,891.888,325.698,10.0,764.6764674369035,241.03740190099325
P07T04,MidHip,619.646,24.1164,429.521,317.891,897.745,394.265,8.0,759.7765384102979,253.29944800767217
P07T04,MidHip,605.841,41.6664,425.651,349.223,909.544,370.767,8.0,764.6888301847825,241.37803256315428
P07T04,MidHip,596.093,71.0378,421.728,384.525,0.0,0.0,9.0,759.4295708561381,252.76804415206246
P07T04,MidHip,594.132,90.6337,429.526,402.124,870.371,433.447,8.0,764.7801591772816,241.90335028601814
P07T04,MidHip,601.914,112.122,431.485,421.735,874.292,464.838,8.0,759.2389026282365,252.75633527175842
P07T04,MidHip,607.877,131.817,435.431,441.294,860.552,523.6,8.0,764.6576593114924,241.8029473291114
P07T04,MidHip,615.683,161.078,431.539,456.994,856.623,545.118,8.0,759.7171255925014,253.3904270808349
P07T04,MidHip,619.61,178.844,433.483,466.778,868.403,572.603,8.0,764.3821994739681,242.5992173532164
P07T04,MidHip,631.355,198.336,433.48,482.436,887.976,570.607,8.0,760.2409463987692,255.57067828849492
P07T04,MidHip,635.193,214.026,415.872,470.689,901.689,539.26,9.0,764.1032502681587,243.13987569185676
P07T04,MidHip,658.74,221.872,496.156,498.123,933.061,460.83,9.0,759.4005579800529,255.19307297266428
P07T04,LElbow,692.05,219.885,533.37,494.211,954.605,413.92,9.0,763.9766044858673,242.6798530078887
P07T04,MidHip,711.653,217.938,570.629,486.367,0.0,0.0,10.0,759.2174722054081,255.34393222242355
P07T04,LElbow,727.314,214.023,543.184,486.37,0.0,0.0,10.0,763.8864229441044,243.4170937006555
P07T04,Neck,750.83,210.091,647.023,492.237,970.258,458.948,11.0,758.2333782400985,255.45619014570354
P07T04,LElbow,776.365,208.165,594.125,505.9,0.0,0.0,11.0,763.2821918535649,243.31487388238853
P07T04,Neck,790.011,214.051,627.432,529.464,1015.33,460.864,9.0,759.0442369668053,256.6132768018636
P07T04,Neck,791.918,214.103,650.953,515.78,0.0,0.0,12.0,762.6005054522398,244.5625728863877
P07T04,Neck,772.422,225.831,611.743,517.683,976.11,490.257,11.0,759.0822174497107,256.6931813809309
P07T04,Neck,776.36,243.398,531.441,541.231,0.0,0.0,12.0,762.8606926133557,245.22953933947898
P07T04,Neck,791.995,284.589,525.536,570.641,1089.77,421.737,14.0,758.8988645826629,257.1186922023355
P07T04,Neck,815.514,302.163,615.658,582.347,1072.12,588.196,13.0,762.2607150445713,245.0270801036443
P07T04,Neck,833.153,300.27,615.682,580.402,1111.32,547.118,14.0,759.5784218412314,257.220521602297
P07T04,Neck,852.684,284.569,637.232,598.053,1148.55,509.87,13.0,762.5171733139134,246.46568670510726
P07T04,Neck,872.297,272.79,570.594,605.867,1158.34,539.227,13.0,758.6517832829231,257.0524618151335
P07T04,Neck,899.749,261.05,586.29,623.491,1183.8,529.456,13.0,761.8977516440614,246.32434719263142
P07T04,Neck,923.264,243.439,599.999,635.254,1185.79,523.551,14.0,758.8830296646682,256.7145799439139
P07T04,Neck,917.41,229.688,603.917,647.009,0.0,0.0,12.0,762.6387802203704,245.9692254064931
P07T04,LKnee,891.905,210.16,625.468,629.379,1042.71,437.397,7.0,758.6550111245298,257.0641256223083
P07T04,LElbow,870.352,194.475,621.57,615.617,1013.38,419.735,11.0,762.4263737091362,246.48388046456836
P07T04,MidHip,821.286,178.698,592.173,570.67,0.0,0.0,12.0,760.0570464548663,258.1820524661424
P07T04,Neck,821.354,178.746,613.684,552.994,0.0,0.0,10.0,762.127247520767,246.69853694401655
P07T04,Neck,813.569,178.804,609.796,533.371,1005.55,445.207,10.0,759.7289484222124,257.86529749085116
P07T04,LElbow,819.432,184.658,697.953,521.601,1007.47,453.044,10.0,762.3907392909982,246.59535656504707
P07T04,LElbow,823.372,194.476,699.894,511.86,0.0,0.0,11.0,759.3023062253296,258.0220054049876
P07T04,Neck,841.021,200.359,703.847,507.838,1042.78,492.219,10.0,762.9319105795785,247.34350346616372
P07T04,Neck,860.539,206.183,686.213,509.863,1060.42,509.886,10.0,759.5287466838068,257.73989760604434
P07T04,Neck,868.451,210.093,682.253,521.571,1089.73,511.809,11.0,762.7921161946877,246.42021974808344
P07T04,Neck,880.168,223.864,682.271,525.535,1134.78,368.831,11.0,759.3477837623105,258.67817317009195
P07T04,Neck,870.34,241.541,643.099,507.972,1138.76,484.397,10.0,764.0896167761762,247.90135036808414
P07T04,Neck,842.967,216.0,623.507,478.492,1087.88,392.328,5.0,764.0696131469854,247.93942920068284
P07T04,Neck,825.279,196.381,617.603,455.021,1062.36,437.368,11.0,758.9970197032834,258.46431447475294
P07T04,Neck,803.776,167.049,574.551,427.568,0.0,0.0,10.0,763.7285992643626,248.07387471882785
P07T04,LElbow,778.299,145.423,603.898,398.174,1009.43,368.766,4.0,759.5007765243142,258.3684928740533
P07T04,LElbow,762.646,118.135,590.197,374.693,950.717,384.475,8.0,764.2535813629701,247.77320832160063
P07T04,LElbow,758.643,100.44,601.941,343.374,0.0,0.0,5.0,759.5981499981029,258.3536269929141
P07T04,MidHip,746.977,84.8233,596.055,321.849,1007.5,284.565,8.0,764.4558617212765,248.27372802119325
P07T04,LElbow,746.894,73.0595,592.168,306.217,0.0,0.0,5.0,759.0680319025079,258.6157860999754
P07T04,MidHip,760.73,69.0501,609.796,304.085,1009.49,227.722,8.0,765.4992424151633,248.18615847443067
P07T04,MidHip,790.042,67.0449,664.671,294.395,1019.26,302.179,4.0,760.290854000024,258.4612330441024
P07T04,MidHip,803.691,63.1659,662.677,306.135,1060.38,368.839,8.0,765.2802267906286,248.48660918551187
P07T04,MidHip,813.506,53.3394,682.288,292.398,1097.59,384.484,10.0,759.4990042865445,258.47936885690655
P07T04,MidHip,831.141,37.6376,715.59,335.421,1123.13,333.555,8.0,765.6143998453977,248.37488110581867
P07T04,MidHip,839.065,27.9838,668.566,292.387,1150.55,366.889,10.0,760.1503580650731,259.00520465632695
P07T04,MidHip,850.772,21.969,601.924,341.387,1099.58,468.723,11.0,765.756706736981,248.0588352952037
P07T04,MidHip,0.0,0.0,654.867,284.583,1068.22,415.841,14.0,760.5811797326576,258.40558665407093
P07T04,MidHip,854.616,5.35603,652.882,264.978,1105.4,460.872,13.0,766.4436584792367,248.10123758780873
P07T04,MidHip,872.3,5.35695,601.944,290.47,1091.76,408.023,12.0,760.2997783279977,259.199594794199
P07T04,MidHip,886.003,5.35155,0.0,0.0,1105.46,359.02,13.0,766.1890024996039,248.29660879002668
P07T04,LElbow,0.0,0.0,615.653,288.496,1121.14,304.142,14.0,760.3022108271366,258.7248980613024
P07T04,MidHip,933.043,21.9749,0.0,0.0,1160.32,445.241,12.0,766.4563337582124,247.55730691701578
P07T04,LElbow,946.666,53.4194,0.0,0.0,1109.36,695.96,11.0,760.7005545810397,259.08286812457186
P07T04,Neck,952.643,100.439,621.554,480.462,1101.53,715.597,10.0,766.5678044144543,247.84589942064358
P07T04,Neck,950.682,149.447,619.589,562.764,1054.53,715.607,13.0,760.5365168155704,258.8216255744766
P07T04,Neck,935.036,194.416,684.227,605.911,1021.2,715.587,12.0,767.5219234208162,247.41572228639174
P07T04,Neck,927.166,214.1,590.183,554.908,1025.11,588.23,13.0,760.2840945140867,258.3972559578468
P07T04,Neck,921.286,243.52,703.839,554.892,0.0,0.0,15.0,767.6174958520148,246.9985767346292
P07T04,Neck,915.484,227.841,717.521,500.074,1027.06,476.545,7.0,760.6875540353996,258.48093094425224
P07T04,LElbow,886.127,202.318,705.803,468.75,1095.67,431.579,10.0,767.628284768923,247.7723707871447
P07T04,Neck,868.354,196.448,699.899,447.213,1025.15,423.662,9.0,759.9159707797301,258.0973000425419
P07T04,LElbow,780.244,172.911,682.268,400.116,952.64,378.613,6.0,768.157385418991,247.6009505971396
P07T04,LElbow,776.328,200.322,674.458,429.572,958.497,398.199,5.0,759.8593813739762,258.54620585043966
P07T04,LElbow,778.252,227.73,682.313,455.027,962.464,455.007,5.0,768.117826828273,247.34380653855672
P07T04,Neck,776.37,243.487,676.416,472.621,962.353,490.248,9.0,759.4718580036911,258.35136724263606
P07T04,Neck,774.443,255.194,672.48,478.466,966.379,484.413,9.0,768.5123694920228,246.6797280899289
P07T04,Neck,778.242,261.041,668.543,488.354,980.132,498.121,9.0,759.5809506409851,258.2307214255799
P07T04,Neck,778.263,274.705,678.333,507.922,1011.37,492.188,10.0,768.4593690261984,247.07377883351975
P07T04,Neck,786.062,302.149,676.393,537.273,1021.19,482.451,10.0,759.2424936516995,258.31351595165876
P07T04,Neck,793.947,333.544,686.194,586.262,1017.3,554.939,10.0,768.9016272300296,246.91483985411662
P07T04,Neck,805.728,362.952,666.56,617.526,1029.1,568.619,11.0,759.4833455756093,258.77968534839044
P07T04,Neck,829.185,366.823,697.997,617.698,1046.67,580.419,13.0,768.6778061671257,246.44750524456845
P07T04,LElbow,884.059,284.529,741.07,543.166,974.191,531.442,10.0,759.7337201513669,258.7647320602322
P07T04,LElbow,933.078,223.765,766.521,478.537,1005.54,541.252,10.0,769.2980637555826,246.55526514390272
P07T04,LElbow,948.723,180.683,772.372,449.127,1036.88,541.2,10.0,759.4163222096499,258.40673990173354
P07T04,Neck,933.052,137.613,688.165,439.358,1074.14,502.048,10.0,769.7891836728288,246.07705869772366
P07T04,MidHip,931.024,125.855,725.354,445.224,1113.29,476.535,10.0,760.5010865594236,258.61896761229417
P07T04,MidHip,946.697,135.65,797.852,447.189,1119.23,480.524,10.0,760.0135381660468,259.0012201173412
P07T04,MidHip,938.941,145.509,815.52,455.028,1121.15,472.632,10.0,770.1697010700811,246.02545873960432
P07T04,LElbow,933.014,135.683,817.456,462.887,1181.81,380.6,10.0,760.0030299674596,259.7673116798065
P07T04,MidHip,931.008,143.463,807.671,476.564,0.0,0.0,11.0,769.6821620716034,246.3535005454069
P07T04,Neck,917.308,133.709,790.042,476.577,0.0,0.0,11.0,759.9600316222115,258.20855789889663
P07T04,Neck,889.927,98.4438,733.249,476.607,0.0,0.0,11.0,770.9062190912864,246.33894081148892
P07T04,Neck,870.388,86.6718,721.45,476.577,1126.99,672.47,10.0,760.7182552314007,259.38132296943525
P07T04,Neck,868.382,96.5255,682.272,505.926,0.0,0.0,11.0,770.9701972910004,246.28588578008538
P07T04,Neck,886.133,116.096,678.372,539.257,0.0,0.0,12.0,761.2598609417137,259.2887926718059
P07T04,Neck,887.956,151.365,713.633,576.485,0.0,0.0,14.0,771.3280976547437,246.41534049504625
P07T04,Neck,903.653,192.505,750.867,621.55,0.0,0.0,14.0,760.4316369218905,259.2315715946171
P07T04,MidHip,930.988,227.825,723.405,617.659,0.0,0.0,12.0,771.7470608963692,246.7172449782746
P07T04,Neck,981.995,274.802,795.935,637.244,903.66,605.882,14.0,761.6063453518343,259.7025941982116
P07T04,Neck,1077.99,319.786,878.199,658.758,1048.62,619.554,14.0,772.3006094236653,246.69735775175744
P07T04,Neck,1150.44,337.557,885.998,654.866,0.0,0.0,15.0,760.8695485467938,259.0980136250186
P07T04,Neck,1197.43,357.051,868.365,627.43,0.0,0.0,16.0,772.0750039139027,246.08801023259423
P07T04,Neck,1260.13,319.83,835.093,541.225,0.0,0.0,13.0,752.3074828028406,257.7692940768128
P07T04,Neck,0.0,0.0,848.817,549.047,0.0,0.0,17.0,760.7935521842026,244.253046897121
P07T04,Neck,0.0,0.0,854.656,562.793,0.0,0.0,17.0,730.5525561968611,255.74091760318183
P07T04,Other,0.0,0.0,876.237,625.457,0.0,0.0,17.0,730.9125455957172,237.69871004564442
P07T04,Other,1279.82,402.126,907.586,682.31,0.0,0.0,14.0,716.5099095754452,252.9646832221151
P07T04,Other,1279.83,411.908,0.0,0.0,0.0,0.0,17.0,710.631630830776,235.17776394112556
P07T04,Other,1264.22,408.014,0.0,0.0,0.0,0.0,18.0,706.8905082192385,251.9704112016777
P07T04,Other,1262.23,374.684,0.0,0.0,1166.18,715.616,14.0,705.4322415106584,233.9731628472717
P07T04,Other,1248.46,368.844,976.113,660.735,1138.76,715.615,14.0,710.738323334959,252.03223108746175
P07T04,Other,1246.57,353.205,1017.27,639.193,1117.18,715.589,13.0,712.7890667521352,235.276963372322
P07T04,RElbow,1224.94,331.551,0.0,0.0,0.0,0.0,13.0,713.9047648885376,251.81438429635523
P07T04,Other,1187.71,474.632,0.0,0.0,888.042,715.608,11.0,714.7485177238732,235.22605115256331
P07T04,Other,1123.07,492.299,623.544,635.288,907.587,690.102,8.0,713.1734805035364,251.21635074295492
P07T04,Other,1056.42,517.728,0.0,0.0,954.608,664.677,12.0,713.6219982329528,234.98292105857766
P07T04,Other,1017.31,519.638,556.911,570.599,993.788,619.573,10.0,713.3455198678555,251.75219078057708
P07T04,Other,1005.53,486.379,556.846,599.99,1042.8,619.558,10.0,713.5941348942764,235.564303164707
P07T04,Other,1009.52,460.833,596.053,607.822,0.0,0.0,12.0,714.2804790451166,252.7751902121781
P07T04,Other,1013.43,415.829,586.204,590.223,1072.18,646.955,10.0,715.268450188761,234.91446398962435
P07T04,Other,1009.37,362.96,582.39,574.522,1048.63,623.519,10.0,715.1078418694646,252.84242877246467
P07T04,Neck,993.824,319.796,590.184,564.747,1027.13,617.629,9.0,716.335529463032,234.8220970160994
P07T04,Neck,980.146,286.542,601.968,556.895,1011.35,594.099,9.0,715.3455580394723,252.21704031460698
P07T04,Neck,966.4,257.199,613.668,607.83,993.719,605.876,9.0,717.0321167992911,235.79440388604672
P07T04,LElbow,954.585,241.556,619.688,572.581,980.109,586.279,10.0,715.8319159087602,251.9889551547277
P07T04,LElbow,933.097,229.784,629.402,588.263,980.068,576.489,10.0,718.1279289418437,236.05191944071905
P07T04,LElbow,915.33,227.784,633.302,574.571,993.747,572.586,10.0,716.9304189504546,252.40683549275874
P07T04,LElbow,901.632,229.787,650.932,582.379,999.691,588.255,10.0,719.3233252272097,235.94901997843073
P07T04,Neck,893.833,225.843,664.591,556.922,1021.22,582.349,10.0,718.0631028517646,252.2412324896606
P07T04,Neck,888.008,200.371,695.959,554.893,1056.45,564.727,9.0,720.2868526988104,236.31761426107835
P07T04,LElbow,886.062,186.587,697.899,552.977,1091.73,564.743,10.0,718.3963492390512,251.6385802941198
P07T04,LElbow,870.359,180.673,680.31,556.93,1150.45,525.517,10.0,721.8256836961734,236.0191740166534
P07T04,Neck,872.316,176.746,666.599,545.129,1070.21,578.465,10.0,719.4141341881148,251.51109139782
P07T04,Neck,886.063,163.098,668.579,550.994,1181.84,715.596,10.0,723.2826575851346,236.3642892411107
P07T04,Neck,936.999,186.636,684.231,556.887,0.0,0.0,11.0,721.388571706312,252.5085176301853
P07T04,Neck,993.794,196.441,635.231,578.44,0.0,0.0,12.0,723.8725008833594,236.34285850560622
P07T04,Neck,958.501,118.001,0.0,0.0,0.0,0.0,12.0,721.6652552133239,251.74709404429797
P07T04,Neck,905.638,119.987,586.229,449.185,0.0,0.0,11.0,725.1315719168001,235.54326415630763
P07T04,Neck,897.796,261.066,623.489,566.712,872.335,715.602,11.0,721.4192522470787,251.71538637102674
P07T04,Neck,888.036,263.033,609.795,539.248,913.446,680.234,12.0,726.8145742414258,236.46972712552483
P07T04,Neck,897.739,278.706,647.011,574.554,0.0,0.0,11.0,721.8677156462603,251.0846037713732
P07T04,Neck,901.78,290.449,668.593,601.988,0.0,0.0,12.0,727.829113259267,236.5343987544133
P07T04,Neck,901.745,286.479,688.168,603.888,1103.53,547.103,10.0,723.6473297440454,251.38521050249406
P07T04,Neck,911.484,274.829,694.023,586.228,1123.05,511.867,10.0,728.7264507235523,236.05486042544888
P07T04,Neck,913.472,259.189,715.596,582.346,1105.49,521.62,11.0,725.1371336287216,251.43345619435456
P07T04,Neck,917.354,251.276,727.333,570.58,1126.99,572.538,11.0,729.5531780332808,235.97891140488267
P07T04,Neck,913.479,227.726,723.411,541.261,1119.21,525.531,10.0,724.8805127933679,250.5938985229038
P07T04,Neck,903.64,202.262,701.865,507.919,1132.81,496.133,10.0,731.2017344241867,236.7253179826825
P07T04,Neck,917.4,210.102,744.949,507.87,0.0,0.0,11.0,727.3562480143105,251.4814915277323
P07T04,Neck,931.094,227.795,772.376,480.542,1083.89,586.284,11.0,732.4824728960425,236.09435865384248
P07T04,Neck,944.816,255.153,793.939,466.774,1121.12,568.638,10.0,727.9735064578688,251.74487624466505
P07T04,Neck,946.843,272.814,788.06,462.92,1160.3,584.328,10.0,733.1873809899587,236.5019807825477
P07T04,Neck,946.694,288.512,729.343,476.537,1199.48,523.546,11.0,728.2974575611138,251.517559564379
P07T04,Neck,929.145,292.457,686.194,496.175,0.0,0.0,14.0,734.5668676202099,236.3862214061722
P07T04,Neck,919.345,294.413,678.353,527.541,0.0,0.0,13.0,729.5397157141257,250.96506962907674
P07T04,Neck,944.793,298.263,711.647,539.283,0.0,0.0,11.0,735.6551806978326,236.4342886461284
P07T04,Neck,993.695,288.517,793.947,539.263,0.0,0.0,12.0,730.195714525506,251.54082202468018
P07T04,Neck,1042.85,286.476,803.757,509.823,0.0,0.0,12.0,737.359877707531,237.1719557057058
P07T04,LElbow,1058.49,272.825,848.795,507.848,0.0,0.0,12.0,732.6360857907368,251.4126492308849
P07T04,Neck,1076.12,272.792,907.581,551.003,0.0,0.0,12.0,739.2401494374517,236.88442236113727
P07T04,Neck,1089.78,292.378,803.718,478.547,0.0,0.0,12.0,733.9392479652668,251.31666689091796
P07T04,Neck,1083.93,304.085,878.172,566.702,0.0,0.0,11.0,740.0218518309264,237.15980905923604
P07T04,Neck,1076.12,323.807,870.367,580.4,997.675,664.592,10.0,734.5405358707214,251.60790912746424
P07T04,Neck,1068.25,351.164,723.433,490.27,1009.49,696.023,14.0,741.1550475600677,237.22780538522468
P07T04,Nose,1060.36,378.606,0.0,0.0,0.0,0.0,14.0,742.0412011415466,237.40570710279732
P07T04,Neck,1060.46,388.415,0.0,0.0,860.577,715.591,13.0,734.9566416025395,252.1673513133208
P07T04,Neck,1058.51,386.466,0.0,0.0,1029.06,695.966,16.0,743.5933963664534,237.1620699517865
P07T04,Neck,1058.52,402.14,0.0,0.0,0.0,0.0,17.0,737.1560982745585,251.65638926199657
P07T04,Neck,1062.32,386.425,0.0,0.0,0.0,0.0,17.0,744.5726873524882,237.35409032733205
P07T04,Neck,1058.42,366.782,0.0,0.0,0.0,0.0,17.0,738.0006855192337,251.00046898945135
P07T04,Neck,1058.44,374.676,0.0,0.0,0.0,0.0,17.0,746.1140122968127,237.5309391543323
P07T04,Neck,1101.56,364.888,0.0,0.0,0.0,0.0,17.0,739.3047891040293,251.07756678962218
P07T04,Neck,1107.4,306.099,0.0,0.0,0.0,0.0,16.0,747.0024950410607,237.72339108073962
P07T04,Neck,1105.48,278.694,0.0,0.0,0.0,0.0,16.0,740.4737560278008,250.52649748093677
P07T04,Neck,1136.8,268.872,0.0,0.0,0.0,0.0,16.0,748.6116530362315,236.84777134968763
P07T04,Neck,1150.54,225.844,0.0,0.0,0.0,0.0,16.0,741.0672799043746,251.01346734102148
P07T04,Neck,1181.79,196.405,0.0,0.0,0.0,0.0,16.0,750.7699162578883,237.23338425774648
P07T04,Neck,1211.18,192.443,0.0,0.0,0.0,0.0,17.0,742.368904285313,250.62812590279302
P07T04,Other,1238.67,272.831,0.0,0.0,0.0,0.0,20.0,751.8497320890759,237.31300695451242
P07T04,Other,0.0,0.0,527.488,697.894,0.0,0.0,20.0,743.5938840624613,250.74484972278148
P07T04,Other,697.875,396.168,652.944,643.099,0.0,0.0,15.0,752.6300285166373,237.4885208516822
P07T04,Other,725.307,368.836,664.551,613.702,0.0,0.0,12.0,744.9936113873084,250.31697996044448
P07T04,Other,729.38,331.618,651.027,584.291,976.124,697.961,11.0,754.7704168959326,238.23405376495924
P07T04,Other,733.218,306.162,643.084,570.672,991.837,658.789,11.0,746.0970623733441,250.90312599843767
P07T04,Other,742.913,302.211,629.347,570.601,991.823,649.0,11.0,755.762183154078,237.96118566861554
P07T04,Neck,745.039,302.169,615.596,572.627,1013.35,601.957,10.0,747.2522580142518,250.31453000680577
P07T04,Neck,756.687,290.4,603.991,578.457,1040.82,551.032,10.0,748.0531524847268,250.65420313956884
P07T04,Neck,758.62,288.387,603.998,574.523,0.0,0.0,11.0,757.8319623665767,237.9548573128764
P07T04,Other,774.438,286.498,631.344,552.955,0.0,0.0,11.0,749.9414357695543,250.366734483432
P07T04,Other,809.656,274.862,662.689,527.488,1119.06,511.81,10.0,758.8951160957929,237.63669131422103
P07T04,Neck,836.966,264.993,666.605,509.901,1123.09,492.222,10.0,750.7886123458136,250.32754028484325
P07T04,Neck,836.977,243.408,652.887,488.346,1125.05,509.845,10.0,759.9582695938941,237.67894830997727
P07T04,Neck,825.3,227.726,637.201,478.559,1111.33,462.841,10.0,761.3246260903826,239.0608767455931
P07T04,Neck,821.367,233.6,623.496,488.313,1074.07,503.97,10.0,751.7541115379752,250.3351653887149
P07T04,Neck,823.259,233.64,635.295,494.234,0.0,0.0,11.0,762.8666169381733,238.86451323018662
P07T04,Neck,852.726,282.633,0.0,0.0,0.0,0.0,16.0,752.5493577030736,250.6771918343027
P07T04,Neck,844.856,382.527,470.672,650.967,0.0,0.0,15.0,763.8659743912658,238.27555128235082
P07T04,Neck,772.413,396.222,0.0,0.0,0.0,0.0,16.0,754.1946842796724,250.04068153520166
P07T04,RKnee,1138.76,370.835,1123.14,431.582,1132.82,431.605,0.0,764.4310957700745,237.91592059168747
P07T04,RKnee,1103.38,398.094,1087.72,462.773,1107.38,460.927,0.0,755.2623535009592,250.6037122789835
P07T04,RKnee,1085.83,382.545,1074.2,445.231,1095.65,445.268,0.0,766.4293696936533,239.4029262885002
P07T04,RElbow,1089.73,347.234,1078.0,402.167,1097.63,404.086,0.0,756.4785067560287,250.49300513904993
P07T04,Neck,631.306,366.843,0.0,0.0,0.0,0.0,17.0,767.396592833077,238.7173562647335
P07T04,Neck,623.535,366.923,0.0,0.0,0.0,0.0,17.0,757.3440186232174,250.92842234726513
P07T04,Other,588.27,382.516,0.0,0.0,0.0,0.0,17.0,768.6112390562357,239.4562333635447
P07T04,Neck,541.312,398.214,0.0,0.0,0.0,0.0,17.0,758.5402706583441,251.65785979559118
P07T04,RElbow,1042.78,429.544,1030.99,492.202,1056.5,482.429,0.0,758.9215181526347,251.40115659522326
P07T04,Other,545.105,382.504,0.0,0.0,0.0,0.0,17.0,769.6819481133664,240.00366655878372
P07T04,Other,1066.26,382.551,1056.43,439.373,1072.14,435.422,0.0,760.1970967492837,251.54646942683416
P07T04,RKnee,1115.21,304.095,1105.41,353.183,1121.2,351.246,0.0,770.0557218601962,239.45237536562374
P07T04,LElbow,746.922,184.711,650.996,470.709,970.264,500.088,8.0,761.1597943108944,252.19851923149372
P07T04,LElbow,758.721,192.43,648.902,476.591,978.072,498.103,9.0,770.7252347947075,240.77404556386355
P07T04,RKnee,1128.97,292.488,1119.07,349.143,1136.77,347.292,0.0,762.5046716664217,252.85544858309538
P07T04,RKnee,1134.82,290.445,1123.08,347.235,1138.76,343.372,2.0,771.2658413355039,240.43426316562696
P07T04,LElbow,784.144,217.985,645.034,478.596,0.0,0.0,10.0,763.8074112247082,252.75218341050882
P07T04,Neck,807.596,223.86,650.909,480.537,0.0,0.0,10.0,772.7431667415187,241.01370607837396
P07T04,Neck,807.758,229.7,645.079,490.251,1168.14,688.159,10.0,764.859417497883,252.4621603290829
P07T04,RElbow,1119.16,317.805,1107.42,372.741,1126.98,376.656,4.0,773.2881931338873,241.30456983867577
P07T04,Other,823.441,263.036,625.475,507.935,0.0,0.0,11.0,765.2011024446037,252.77336529207352
P07T04,Neck,813.525,231.712,586.231,478.509,0.0,0.0,10.0,774.5145397384144,241.3082495532274
P07T04,Neck,805.709,210.05,590.211,455.024,0.0,0.0,10.0,766.494958690095,252.28974296823546
P07T04,Neck,805.762,212.033,601.922,451.118,0.0,0.0,10.0,775.777667106368,241.57358734478146
P07T04,Neck,872.347,247.368,739.096,490.264,1032.96,639.163,10.0,767.6302002502271,252.7476384474486
P07T04,Neck,856.711,272.807,715.569,527.525,993.725,627.413,10.0,777.313624471551,241.57824625339086
P07T04,Neck,862.523,302.194,695.978,584.323,1101.54,652.868,10.0,768.3460878220869,253.16743368713753
P07T04,Neck,878.174,337.404,678.357,635.294,1099.56,699.962,11.0,777.4970269812218,242.22728231133598
P07T04,Neck,886.054,366.8,621.533,666.563,0.0,0.0,14.0,769.4301129062605,253.4103084690632
P07T04,RElbow,1103.54,366.946,1087.85,427.529,1105.46,423.67,0.0,779.4156347897415,242.48460329385958
P07T04,Neck,919.301,396.189,0.0,0.0,0.0,0.0,16.0,770.9931248302767,254.26320934513964
P07T04,Neck,946.783,368.775,0.0,0.0,0.0,0.0,16.0,780.0552607945941,242.1041497604067
P07T04,Neck,944.761,349.232,0.0,0.0,0.0,0.0,16.0,771.3364012236079,254.4141288277207
P07T04,RElbow,1228.75,435.398,1203.41,490.296,1223.0,494.147,10.0,782.2060350936292,243.17499913897743
P07T04,Neck,993.808,341.359,0.0,0.0,0.0,0.0,17.0,772.361653639422,254.27630800064713
P07T04,Neck,1011.43,339.489,0.0,0.0,0.0,0.0,17.0,782.9725860947457,242.8857997057423
P07T04,RElbow,1203.44,427.566,1179.89,478.574,1195.52,480.503,10.0,772.3604509115969,254.30876294922714
P07T04,Neck,980.01,382.51,0.0,0.0,948.691,715.6,15.0,783.8884307849036,242.26642256673776
P07T04,Other,927.185,413.777,0.0,0.0,1087.78,586.28,12.0,773.7803633046434,254.1779717506773
P07T04,Other,917.451,409.916,0.0,0.0,1089.76,578.432,11.0,785.055377946108,241.63663889460702
P07T04,Other,915.32,404.073,617.537,697.929,1091.74,586.32,9.0,773.4003554223493,253.50534370298888
P07T04,Other,923.28,413.805,615.599,695.956,1101.5,633.292,10.0,785.5211824109504,242.09971937642254
P07T04,Other,923.236,413.891,602.017,694.037,1085.86,664.715,13.0,774.2588137232063,253.50618713977954
P07T04,Other,884.114,360.991,586.313,664.586,1105.46,574.506,13.0,785.830849542888,242.0611317456092
P07T04,LElbow,872.355,321.738,588.274,639.165,1117.18,588.263,9.0,774.9805858369743,253.868688618731
P07T04,Neck,880.154,290.506,590.17,623.511,1128.94,594.126,10.0,786.8982147272544,241.93613069508652
P07T04,Neck,878.214,288.427,596.084,637.249,1150.49,621.556,11.0,775.9253804013405,254.34325990460886
P07T04,Neck,880.165,313.959,584.32,648.98,1150.49,715.595,13.0,786.7775646613471,241.99554377349327
P07T04,Neck,876.228,319.804,576.484,668.572,0.0,0.0,14.0,776.4522045341823,254.44268695816388
P07T04,RElbow,1132.83,382.462,1117.22,441.255,1134.87,443.193,2.0,788.2517550585493,242.60729311597444
P07T04,Neck,897.756,351.151,556.933,695.952,0.0,0.0,15.0,776.2495384600036,253.5874131404213
P07T04,Neck,1136.81,319.743,0.0,0.0,0.0,0.0,17.0,788.3787211740175,242.25059775278228
P07T04,Other,1146.55,355.156,0.0,0.0,0.0,0.0,17.0,776.6760989127326,254.24927962708534
P07T04,Other,1123.1,355.092,0.0,0.0,0.0,0.0,17.0,789.4164434739989,243.00493600387492
P07T04,Other,1074.04,384.555,0.0,0.0,0.0,0.0,16.0,789.3844651152738,242.86951889742002
P07T04,Other,1066.25,445.167,0.0,0.0,0.0,0.0,16.0,777.395256561583,254.33415439879016
P07T04,Other,1078.06,470.663,0.0,0.0,0.0,0.0,16.0,777.1626147543924,253.9712027460675
P07T04,Other,1068.21,460.833,0.0,0.0,1003.56,715.585,15.0,789.8670934674451,243.04125290491822
P07T04,Other,1054.51,443.228,0.0,0.0,1007.43,703.858,12.0,778.0562961059785,254.4483235152599
P07T04,Other,1029.02,398.136,0.0,0.0,993.744,668.562,13.0,790.4809308482047,243.21400909828995
P07T04,Other,1005.53,337.506,735.185,660.738,993.8,664.597,9.0,778.5812476652986,254.26371191176108
P07T04,LElbow,997.764,251.25,743.023,572.573,993.845,594.122,5.0,790.8064327481839,243.1620529489204
P07T04,LElbow,993.708,170.954,744.907,505.912,978.171,556.869,4.0,778.9891719039053,254.80283433706276
P07T04,LElbow,980.089,116.133,711.626,441.296,958.535,517.698,4.0,791.380264776689,243.46394431871812
P07T04,LKnee,1119.04,219.948,1091.74,268.864,1105.44,270.893,9.0,779.2136028858495,254.59033432095686
P07T04,RElbow,1138.75,225.807,1127.02,282.587,1136.74,278.706,10.0,791.5536203367292,242.34073406021733
P07T04,RElbow,1150.48,241.488,1134.84,294.369,1138.8,294.379,10.0,780.0658554257309,254.22827439609642
P07T04,MidHip,1148.57,245.462,1132.85,302.124,1136.83,300.272,10.0,793.1690204348444,243.38674905554558
P07T04,MidHip,938.91,5.36016,682.349,319.795,1040.81,384.532,7.0,779.9508851763745,254.98259603437035
P07T04,MidHip,948.781,20.0931,682.252,384.491,1109.39,554.92,5.0,791.2167410896748,245.54040246904327
P07T04,MidHip,948.736,57.2863,662.696,443.243,1117.21,599.997,9.0,779.5742029587511,254.97557476425663
P07T04,MidHip,942.796,90.645,637.203,451.141,1193.59,682.281,9.0,791.2593522414909,245.30205158590522
P07T04,LElbow,982.066,149.384,633.365,460.944,0.0,0.0,12.0,779.5768679963262,254.3210614392963
P07T04,LElbow,989.814,159.207,0.0,0.0,997.74,715.62,11.0,791.5441046656986,245.81117411658497
P07T04,LElbow,964.479,159.141,686.209,429.491,0.0,0.0,10.0,780.208430257803,255.1849857783248
P07T04,LElbow,980.085,165.029,694.046,433.519,0.0,0.0,8.0,791.4158348239678,245.3793080965502
P07T04,LElbow,979.993,178.733,690.109,453.064,0.0,0.0,11.0,780.4160277422006,254.34199373606617
P07T04,LElbow,970.242,178.783,647.001,451.09,0.0,0.0,14.0,791.8858263069438,244.82989533365762
P07T04,Other,936.932,335.415,0.0,0.0,0.0,0.0,15.0,780.6113342806192,253.82257681103582
P07T04,Other,946.687,392.339,0.0,0.0,1140.7,715.602,14.0,791.7772587052638,245.2918612506158
P07T04,Other,964.369,384.481,0.0,0.0,0.0,0.0,15.0,779.5560781819588,253.28164140511916
P07T04,Other,966.379,384.564,0.0,0.0,0.0,0.0,16.0,791.7891009083833,244.90539555492475
P07T04,Other,952.65,364.927,0.0,0.0,0.0,0.0,16.0,791.944182348189,245.02341871827966
P07T04,Other,944.73,396.213,688.135,715.616,0.0,0.0,15.0,780.1050958614304,253.29401597143
P07T04,Other,931.127,409.944,674.418,695.989,0.0,0.0,15.0,791.6140932495634,244.29230084567925
P07T04,Other,887.969,398.238,637.242,695.98,0.0,0.0,14.0,779.3680191583791,253.7545610782459
P07T04,Other,841.028,384.537,605.878,697.896,0.0,0.0,15.0,791.4380707311902,244.22226103117742
P07T04,Neck,790.087,347.226,570.657,637.221,0.0,0.0,13.0,779.2522835714385,252.97991407630778
P07T04,Neck,792.096,311.974,539.201,594.101,0.0,0.0,14.0,791.3494819492955,244.33266987513966
P07T04,Other,1132.84,353.122,1134.85,427.542,0.0,0.0,8.0,779.02108304388,253.43499991367597
P07T04,Other,905.593,366.793,903.652,419.76,925.206,415.883,0.0,790.9399392652783,244.01256231459553
P07T04,Other,1144.61,382.459,1134.88,445.298,0.0,0.0,6.0,779.6331174498204,253.85371835449965
P07T04,Other,854.748,400.267,842.957,462.892,868.375,460.87,1.0,790.4947769042972,244.38632312675782
P07T04,Other,178.77,507.929,0.0,0.0,0.0,0.0,17.0,777.8139961041846,253.9965647151976
P07T04,Other,772.409,347.247,776.24,413.827,807.634,390.395,1.0,789.6476473503567,244.45126850640392
P07T04,Other,742.94,341.402,746.92,402.12,772.404,388.418,3.0,777.6646830461823,253.50007936946497
P07T04,Other,108.288,566.7,0.0,0.0,574.504,686.197,16.0,789.3312554165753,244.81572555944123
P07T04,Other,118.029,554.855,0.0,0.0,554.934,670.519,16.0,777.7388070043746,254.2102924096321
P07T04,Other,163.094,541.192,0.0,0.0,609.812,641.163,15.0,789.07694114834,244.39718941914361
P07T04,Other,219.922,523.641,0.0,0.0,641.12,652.902,16.0,777.5653972095429,254.42954805910844
P07T04,Other,251.241,484.396,0.0,0.0,619.638,672.476,16.0,788.9604295676086,244.19424779826946
P07T04,Other,272.829,335.495,380.565,666.633,0.0,0.0,15.0,777.2714377438076,254.5606561213768
P07T04,Other,288.41,319.825,353.153,688.17,621.544,682.262,14.0,788.5051973094303,244.2140436237139
P07T04,Other,315.877,306.202,292.452,648.938,715.574,664.61,14.0,776.4454631866338,254.11252157538314
P07T04,Other,357.053,292.417,290.414,623.538,697.935,682.266,14.0,787.7847852373541,244.0053575182808
P07T04,Other,421.687,290.508,317.849,617.689,790.005,682.32,14.0,776.5295617654313,254.1739474007474
P07T04,Other,492.204,308.052,361.003,629.364,823.377,699.897,13.0,776.3469473886289,254.3187381671712
P07T04,Neck,541.282,323.766,402.127,635.343,862.505,697.924,13.0,787.8425425433398,243.666666854965
P07T04,RElbow,1011.49,333.583,1005.5,398.127,1029.09,396.219,0.0,774.699881532212,253.5204780159374
P07T04,RElbow,1013.45,341.414,1005.55,404.11,1027.11,402.173,0.0,788.2039785773677,243.73146712367486
P07T04,RElbow,1011.42,343.351,1001.64,402.186,1025.14,400.242,0.0,775.4131061910999,254.05733221694905
P07T04,RElbow,1003.59,335.461,993.858,392.334,1013.42,386.506,0.0,787.7020584723416,244.14322022720407
P07T04,Neck,760.743,296.351,729.348,621.531,1081.95,662.69,13.0,775.1848673454869,254.09724228603568
P07T04,RElbow,1089.87,280.651,1089.76,343.367,1091.81,337.546,10.0,787.4742671572944,243.4670253778497
P07T04,RElbow,1060.39,262.989,1056.55,323.736,1058.52,321.741,10.0,775.2655446244555,253.63525893665843
P07T04,RElbow,1032.96,241.437,1029.09,304.168,1040.75,304.138,10.0,787.3003829475841,243.4581973301703
P07T04,Neck,848.827,312.014,701.878,609.81,0.0,0.0,12.0,775.3676935977662,254.17860006732158
P07T04,Neck,850.783,333.495,698.003,607.826,0.0,0.0,12.0,787.0453303727918,243.42034074914957
P07T04,Neck,848.834,335.475,707.756,601.938,0.0,0.0,14.0,775.2703062749366,253.5441768718092
P07T04,Neck,839.086,321.79,715.598,580.402,0.0,0.0,14.0,786.9146150775466,243.12516584460352
P07T04,Neck,836.944,302.235,709.685,551.012,0.0,0.0,12.0,774.1386928222772,253.03739784532684
P07T04,RElbow,982.058,219.944,985.914,284.58,991.832,241.513,10.0,786.0234969842286,242.89797174599366
P07T04,Neck,854.684,282.594,754.782,537.336,0.0,0.0,12.0,773.96924311672,253.16876137973833
P07T04,Neck,866.434,288.396,772.394,549.051,0.0,0.0,12.0,786.2315016338862,243.45329724403118
P07T04,Neck,870.308,272.88,811.563,541.174,0.0,0.0,12.0,773.0160906421138,253.40426608655065
P07T04,Neck,938.907,167.065,872.341,445.189,1003.57,703.846,10.0,785.8637588414526,243.227450999407
P07T04,LKnee,476.628,233.645,470.688,288.377,492.246,280.63,1.0,773.4112800284043,252.16321070984128
P07T04,LKnee,472.638,223.839,460.96,276.752,490.29,272.726,1.0,785.1328818862964,243.2186231772144
P07T04,LKnee,462.862,212.183,451.108,270.831,476.605,264.999,1.0,771.721969250048,250.73978181871811
P07T04,LKnee,458.882,212.159,445.141,270.785,468.734,261.031,1.0,784.2581236135719,242.76443940901294
P07T04,LKnee,445.267,212.168,431.545,268.898,460.867,259.189,1.0,771.8681622516123,251.73958891167163
P07T04,LKnee,441.324,214.055,429.495,272.703,449.187,270.789,1.0,783.8202973059545,241.6098383767098
P07T04,LKnee,431.582,225.861,419.769,282.645,447.11,276.736,1.0,771.7375970478331,251.84096640089433
P07T04,LKnee,415.768,225.709,400.168,274.761,427.591,272.805,1.0,783.0503174928718,241.69306135762642
P07T04,LKnee,400.233,225.691,388.421,276.701,413.862,272.79,1.0,771.474224763491,251.40084826635032
P07T04,LKnee,398.214,231.718,386.424,288.489,411.896,278.681,1.0,782.7638390381354,241.6566760091656
P07T04,Other,617.627,104.319,619.584,164.97,629.363,163.184,9.0,769.592520364879,250.95982986669716
P07T04,Neck,1042.84,488.347,0.0,0.0,936.979,670.532,16.0,782.0064467089096,240.60699754347635
P07T04,LElbow,578.428,71.0711,570.553,129.739,584.328,129.721,10.0,769.8215035599744,250.9704074698561
P07T04,LElbow,554.82,88.6745,552.927,149.35,556.951,147.478,6.0,781.7362753838397,240.3433000974827
P07T04,Other,539.34,110.192,541.246,165.149,539.201,163.169,10.0,768.0693729719301,251.35682384748984
P07T04,Other,527.529,116.114,527.475,174.889,535.337,174.837,8.0,780.830882757454,239.98328369718016
P07T04,LKnee,509.987,116.067,509.865,176.782,507.964,172.914,2.0,768.1391751886063,250.82672902975204
P07T04,LKnee,511.843,123.962,511.872,180.853,507.89,178.72,8.0,779.9648562158345,239.44748718716252
P07T04,LKnee,511.817,133.626,509.912,194.412,507.942,194.368,4.0,767.0272658463712,250.55499477683497
P07T04,Other,521.6,149.391,521.555,211.994,535.369,214.043,2.0,778.5570003043026,239.95887930467154
P07T04,LElbow,549.037,178.807,539.325,239.539,552.989,241.402,10.0,765.7700629049406,250.12574148047574
P07T04,Other,884.057,212.105,639.158,502.04,0.0,0.0,13.0,777.0777814361225,239.42721258351534
P07T04,Other,895.803,208.199,647.01,611.737,0.0,0.0,11.0,765.934724139099,250.73846224039096
P07T04,Other,913.482,223.809,662.661,535.32,917.415,697.946,9.0,775.8802492787457,238.483272145235
P07T04,Other,933.042,237.517,666.69,554.922,0.0,0.0,11.0,764.2804960932132,249.27707675678394
P07T04,Other,960.495,247.354,695.974,556.898,0.0,0.0,10.0,775.297413826547,238.6058701334484
P07T04,Other,977.991,241.467,723.419,552.931,987.905,684.237,9.0,762.7295856552826,249.71939687809518
P07T04,Other,982.107,229.745,731.279,554.912,1058.39,715.617,10.0,773.8962634568924,238.14834343678362
P07T04,Other,621.558,200.304,604.012,259.187,633.239,259.157,0.0,761.961782218847,248.65649715576097
P07T04,Other,999.651,233.604,731.25,574.525,1170.14,690.117,10.0,772.5004639031426,237.05951614656854
P07T04,Other,1009.42,245.399,727.397,566.694,1221.07,650.927,10.0,761.6175666220945,249.28709611586905
P07T04,Other,1003.55,237.569,772.395,574.544,0.0,0.0,11.0,771.5990058289215,236.8946911220502
P07T04,LElbow,978.011,215.974,727.354,552.945,1160.28,554.951,10.0,759.7101183755117,248.28721599949785
P07T04,LKnee,480.458,163.012,476.581,216.051,500.107,210.177,1.0,770.4099108900605,237.00555221087095
P07T04,Neck,901.744,294.383,680.34,568.619,0.0,0.0,10.0,759.1867241249684,248.13321364900887
P07T04,LKnee,462.851,169.012,458.9,227.671,476.577,217.94,1.0,769.458908147913,237.26791679146916
P07T04,LKnee,460.853,178.748,458.924,231.647,474.539,225.783,1.0,757.8249470536746,247.68337221282073
P07T04,LKnee,449.168,180.771,445.192,233.633,460.866,225.854,1.0,768.0278600582014,236.0347456571877
P07T04,LElbow,695.904,241.431,688.168,300.224,696.008,298.261,10.0,757.4990822544283,247.88611876703976
P07T04,Neck,950.692,388.447,696.017,705.796,0.0,0.0,14.0,766.6710192605321,235.92740022968735
P07T04,Other,962.383,398.257,0.0,0.0,0.0,0.0,15.0,755.7496159087561,247.50734139015722
P07T04,Neck,980.075,392.353,739.111,715.608,0.0,0.0,14.0,765.4862888530774,235.50789829821198
P07T04,Other,353.239,194.469,349.251,247.321,364.893,241.516,1.0,754.739824522116,247.57849874939726
P07T04,Other,590.224,259.23,570.676,308.115,578.458,310.025,10.0,764.5083594215503,235.69650222324177
P07T04,LKnee,527.58,98.4717,507.94,147.408,511.876,147.468,4.0,754.2392556705072,247.50706262169572
P07T04,LElbow,511.866,86.6211,494.224,135.713,498.114,133.786,6.0,762.6156033902078,234.62068041383307
P07T04,LElbow,982.031,288.439,0.0,0.0,1195.55,635.242,14.0,753.6599171774678,246.73357521581332
P07T04,LKnee,560.784,90.612,541.205,147.41,554.969,151.322,9.0,761.9329516866449,234.4351508380018
P07T04,LElbow,537.234,98.3738,507.968,145.424,519.672,147.458,10.0,752.2924803238266,247.2092827725781
P07T04,LElbow,507.802,84.77,482.476,137.631,482.48,135.65,9.0,760.3638270139799,234.39863072009032
P07T04,LKnee,500.105,92.5908,488.344,147.44,480.542,145.444,8.0,751.690050384258,246.61386986548487
P07T04,LElbow,509.882,86.8056,488.341,139.613,496.184,147.483,9.0,759.4892071581128,234.66419859886474
P07T04,LElbow,500.042,90.6141,474.561,137.679,480.522,147.358,9.0,750.2404641580029,246.7732384356598
P07T04,LElbow,496.242,84.6405,480.476,98.4141,476.595,131.671,10.0,757.3045460368903,234.144629924047
P07T04,LElbow,513.803,63.1683,490.269,110.216,498.129,116.143,10.0,749.1086855790181,246.9509875411595
P07T04,LElbow,509.961,80.7865,494.188,90.6421,498.139,108.272,10.0,756.0158626700882,233.78089538522585
P07T04,LElbow,464.892,53.4399,449.11,110.214,460.955,116.055,9.0,747.5096620332245,246.7905197072537
P07T04,LElbow,464.889,53.4644,447.235,114.074,462.87,117.999,9.0,755.1356715975464,233.62126681999925
P07T04,LKnee,478.478,70.9576,460.93,129.742,478.575,133.685,8.0,746.2820434313733,246.385253443021
P07T04,LKnee,494.301,76.8808,478.491,133.67,494.24,137.611,6.0,754.625456928528,233.1431030844582
P07T04,Other,492.214,84.7315,476.538,145.425,482.425,147.394,0.0,745.9747208553813,246.24716273620788
P07T04,Other,466.757,86.6357,449.188,143.505,466.761,147.505,9.0,752.8502713693663,233.26290374384396
P07T04,LElbow,458.963,49.4297,435.439,100.346,458.957,104.302,10.0,743.7710368680612,246.69321667889997
P07T04,LElbow,445.288,27.9021,415.811,82.7914,427.588,84.7738,10.0,751.6448878194399,232.9132693188383
P07T04,Neck,713.678,206.189,0.0,0.0,1027.12,492.3,16.0,749.7068801924022,232.40317454212322
P07T04,Neck,731.257,174.848,0.0,0.0,0.0,0.0,17.0,743.7981401546888,246.27010358582964
P07T04,Neck,758.603,165.133,0.0,0.0,993.782,572.606,15.0,748.595463747066,232.27704429060864
P07T04,Neck,807.682,172.876,0.0,0.0,993.773,558.878,16.0,741.9706725488086,245.71117595965015
P07T04,Nose,931.095,321.782,0.0,0.0,0.0,0.0,18.0,746.3726369829444,231.8966631772544
P07T04,Other,931.07,368.82,0.0,0.0,0.0,0.0,18.0,740.7194507283114,245.52245794414696
P07T04,Nose,915.368,453.069,0.0,0.0,0.0,0.0,17.0,738.9806513613376,244.75263265136928
P07T04,RKnee,525.507,5.38089,523.581,39.6172,525.49,39.7157,13.0,745.0461433027122,232.45858388189066
P07T04,Other,523.517,5.36782,523.619,35.703,523.59,33.7996,5.0,743.2127243476049,231.5583505003954
P07T04,Other,nan,nan,nan,nan,nan,nan,nan,738.7070405582443,245.34830175118176
P07T04,Other,985.966,666.603,0.0,0.0,0.0,0.0,22.0,741.5031420672408,231.37946496567722
P07T04,Other,0.0,0.0,0.0,0.0,645.076,5.33977,22.0,737.3179007733352,244.04779126296947
P07T04,Other,0.0,0.0,0.0,0.0,0.0,0.0,19.0,740.2897262579663,230.17576179867376
P07T04,Other,nan,nan,nan,nan,nan,nan,nan,735.3673660159407,244.22784251675827
P07T04,Other,nan,nan,nan,nan,nan,nan,nan,738.5433747824571,229.82888159775462
P07T04,Other,nan,nan,nan,nan,nan,nan,nan,734.7816950752613,243.5406488597405
P07T04,Other,nan,nan,nan,nan,nan,nan,nan,737.1509457303806,229.60762779058436
P07T04,Other,nan,nan,nan,nan,nan,nan,nan,734.1181617753962,243.80487402484434
P07T04,Other,nan,nan,nan,nan,nan,nan,nan,735.788344505095,228.05440313039318
P07T04,Other,nan,nan,nan,nan,nan,nan,nan,733.1013323373734,243.77506665271835
P07T04,Other,nan,nan,nan,nan,nan,nan,nan,734.2623542981582,228.5289102476827
P07T04,Other,nan,nan,nan,nan,nan,nan,nan,732.2327174870271,243.65330822898167
P07T04,Other,0.0,0.0,899.79,37.7604,946.733,55.3055,15.0,733.9230823646601,227.21810694748285
P07T04,Other,0.0,0.0,901.682,37.7627,948.689,53.4178,14.0,731.1578615977328,243.05884130031572
P07T04,Other,nan,nan,nan,nan,nan,nan,nan,732.1855268982947,228.15920885004766
P07T04,Other,nan,nan,nan,nan,nan,nan,nan,730.4967352216161,242.5875373417798
P07T04,Other,nan,nan,nan,nan,nan,nan,nan,731.5429219582547,227.44835737485027
P07T04,Other,952.661,5.35156,0.0,0.0,950.718,53.338,3.0,729.2157052811946,242.6231736140683
P07T04,Other,976.145,22.1464,950.719,68.992,962.334,69.1547,1.0,729.0263563519686,242.69163300334398
P07T04,Other,976.115,24.0601,968.337,80.8393,968.33,76.9134,1.0,730.4636455348978,227.5817970252519
P07T04,Other,964.451,18.1222,946.807,57.3701,958.522,67.05,7.0,729.9175266270877,227.2491753483621
P07T04,Other,966.402,5.34211,946.699,53.3722,962.431,55.4383,5.0,728.1658411575734,242.3697175726018
P07T04,Other,1038.82,69.0724,1021.18,118.001,1025.14,117.994,1.0,727.7302433703935,242.67181078645902
P07T04,Other,1040.85,80.7994,1027.1,127.861,1029.11,123.945,2.0,729.3310257526891,227.25206255444925
P07T04,Other,1038.86,84.8197,1023.18,131.798,1029.07,131.84,5.0,727.5360196714653,242.69889857596831
P07T04,Other,1027.19,94.5299,1017.32,139.624,1025.15,143.541,1.0,728.244401209547,226.42093462903117
P07T04,Other,1025.18,102.316,1019.24,149.426,1027.12,149.488,1.0,727.2527762562484,242.4664976852148
P07T04,Other,1025.12,108.227,1013.35,153.349,1023.13,155.302,3.0,727.4081661148433,226.50424028772733
P07T04,Other,746.916,27.9161,743.03,84.6499,760.681,71.0962,1.0,726.0452575160737,243.1618582684521
P07T04,Other,748.934,27.9005,746.991,84.8282,760.652,80.8062,1.0,725.6576290614187,227.14269264960575
P07T04,Other,760.643,39.6905,760.629,96.4794,780.231,84.807,1.0,725.9254552541474,244.36906038832095
P07T04,Other,780.239,53.4691,782.208,104.343,792.012,100.469,1.0,724.8999479004815,227.78173170264222
P07T04,Other,805.769,69.0451,807.654,125.868,823.388,116.055,1.0,725.2818738491682,245.1716571499435
P07T04,Other,825.288,80.8097,825.306,133.796,842.934,131.712,1.0,723.8787007892387,228.45423759064093
P07T04,Other,838.932,88.7222,837.052,145.43,852.766,133.821,1.0,724.7619089334435,245.28381301403292
P07T04,Other,841.01,165.03,842.947,217.938,858.59,210.084,1.0,723.0206100122073,228.42862534981705
P07T04,Other,836.977,164.979,837.012,214.059,852.698,210.057,1.0,725.5113390882998,245.3211688528921
P07T04,Other,831.15,157.211,831.167,210.115,850.738,200.31,1.0,721.5886715377956,228.73423776457543
P07T04,Other,1083.92,192.487,1068.24,241.525,1074.12,239.551,11.0,723.8012778852142,244.89198231608034
P07T04,Other,1074.15,178.744,1066.29,227.745,1074.03,227.742,10.0,722.1064482623135,227.79874882515634
P07T04,Other,1070.22,169.024,1056.54,225.774,1070.14,223.869,10.0,722.7416723852048,243.88257318792373
P07T04,Other,791.959,133.701,793.924,186.592,807.719,178.738,1.0,721.3076098365651,227.39575379652084
P07T04,Other,778.332,139.571,780.231,194.393,801.784,180.762,3.0,722.7339309172326,242.9517621596183
P07T04,Other,1040.79,178.841,1031.01,229.722,1042.68,227.772,9.0,720.5285923732831,226.83128751664515
P07T04,Other,766.561,155.271,768.461,210.01,789.934,194.472,1.0,722.7233685655422,242.3222959512821
P07T04,Other,1027.02,174.829,1015.32,225.753,1029.07,221.911,11.0,721.0252651476237,226.7551214601261
P07T04,Other,754.72,139.58,758.638,190.507,774.38,178.771,1.0,722.024334101037,243.04506393105643
P07T04,Other,930.991,131.85,921.282,180.81,933.13,180.698,1.0,720.7305165980401,226.74250482426567
P07T04,Other,907.59,127.845,899.792,176.791,917.355,170.946,1.0,721.7866050722639,242.90344318461598
P07T04,Other,895.815,102.483,885.982,149.484,901.632,149.439,1.0,721.1208025441475,226.44337965683647
P07T04,Other,884.16,82.7371,874.246,131.733,895.778,131.696,9.0,721.7888702179091,242.99450435684778
P07T04,Other,876.267,59.2755,868.379,104.392,886.043,102.475,1.0,719.5594234454363,226.4610825557765
P07T04,Other,870.269,37.7676,862.51,84.7075,883.976,84.7043,3.0,718.766588469262,226.42722801831135
P07T04,Other,854.714,4.38282,850.785,55.3564,868.341,55.2749,1.0,721.2818847187294,242.95150988296905
P07T04,Other,0.0,0.0,488.329,5.3595,0.0,0.0,7.0,717.5849235604753,225.28645492395694
