P07T16,Other,695.913,294.348,617.532,509.807,782.185,494.291,8.0,790.9013191090437,142.67449883835582
P07T16,Other,695.937,292.444,615.649,509.812,782.209,494.24,8.0,790.3320766809325,143.0235141198473
P07T16,Other,695.964,292.451,617.559,507.944,778.342,498.118,8.0,789.9551002971552,142.3426068254744
P07T16,Other,696.011,292.377,607.869,505.985,792.01,498.13,8.0,790.0988915701098,142.23106496530838
P07T16,Other,696.064,290.541,602.022,507.903,795.941,496.187,8.0,789.590429735289,142.35331973458838
P07T16,Other,696.083,290.499,586.353,505.911,807.658,509.853,8.0,789.4514757166608,142.75740736448537
P07T16,Other,696.046,290.459,572.499,500.065,823.372,511.801,8.0,789.4830662343576,142.48471590441733
P07T16,Other,696.029,290.451,564.706,505.964,839.086,498.109,8.0,789.6349632791673,142.26595022041974
P07T16,Other,696.017,290.459,554.91,509.872,854.658,505.922,8.0,788.9285315511934,142.1452026798935
P07T16,Other,695.996,290.451,547.139,505.934,872.33,507.915,8.0,788.7064672972813,141.8719207548459
P07T16,Other,695.991,290.444,539.216,505.962,872.305,490.306,8.0,788.0246443133365,141.42622134679345
P07T16,Other,695.947,290.421,533.365,502.02,872.36,484.434,8.0,788.1535845879732,141.4105251788377
P07T16,Other,695.934,290.464,519.655,505.991,880.155,482.428,8.0,788.3463314953322,141.40171111952898
P07T16,Other,695.919,290.428,519.686,498.144,884.079,482.417,8.0,788.0721641006328,142.3489251926179
P07T16,Other,695.888,290.389,519.685,503.954,883.974,484.388,8.0,787.64881986991,142.04686829239358
P07T16,Other,695.873,290.393,523.54,498.145,882.069,486.348,8.0,787.8786813557806,141.56901060096837
P07T16,Other,694.067,290.446,523.522,502.058,872.334,486.355,8.0,788.0508500504063,142.0426093597877
P07T16,Other,693.984,290.432,525.63,507.966,870.359,492.263,8.0,787.9043526377587,142.40882758548
P07T16,Other,693.95,290.418,527.548,509.852,864.5,494.26,8.0,787.1392412627229,141.9275810843858
P07T16,Other,695.878,290.4,574.563,519.676,821.396,529.472,8.0,787.1995203072536,141.69896879629505
P07T16,Other,694.045,288.533,572.643,519.691,823.372,519.657,8.0,787.3727172089602,142.32178999673852
P07T16,Other,694.042,288.488,572.494,523.522,825.313,525.537,8.0,787.2572024637693,142.515140316686
P07T16,Other,694.05,288.529,572.504,523.536,827.22,527.483,8.0,787.1607458656943,141.9425405568062
P07T16,Other,694.01,288.525,570.608,525.582,827.266,525.514,8.0,787.059235809435,142.05729599940142
P07T16,Other,694.002,288.506,570.565,517.732,825.342,523.565,8.0,787.0385200390858,142.035557035999
P07T16,Other,694.002,288.525,570.579,521.612,825.333,521.636,8.0,787.117054991757,141.6713616457655
P07T16,Other,693.987,288.508,572.63,511.803,827.243,521.63,8.0,786.8508807083388,141.88118437179742
P07T16,Other,692.093,288.536,572.638,517.68,827.234,525.499,8.0,787.0850851098054,142.16684270617262
P07T16,Other,692.064,288.557,574.531,523.632,825.271,523.571,8.0,787.1639076895119,142.10925791820844
P07T16,Other,690.08,290.376,580.373,525.627,813.559,525.519,8.0,786.5763671255834,141.41419294988404
P07T16,Other,690.093,290.41,582.346,525.534,809.696,525.544,8.0,786.1739722652965,141.26346311385714
P07T16,Other,690.115,290.408,582.32,525.553,809.681,523.564,8.0,786.1931695311778,140.87743543642296
P07T16,Other,690.136,290.423,582.334,523.549,809.692,519.698,8.0,786.4392340622392,140.73956453800403
P07T16,Other,692.042,290.432,582.386,525.576,811.556,519.672,8.0,786.4098839098762,141.35639955944526
P07T16,Other,692.055,290.421,582.37,507.901,807.762,525.521,8.0,786.0055492045389,141.57356090591338
P07T16,Other,692.046,290.429,582.324,513.814,807.589,531.438,8.0,785.6485241991892,141.0412441446064
P07T16,Other,692.049,290.441,580.393,511.823,807.58,535.312,8.0,786.097042762203,141.1079284389723
P07T16,Other,692.08,290.434,580.372,507.966,807.696,531.455,8.0,785.7621163601357,141.6337405401546
P07T16,Other,693.992,290.445,578.421,509.856,807.702,537.23,8.0,785.6439546062722,141.74590724323596
P07T16,Other,694.011,290.475,578.433,513.803,807.719,533.357,8.0,785.900097462504,142.18426706909665
P07T16,Other,694.045,290.499,576.46,513.827,807.754,533.377,8.0,785.5257554106965,142.33569582400028
P07T16,Neck,694.041,290.537,578.466,511.888,807.767,531.441,8.0,786.1474364043609,142.75707796165102
P07T16,Neck,695.886,292.406,578.413,513.806,807.716,535.311,8.0,786.336271528932,142.36961710070116
P07T16,Neck,695.942,292.41,578.472,517.732,809.607,529.448,8.0,786.3951107549083,142.14200972314097
P07T16,Neck,695.951,292.429,584.283,509.936,811.55,527.516,8.0,786.4583853141311,142.23594172163587
P07T16,Neck,695.963,292.483,584.279,523.578,809.644,525.581,8.0,785.9727630893983,142.24499994490085
P07T16,Neck,695.96,292.471,586.188,529.505,813.508,525.52,8.0,785.8594008918676,142.32961485131366
P07T16,Neck,695.971,292.484,586.232,521.612,815.48,529.44,8.0,785.4971752378033,141.9753456716736
P07T16,Other,696.007,292.472,586.328,529.441,811.572,529.51,8.0,785.430100071271,142.35950911966427
P07T16,Other,696.039,294.353,586.305,525.597,813.563,529.473,8.0,786.0331058536689,142.7022796469398
P07T16,Other,696.081,294.396,586.173,523.613,819.354,529.461,8.0,785.8787482424304,142.78771133116655
P07T16,Other,697.905,296.348,584.292,521.648,823.259,539.261,8.0,785.4112881753293,142.4839688776459
P07T16,Other,697.93,298.285,572.557,535.355,825.304,539.228,8.0,785.5145323523147,142.32863082795578
P07T16,Other,698.013,300.198,564.731,525.603,825.366,525.509,8.0,785.4074817796536,142.6261692784203
P07T16,Other,699.936,298.311,568.657,519.638,827.27,521.592,8.0,785.1483084188892,142.49145105490445
P07T16,Other,701.907,300.233,568.675,509.946,829.207,513.826,8.0,785.2692946941396,142.2734756669165
P07T16,Other,703.857,300.243,572.495,505.9,837.047,511.808,8.0,785.2828373402972,142.42810407950466
P07T16,Other,709.661,298.314,682.265,460.833,743.068,460.956,8.0,785.3890997256592,142.88036351749315
P07T16,Other,709.643,298.259,682.358,455.041,733.217,458.872,8.0,785.5369460804901,142.87664289987137
P07T16,Other,707.771,296.336,682.214,458.866,742.983,451.082,8.0,785.4956792131222,142.83320403180002
P07T16,Other,705.792,296.32,678.34,474.535,742.94,460.889,8.0,785.0228193930288,143.28964435087892
P07T16,Other,703.814,296.311,676.412,490.203,748.86,470.674,8.0,783.9632066679267,142.49814098358956
P07T16,Other,699.964,294.423,650.968,494.287,758.729,488.353,8.0,784.1310471138098,142.44138214895926
P07T16,Other,697.96,298.288,648.978,523.556,760.712,507.843,8.0,785.1489066766761,143.35670775047262
P07T16,Other,696.042,300.215,627.451,527.543,776.289,523.599,8.0,784.6898896463722,143.67366761556954
P07T16,Other,694.044,300.214,619.592,539.234,790.105,515.733,8.0,783.2878415816198,142.71259084544218
P07T16,RElbow,682.377,298.251,596.081,556.866,801.78,541.168,8.0,783.4826673953469,142.63263749338824
P07T16,Other,670.512,300.249,556.868,535.36,801.766,525.527,8.0,782.6167968477029,141.48929808715454
P07T16,Other,666.58,302.228,554.902,529.447,803.769,511.832,8.0,782.4066838095366,141.6457023911828
P07T16,Other,660.757,304.071,543.154,513.808,805.702,496.165,8.0,782.7715227052338,142.14989111971337
P07T16,Other,656.824,304.079,556.877,498.112,803.705,498.093,8.0,783.0314913724831,142.01072547690092
P07T16,Other,651.025,304.124,521.627,507.898,791.969,505.951,8.0,783.3699954721933,141.72115533081254
P07T16,Other,650.901,304.152,525.526,503.999,790.055,504.004,8.0,783.4078470781578,141.58301845292505
P07T16,Other,649.045,304.163,525.501,507.961,791.937,515.745,8.0,782.7221882369943,141.68064554739462
P07T16,Other,648.991,304.193,523.65,511.827,774.402,509.839,8.0,782.619955165741,141.81096365938447
P07T16,Other,648.922,304.206,523.591,515.747,768.492,513.764,8.0,782.7601153459964,141.92165402747227
P07T16,Other,648.906,304.24,523.511,525.49,766.551,515.752,8.0,783.1324674148146,141.9493660809369
P07T16,Other,648.903,304.217,523.546,527.554,758.725,521.609,8.0,782.5233459626447,141.47765594370094
P07T16,Other,648.94,304.238,525.463,543.177,758.672,523.591,8.0,782.4885827183492,141.35000996839142
P07T16,Other,648.969,306.048,527.469,547.115,758.745,521.591,8.0,782.1072658871573,141.3653838863556
P07T16,Other,649.023,306.044,537.235,552.971,758.579,531.402,8.0,782.0649165752063,141.4091431565181
P07T16,Other,650.885,304.252,539.303,556.947,756.747,539.195,8.0,781.9947009943251,141.38249348858994
P07T16,Other,650.961,304.211,547.126,556.884,756.748,539.293,8.0,781.6228104786833,141.64501332772272
P07T16,Other,654.879,304.149,556.965,554.975,758.693,543.195,8.0,781.8174298978126,141.6096388303326
P07T16,Other,662.657,304.062,572.484,554.892,758.761,549.032,8.0,782.059007680065,141.18273091506683
P07T16,Other,666.515,304.059,586.172,550.969,760.645,549.046,8.0,782.0106251052754,141.45637462996
P07T16,Other,670.544,300.227,592.167,545.153,760.741,549.082,8.0,781.6389158151271,141.73661664756852
P07T16,Other,678.355,302.151,604.009,543.214,762.577,550.995,8.0,781.555444254265,141.39684001790445
P07T16,Other,682.24,302.137,619.524,550.993,766.527,543.243,8.0,781.689979865429,141.1954422509973
P07T16,Other,688.124,298.296,621.618,545.169,772.394,547.08,8.0,781.3512549448044,141.18335260381062
P07T16,Other,695.928,300.28,633.309,554.981,776.333,541.279,8.0,781.1604934992604,141.19804443504924
P07T16,Other,697.927,300.239,633.227,552.952,786.06,547.112,8.0,780.7476565847797,141.04228545236663
P07T16,Other,699.984,296.337,631.341,556.912,790.094,550.993,8.0,781.0458028547516,141.22709060075388
P07T16,Other,707.739,298.278,629.347,556.91,797.886,554.868,8.0,781.5358930465877,141.36010058319914
P07T16,Other,711.637,298.29,625.492,564.703,809.657,539.294,8.0,781.272236505258,141.64981748425672
P07T16,Other,713.581,296.345,619.694,556.971,821.348,552.943,8.0,780.7550182956033,141.58246013632484
P07T16,Other,715.578,296.296,617.69,558.911,829.222,552.913,8.0,780.5793456913198,141.63080339082487
P07T16,Other,719.492,296.306,617.632,556.887,838.926,545.18,8.0,780.4349631494276,141.31325038141293
P07T16,Other,723.398,296.299,615.69,552.957,839.111,541.224,8.0,780.5650574228315,141.23238942369176
P07T16,Other,725.396,296.31,613.683,554.962,852.696,541.294,8.0,780.6576832665202,141.1990784644185
P07T16,Other,727.299,294.375,609.802,549.023,852.809,539.197,8.0,780.9305298019165,140.79866717159624
P07T16,Other,727.381,292.472,605.933,547.085,854.751,533.406,8.0,780.8965022200097,141.26604959101064
P07T16,Other,727.418,292.431,605.85,543.191,854.763,523.642,8.0,781.6885561020468,142.5915586180607
P07T16,Other,729.214,292.406,605.841,541.295,854.787,525.51,8.0,781.7589506659767,142.25745178632442
P07T16,Other,729.21,292.438,603.983,541.222,854.689,523.564,8.0,781.6909668322445,142.0836505592023
P07T16,Other,727.403,294.346,603.933,543.145,852.749,523.65,8.0,781.5799979019575,142.3665474334208
P07T16,Other,727.357,294.381,602.004,541.286,852.66,525.507,8.0,781.4315165324427,142.1005737918748
P07T16,Other,727.275,296.298,599.999,543.23,848.78,529.461,8.0,781.5298939510303,141.93101064417468
P07T16,Other,725.319,298.309,598.003,549.042,838.952,539.211,8.0,781.8071105970218,142.14584812236072
P07T16,Other,719.493,298.323,592.13,554.874,835.013,541.198,8.0,781.4532462811412,142.10131557029214
P07T16,Other,713.679,300.251,588.26,543.223,823.388,541.242,8.0,782.084157928779,142.59664533230205
P07T16,Nose,711.662,302.245,586.352,556.879,811.618,545.146,8.0,782.5966848385906,142.60365605890937
P07T16,Other,709.622,304.06,586.205,554.963,803.777,545.179,8.0,782.1530273774727,141.93599818977248
P07T16,Other,698.029,304.105,582.365,554.933,793.93,545.124,8.0,782.3531215560529,141.45934045193746
P07T16,Other,695.934,304.116,576.458,554.897,780.236,549.046,8.0,781.9653047367756,141.67486420370273
P07T16,Other,688.158,304.129,574.521,558.897,776.267,541.255,8.0,781.0979590620914,142.29686387492487
P07T16,Nose,682.205,304.228,572.582,556.828,766.486,541.241,8.0,781.1721961008268,142.3411541764973
P07T16,Nose,678.336,306.096,572.503,560.8,760.675,547.084,8.0,781.5356669011235,142.11496549361866
P07T16,Other,672.446,306.14,570.627,558.883,762.594,539.202,8.0,782.2156905700041,142.31629139775086
P07T16,Other,664.707,310.019,570.523,566.693,758.683,545.178,8.0,782.7720267937443,141.98152194802785
P07T16,Other,664.626,311.969,568.601,568.643,745.047,554.892,8.0,782.1374597687053,141.59459885287708
P07T16,Other,664.575,313.979,564.748,562.765,748.905,554.877,8.0,781.9044500808883,142.02613284560178
P07T16,Other,664.631,315.931,560.784,568.629,758.583,549.044,8.0,781.9767478043879,141.68311916406546
P07T16,Other,664.688,315.883,558.914,570.607,758.733,554.867,8.0,781.795915620721,141.5079252160603
P07T16,Other,666.573,313.973,558.913,558.904,762.612,547.118,8.0,782.3983549851957,142.14246795304123
P07T16,Other,670.494,308.087,564.758,560.795,776.23,545.116,8.0,782.1743921059658,142.25593211946526
P07T16,Other,674.402,308.057,566.693,560.792,776.295,547.088,8.0,780.4193325236131,141.49865175231514
P07T16,Other,676.367,306.155,568.604,558.834,780.254,539.225,8.0,780.3193882048672,141.7899832627132
P07T16,Other,678.336,306.102,568.638,556.965,787.995,545.139,8.0,772.8691349478879,137.60346055183365
P07T16,Neck,680.239,306.051,570.504,556.927,789.973,550.969,8.0,769.7234793180382,139.05969997374453
P07T16,Other,680.287,304.207,570.624,558.85,789.978,552.905,8.0,754.5704119832556,131.98787928365329
P07T16,Other,680.329,304.213,572.482,556.835,793.915,547.083,8.0,748.6984889789474,136.66974757402042
P07T16,Other,680.386,304.207,572.671,556.894,795.916,551.04,8.0,746.0772882639926,137.27200377870648
P07T16,Other,682.209,304.166,576.491,560.789,797.858,552.958,8.0,745.814401312831,137.37186230438624
P07T16,Other,682.223,304.128,578.45,560.854,799.806,552.921,8.0,752.3681851124859,139.8746745583412
P07T16,Other,682.234,304.082,582.317,562.795,797.896,551.034,8.0,753.316854103362,138.96658361389817
P07T16,Other,682.249,302.225,584.276,566.655,795.947,550.992,8.0,753.5122754572185,138.8690613729306
P07T16,Other,682.276,302.209,586.188,568.601,795.889,554.851,8.0,754.022631615811,138.94070789876912
P07T16,Other,682.312,302.174,586.29,568.67,793.931,552.963,8.0,754.0048255986596,139.16221262163774
P07T16,Other,682.321,302.164,586.339,570.603,792.073,556.833,8.0,753.3854888878562,138.23681540941632
P07T16,Other,682.324,302.169,586.356,572.563,792.015,554.999,8.0,753.1359165017457,138.48881410223606
P07T16,Other,682.338,302.166,588.214,574.561,791.95,556.879,8.0,752.6096197823131,138.44537212288932
P07T16,Other,682.355,302.178,588.22,576.467,791.966,556.892,8.0,752.6628331027429,138.12057501866443
P07T16,Other,682.389,302.154,586.355,570.664,791.939,556.871,8.0,752.4637374519941,137.93072741276956
P07T16,Other,682.361,302.168,586.322,572.52,790.099,556.907,8.0,752.6537601926382,138.0843854483082
P07T16,Other,682.307,302.142,586.194,570.584,790.104,556.949,8.0,753.0653918204719,138.80813812559975
P07T16,Other,682.266,302.144,584.336,572.503,790.101,558.826,8.0,753.1534187171214,138.3969664157257
P07T16,Other,682.228,302.176,580.42,568.6,790.093,558.892,8.0,752.3319332484268,138.0582544158553
P07T16,Other,682.228,302.186,578.475,568.649,790.055,560.804,8.0,752.058397817479,138.0936760029119
P07T16,Other,680.41,302.207,574.534,570.573,790.01,558.907,8.0,752.6120829824542,138.14666329087254
P07T16,Other,680.355,302.216,572.667,564.745,789.99,564.744,8.0,752.5294639484707,138.60035967388117
P07T16,Other,680.286,302.219,572.584,570.549,789.914,562.76,8.0,752.3003708030374,138.73447425504904
P07T16,Other,680.236,302.219,572.547,564.696,788.087,560.799,8.0,752.3585008343706,138.9833398649689
P07T16,Other,680.198,302.191,570.68,560.843,788.096,560.828,8.0,752.6101036330699,138.45050088739643
P07T16,Other,678.369,302.182,570.606,566.693,788.045,560.817,8.0,752.5960419742366,138.5241952432347
P07T16,RElbow,678.308,302.178,570.58,570.561,788.067,558.885,8.0,753.2536594781861,138.90093475772233
P07T16,Other,678.276,302.191,570.534,570.584,786.138,558.861,8.0,753.6153699912091,138.15669130305366
P07T16,Other,676.378,302.193,570.553,570.536,786.085,558.867,8.0,753.6354910478192,137.83209949559614
P07T16,Other,676.379,304.049,570.632,570.542,786.091,558.872,8.0,753.4824012661138,138.03220771830115
P07T16,Other,676.348,304.063,572.532,566.665,786.121,556.956,8.0,753.0295645971456,138.01133690406303
P07T16,Other,674.472,304.072,572.515,568.665,786.12,558.89,8.0,752.9454174183895,138.02044976173127
P07T16,Other,674.459,304.072,572.514,570.552,786.098,560.781,8.0,753.7949044252424,138.82509565202602
P07T16,Other,674.44,302.244,572.526,568.62,786.059,558.822,8.0,753.833707218841,138.91238438409061
P07T16,Other,672.518,302.212,572.573,570.553,786.092,558.836,8.0,753.3105421793468,138.2127313606797
P07T16,Other,674.431,302.236,572.592,570.525,786.084,556.907,8.0,752.9844398658072,138.3444855262029
P07T16,Other,676.364,302.22,572.48,570.625,786.057,556.871,8.0,753.203493892798,138.59542114572915
P07T16,Other,676.398,302.229,572.497,568.657,784.169,556.842,8.0,753.491357542385,138.4629021512046
P07T16,Other,678.282,304.055,570.683,570.633,786.118,556.965,8.0,754.7424746458142,139.61984887463865
P07T16,Other,678.342,304.077,572.547,570.613,786.126,554.998,8.0,754.9410941013748,139.70100537287408
P07T16,Other,678.381,304.094,572.538,570.652,788.012,556.973,8.0,754.3366372095356,138.85218000915748
P07T16,Other,678.37,304.096,572.562,572.574,788.073,558.887,8.0,754.6649205808855,138.0741374495167
P07T16,Other,678.388,304.096,572.597,572.597,788.081,558.903,8.0,754.8616411078563,138.19189096484203
P07T16,Other,680.214,304.09,572.597,570.539,788.047,558.847,8.0,754.8403518504847,138.70796077196317
P07T16,Other,680.23,304.1,572.597,566.662,788.087,558.86,8.0,755.0472113950727,139.3090540271339
P07T16,Other,680.23,304.109,572.634,566.697,788.057,556.979,8.0,754.685006996417,139.09596744321422
P07T16,Other,680.23,304.126,572.598,570.581,789.927,558.893,8.0,754.535756006308,138.6653611673735
P07T16,Other,678.39,304.126,572.557,572.611,788.057,562.791,8.0,754.5276766610154,138.74478024133256
P07T16,Other,678.308,304.1,572.486,568.66,788.063,568.579,8.0,754.9438246533455,138.87822487465385
P07T16,Other,676.349,304.094,570.657,568.676,786.073,566.714,8.0,754.6863126039241,139.1187143404095
P07T16,Other,672.469,304.065,570.52,570.563,786.062,566.66,8.0,754.474469072472,139.14798573921118
P07T16,Other,668.534,304.096,568.657,570.67,782.208,564.732,8.0,754.4937480378218,138.95143597386547
P07T16,Other,666.539,304.108,568.602,570.578,780.232,568.623,8.0,754.1669119621017,138.8909081674297
P07T16,Other,660.723,306.041,558.931,564.74,776.392,570.574,8.0,754.0049824072585,139.01314455720762
P07T16,Other,652.942,306.099,556.913,570.528,774.404,570.668,8.0,754.0969104818446,139.0042008884365
P07T16,Other,649.047,306.188,554.97,570.654,774.269,574.512,8.0,754.2774024696978,138.9314924097594
P07T16,Other,645.037,308.094,552.919,570.657,770.443,574.558,8.0,754.694882075486,139.37997490634788
P07T16,Other,637.205,308.13,543.221,570.513,762.67,572.535,8.0,754.9067417218508,139.24623193823277
P07T16,Other,633.246,315.9,539.298,566.694,760.691,572.502,8.0,754.4476340880467,138.5656141053088
P07T16,Other,625.494,319.8,535.373,556.838,758.754,572.634,8.0,754.1498084251975,138.50368446837058
P07T16,Other,619.544,321.833,527.511,556.842,758.689,580.375,8.0,755.1632305208691,139.5786921713792
P07T16,Other,617.611,327.675,525.532,558.821,760.597,580.402,8.0,755.489330118637,139.60688232318896
P07T16,Other,617.567,335.528,523.673,554.956,760.731,572.614,8.0,754.551738402343,138.7453788122507
P07T16,Other,617.563,339.397,523.652,552.999,762.582,582.338,8.0,754.2439777191283,138.7794601445317
P07T16,Other,617.563,343.362,523.555,551.006,768.473,584.275,8.0,753.9295598878557,138.9779319865194
P07T16,Other,619.499,345.299,523.529,541.261,774.318,584.282,8.0,754.5006147613866,139.2039750462118
P07T16,Other,623.502,341.386,523.615,551.0,780.216,582.373,8.0,754.1043254193048,138.7771516283645
P07T16,Other,633.299,339.408,525.538,541.259,790.096,574.55,8.0,753.9193330990985,138.5053168575746
P07T16,Other,645.025,337.481,535.349,525.605,797.836,576.46,8.0,755.266614266228,139.547369645367
P07T16,Other,650.997,335.419,541.209,515.781,811.576,554.88,8.0,755.1679600165659,139.73235028898645
P07T16,Other,660.683,323.787,545.148,507.872,819.449,533.37,8.0,754.4146786601204,138.84383984252918
P07T16,Other,666.532,310.083,549.052,492.285,829.206,527.55,8.0,754.5373606343169,139.35653831041304
P07T16,Other,672.47,292.411,553.012,476.561,823.361,480.458,8.0,754.0054687553787,140.10020674434915
P07T16,Other,680.277,274.728,556.927,447.238,823.324,456.94,8.0,754.48502086595,140.09054882121688
P07T16,MidHip,682.302,257.043,564.726,439.327,825.304,429.588,8.0,754.6470575603696,139.80151561080135
P07T16,MidHip,686.206,243.488,570.57,429.577,825.346,409.961,4.0,754.2660396066209,139.89614557785922
P07T16,MidHip,692.022,239.538,570.65,417.791,833.129,400.21,5.0,754.5788219648568,139.9862169351922
P07T16,MidHip,693.956,233.672,570.61,429.56,835.118,398.207,4.0,754.8895295088817,139.96563033579753
P07T16,MidHip,693.949,233.612,584.309,415.866,842.951,400.173,4.0,754.5171971928688,140.13810846924503
P07T16,MidHip,693.953,237.58,572.583,421.728,856.683,413.874,4.0,754.5983397302914,139.99067567500356
P07T16,MidHip,694.042,243.461,580.419,433.516,0.0,0.0,5.0,754.7884917624892,140.24637292925595
P07T16,MidHip,696.008,257.036,586.247,451.103,901.74,488.33,4.0,755.2070510618644,139.8953458334241
P07T16,MidHip,699.931,264.985,588.178,462.933,899.753,494.26,8.0,755.1976202140361,139.82499892859138
P07T16,MidHip,707.766,274.73,590.243,476.541,901.743,525.542,4.0,754.987373727709,139.71841530872064
P07T16,MidHip,713.566,278.718,590.202,484.381,901.737,539.28,4.0,754.7362847025445,140.48967824040503
P07T16,MidHip,715.578,290.395,590.181,492.178,911.475,543.228,4.0,755.0057721742705,141.1539611103964
P07T16,MidHip,719.515,292.471,584.327,490.285,915.379,562.787,4.0,754.8360888598004,141.4117777225332
P07T16,MidHip,725.391,294.35,578.44,494.228,905.607,611.731,4.0,755.2235806797253,141.17866546929417
P07T16,MidHip,737.159,306.153,574.505,509.869,931.078,627.428,4.0,755.0450799138569,141.02185106150876
P07T16,MidHip,745.047,311.968,572.533,502.021,944.803,623.499,4.0,754.9925488932449,141.22875422043884
P07T16,MidHip,758.576,306.17,574.506,494.185,946.774,633.291,8.0,755.171692421569,141.3656617796979
P07T16,MidHip,760.664,306.085,570.585,478.473,962.421,627.422,4.0,755.1429203325928,141.19105516606672
P07T16,MidHip,768.455,294.374,572.61,480.513,966.334,631.334,8.0,755.1991093670156,141.09450719249108
P07T16,MidHip,774.348,272.859,590.239,519.674,982.073,619.605,9.0,755.0033409259152,140.98078892401188
P07T16,MidHip,776.394,241.52,576.475,474.578,989.878,629.397,8.0,755.0822568087018,140.77931296893755
P07T16,Neck,788.057,208.186,580.379,447.229,1003.56,621.536,4.0,755.1295128054537,140.93286911460677
P07T16,MidHip,790.028,172.878,574.525,427.592,1029.05,560.813,4.0,755.2537869411376,140.6953130534179
P07T16,MidHip,792.008,145.402,574.537,400.133,1040.81,556.92,4.0,755.153082426537,140.51902161644873
P07T16,MidHip,801.769,118.015,609.781,400.152,1056.48,523.6,4.0,754.6939599139524,141.09661918612187
P07T16,MidHip,807.584,98.4624,590.209,368.868,1074.15,505.943,4.0,755.3620409347204,141.2250201200742
P07T16,MidHip,819.403,71.0898,619.598,351.154,1091.71,492.255,4.0,755.7871829340614,140.90001380706624
P07T16,MidHip,927.193,18.0995,650.901,355.101,1215.21,431.473,11.0,755.9574766814058,141.37027455447657
P07T16,MidHip,966.407,24.07,0.0,0.0,1238.68,415.909,13.0,755.7795668423444,141.5977635830661
P07T16,MidHip,1011.34,39.6842,695.981,421.706,1266.12,417.768,12.0,755.6864522943602,141.05998077803454
P07T16,MidHip,1044.73,67.1164,686.215,413.93,1260.21,429.584,15.0,755.4033644408885,141.16572510524722
P07T16,MidHip,1074.08,86.7782,731.286,423.691,1230.83,464.848,10.0,755.6840552377174,141.28918858500546
P07T16,LElbow,1101.49,118.107,774.298,441.309,1226.87,464.794,11.0,755.9075449507645,140.76001482442186
P07T16,LElbow,1105.42,147.386,776.289,447.16,1228.89,507.895,9.0,755.9548161032651,140.82274163610055
P07T16,MidHip,1101.47,159.18,778.29,433.487,1185.82,462.864,11.0,756.052664161464,140.96300259460938
P07T16,LElbow,1087.77,165.08,784.158,431.561,1154.42,505.945,9.0,755.646792781505,140.696083909811
P07T16,LElbow,1072.19,165.002,764.542,411.909,1119.2,511.806,6.0,755.8486020362752,140.19230003254032
P07T16,LElbow,1070.13,149.495,815.497,351.193,1087.88,494.27,5.0,756.0212768704218,140.77187213793187
P07T16,LElbow,1056.49,137.657,856.631,294.416,1072.2,470.706,5.0,755.7283236581534,141.3073111727449
P07T16,LElbow,1046.67,133.738,852.763,259.124,1074.06,472.654,5.0,756.2227495748317,141.63373457560704
P07T16,LElbow,1040.76,135.752,876.237,249.301,1068.2,460.932,5.0,756.1027164677037,141.0563550075792
P07T16,LElbow,1034.91,143.538,850.762,257.07,1064.31,460.918,9.0,755.402169847471,140.57417015770622
P07T16,LElbow,1031.02,139.613,827.265,259.055,1085.82,470.677,6.0,755.8838216784154,140.8732361492746
P07T16,LElbow,1036.85,135.66,858.601,251.291,1101.52,460.858,5.0,756.1109485249833,141.0574945609528
P07T16,LElbow,1042.75,133.743,886.018,245.434,1125.06,466.751,4.0,755.8712574536053,141.09942766022553
P07T16,LElbow,1050.6,131.723,889.94,241.525,1136.82,451.087,4.0,756.1997168785235,140.99952834450093
P07T16,LElbow,1058.45,129.816,897.788,249.331,1154.42,435.416,5.0,756.2477527851345,141.31346100081504
P07T16,MidHip,1068.22,118.016,864.463,257.107,1152.53,435.441,8.0,756.203570429458,141.3831405729336
P07T16,MidHip,1076.11,102.469,868.368,249.308,0.0,0.0,8.0,756.2428441332518,140.96382441746812
P07T16,MidHip,1085.86,84.6484,901.697,235.594,0.0,0.0,6.0,755.2478042641862,140.5723855644908
P07T16,MidHip,1087.84,55.283,923.237,208.115,0.0,0.0,5.0,754.643727294994,140.6945961876298
P07T16,MidHip,1095.63,35.7254,913.459,208.131,1181.87,460.878,6.0,755.1533318009924,141.08625489021748
P07T16,MidHip,1097.6,22.1551,933.072,182.747,0.0,0.0,12.0,755.91346175703,140.84285386957063
P07T16,MidHip,1095.69,21.9988,1009.4,165.07,0.0,0.0,9.0,755.4601421769656,140.732404848476
P07T16,MidHip,1097.6,22.0208,807.649,237.538,0.0,0.0,9.0,754.9599175652525,141.02896884142956
P07T16,MidHip,1095.68,24.0467,790.028,272.856,0.0,0.0,13.0,755.3017008296848,140.85035567438467
P07T16,MidHip,1103.53,29.8652,758.688,337.457,0.0,0.0,13.0,755.1131529567789,140.21710873364236
P07T16,LElbow,1123.09,55.3292,0.0,0.0,1168.14,523.612,16.0,754.8184792918751,140.1089001116829
P07T16,LElbow,1213.26,223.848,0.0,0.0,0.0,0.0,16.0,754.8143521317502,140.39217344196976
P07T16,MidHip,1215.15,294.351,0.0,0.0,0.0,0.0,15.0,754.7581857419443,140.25174008850993
P07T16,Other,1197.54,323.748,0.0,0.0,1123.11,690.123,13.0,754.7978162577668,140.46825120831485
P07T16,LElbow,1168.24,319.814,0.0,0.0,1164.18,629.355,16.0,755.5343209055152,140.49393899074246
P07T16,Other,1150.59,325.742,0.0,0.0,0.0,0.0,17.0,755.0194973856017,139.70246868956391
P07T16,Other,1126.98,323.782,0.0,0.0,0.0,0.0,16.0,754.6426970552442,140.22511161686552
P07T16,LElbow,1080.0,288.54,0.0,0.0,1009.41,480.535,14.0,755.4479635420829,141.14539806070357
P07T16,RElbow,1042.74,272.812,0.0,0.0,1036.86,498.148,14.0,755.464739977398,141.22610574435475
P07T16,LElbow,1011.38,263.026,711.639,637.218,1009.43,505.977,12.0,754.7184013977012,140.9175154360272
P07T16,LElbow,983.968,243.419,684.258,615.638,1015.32,498.128,9.0,754.5609168668957,140.54279223163996
P07T16,LElbow,952.615,223.778,676.382,601.878,980.036,494.139,10.0,754.6349618020043,140.61344136115795
P07T16,Other,933.1,227.764,717.55,605.93,978.087,515.723,9.0,754.8578520379276,140.6352130514846
P07T16,LElbow,946.738,259.066,717.55,584.317,991.769,533.382,6.0,755.0410482231118,140.82858344299348
P07T16,Neck,946.671,274.764,729.304,572.526,1009.4,543.205,6.0,755.2143716775014,140.99338601041518
P07T16,Nose,938.924,288.493,743.01,552.912,1025.08,551.001,6.0,754.109616774259,140.17707920816883
P07T16,Other,934.987,300.217,743.038,511.88,0.0,0.0,7.0,754.2949669722063,139.97764993338726
P07T16,Neck,935.029,306.174,746.952,478.579,1056.42,551.032,5.0,754.8730933725574,140.232562147919
P07T16,Other,948.651,319.769,795.906,447.237,1074.07,562.786,5.0,754.8155757720532,140.56796288678993
P07T16,Other,962.457,319.887,766.528,435.461,0.0,0.0,6.0,754.9848787296002,140.48892018036807
P07T16,Other,970.237,319.835,772.384,447.17,0.0,0.0,6.0,754.5890502949296,140.4116688863434
P07T16,Other,978.187,321.87,727.286,488.346,0.0,0.0,9.0,754.5988922986985,141.1829562901472
P07T16,Other,993.716,323.763,772.384,498.09,0.0,0.0,9.0,754.2551185296386,141.24547105033488
P07T16,Neck,1001.61,261.075,762.588,498.163,1156.4,635.294,9.0,754.1110681849227,140.80108844601108
P07T16,MidHip,1013.41,249.342,758.687,502.042,1134.84,668.559,9.0,754.8911627306697,140.36260095942507
P07T16,MidHip,1023.15,227.751,742.968,466.754,1162.25,643.086,8.0,755.0224270067893,140.22782011507869
P07T16,MidHip,1019.21,210.03,731.249,447.238,1095.68,697.954,9.0,754.3082879167523,140.81155440811278
P07T16,MidHip,1025.09,225.721,717.542,445.215,0.0,0.0,9.0,754.0414958638082,140.9539497412554
P07T16,MidHip,1005.56,225.807,686.198,460.889,0.0,0.0,11.0,754.4106856562946,140.8095427341364
P07T16,Neck,980.084,257.196,648.964,507.954,0.0,0.0,11.0,754.6997776295557,141.14966145904393
P07T16,Neck,978.098,290.451,650.9,515.752,0.0,0.0,12.0,754.6650054348017,140.81385576860964
P07T16,Neck,989.83,294.409,668.592,507.947,0.0,0.0,14.0,754.477274934749,140.55259142480418
P07T16,Neck,995.689,306.138,703.839,525.581,0.0,0.0,13.0,754.6329983527276,140.75018056865207
P07T16,Neck,1001.6,333.562,835.092,617.535,0.0,0.0,15.0,755.0749341197156,141.67688386902213
P07T16,Other,1046.71,337.444,768.457,541.268,1215.16,650.917,12.0,754.9043834948302,142.08945916073432
P07T16,Other,1032.96,323.73,754.748,527.48,0.0,0.0,13.0,754.7222831581432,142.14269870349835
P07T16,Other,1009.35,313.935,764.555,517.727,1172.08,635.253,13.0,754.7995801259826,141.78282743065998
P07T16,Other,997.672,323.751,717.575,527.509,0.0,0.0,12.0,754.578495866119,141.82416902829985
P07T16,MidHip,1005.49,304.144,811.574,513.795,0.0,0.0,8.0,754.71408917798,141.67132505517588
P07T16,MidHip,1011.34,272.847,817.469,480.531,1197.53,668.567,7.0,755.5964853742586,141.87963707793762
P07T16,MidHip,1013.44,249.34,809.645,451.08,1179.92,690.1,10.0,755.7450521563997,142.43424390418616
P07T16,MidHip,1025.08,231.691,833.14,417.849,1164.24,652.914,6.0,755.028696373888,142.80138489873227
P07T16,LElbow,1025.2,229.724,835.069,421.734,1142.69,682.29,10.0,754.8093697390502,142.5558709791358
P07T16,Neck,1027.1,257.119,741.042,464.829,1132.88,715.605,9.0,754.8652338451407,142.21839410463764
P07T16,Neck,1040.88,274.792,762.649,500.091,0.0,0.0,11.0,754.3419137518003,142.54775576097737
P07T16,Other,1103.5,429.59,903.67,715.619,0.0,0.0,16.0,753.9192046948542,142.8053876106959
P07T16,Other,1087.84,476.59,652.912,654.861,0.0,0.0,16.0,754.3105429649668,142.36242527550593
P07T16,Other,1074.08,462.935,633.315,668.571,0.0,0.0,16.0,755.0811118786982,142.4796034958107
P07T16,Neck,1076.07,437.362,0.0,0.0,0.0,0.0,18.0,754.6733879270314,142.58905126592597
P07T16,Neck,1058.5,406.054,0.0,0.0,0.0,0.0,17.0,753.9596471344224,142.30529211323463
P07T16,Other,1054.54,372.768,0.0,0.0,0.0,0.0,18.0,754.3576074333059,142.11115302817458
P07T16,Neck,1070.12,355.126,0.0,0.0,0.0,0.0,18.0,753.9898414567334,141.6163505003291
P07T16,Neck,1076.04,364.846,562.781,451.108,0.0,0.0,16.0,753.519517918809,141.61547359347284
P07T16,Other,1068.18,351.111,0.0,0.0,0.0,0.0,17.0,754.0485964869019,141.86487381793378
P07T16,Other,1058.39,345.295,0.0,0.0,0.0,0.0,17.0,754.338398712577,141.70647295607125
P07T16,Other,1058.46,351.177,0.0,0.0,0.0,0.0,17.0,754.3271504667497,141.73278879055158
P07T16,Other,1066.24,337.482,0.0,0.0,0.0,0.0,17.0,754.1268319596434,142.06450264862335
P07T16,Other,1058.38,321.744,0.0,0.0,0.0,0.0,17.0,753.2347387930142,141.37945612889663
P07T16,Other,1052.58,319.809,840.998,666.629,0.0,0.0,13.0,753.4971506612475,141.25552085920575
P07T16,Other,1054.47,321.757,786.114,697.92,0.0,0.0,14.0,753.8243298310273,140.5184649890063
P07T16,Other,1052.55,335.527,743.039,698.003,0.0,0.0,14.0,753.8529234146141,140.18799346954233
P07T16,Other,1027.18,337.421,711.662,699.885,0.0,0.0,14.0,754.2492319954092,141.43893221572682
P07T16,Other,1007.49,335.487,698.009,676.406,1189.7,652.868,13.0,753.8092171508881,142.14678351495328
P07T16,Other,989.857,329.609,694.002,670.514,1175.99,656.813,13.0,752.9490241510416,141.30661863818312
P07T16,Other,966.354,321.733,670.533,631.369,1172.09,660.688,11.0,753.1815428453426,140.66803120869054
P07T16,Other,946.746,319.744,651.005,607.865,1168.09,658.762,11.0,753.1806536266294,140.38640060347026
P07T16,Other,929.135,310.039,650.949,625.473,1168.14,643.123,11.0,753.4952434033197,140.4250585482312
P07T16,Other,903.729,308.147,635.279,613.721,1166.16,619.657,13.0,753.3506137984205,140.25967393707774
P07T16,Other,886.044,302.207,652.939,605.855,1166.23,605.883,13.0,752.6694475974832,140.62077723413765
P07T16,Neck,882.131,284.546,670.531,576.528,1166.15,590.189,10.0,752.8665639376311,141.29867509360568
P07T16,Neck,882.117,274.784,696.002,572.543,1183.78,617.662,10.0,753.1877507206087,140.8556255612021
P07T16,MidHip,872.303,237.531,701.885,541.165,1166.15,633.253,10.0,754.0067171808711,139.94933029723268
P07T16,Neck,862.48,225.793,696.007,525.557,0.0,0.0,11.0,753.6293978215926,139.94041579036556
P07T16,Neck,868.429,225.778,680.314,509.813,0.0,0.0,11.0,753.4779037582805,140.42733019633525
P07T16,Neck,870.431,223.851,648.987,504.008,0.0,0.0,11.0,753.9345510094884,140.60412850078743
P07T16,Neck,874.312,219.944,641.157,462.862,0.0,0.0,14.0,754.0786068546365,140.94858660151203
P07T16,LElbow,884.045,219.938,631.346,449.154,0.0,0.0,12.0,754.3242054758061,141.6989464009174
P07T16,Neck,886.016,227.764,637.232,492.28,0.0,0.0,12.0,754.2530677765984,141.4883326203446
P07T16,Neck,901.72,237.529,654.856,547.081,0.0,0.0,12.0,753.4018789498549,140.82065064580323
P07T16,Neck,917.442,251.297,666.553,560.852,0.0,0.0,12.0,753.058440201236,141.03017070917528
P07T16,Neck,931.026,263.039,703.819,594.145,0.0,0.0,12.0,753.9505377705857,147.76876870960461
P07T16,MidHip,1121.15,288.542,1119.19,337.428,0.0,0.0,11.0,755.6379498104818,152.17009912728201
P07T16,Neck,935.022,319.82,758.645,672.514,0.0,0.0,15.0,759.752309291817,175.8877144525783
P07T16,Neck,946.678,353.121,758.658,680.3,0.0,0.0,15.0,760.8873409115599,191.75447053650677
P07T16,Neck,940.912,355.131,976.115,715.602,0.0,0.0,15.0,767.5483768325134,220.69976074383953
P07T16,Other,954.572,398.175,601.98,676.396,0.0,0.0,15.0,766.9927123752043,236.87053186305235
P07T16,Other,964.327,400.196,723.406,678.376,0.0,0.0,15.0,771.9633264818123,261.7827464552527
P07T16,Other,968.336,407.974,690.087,652.906,0.0,0.0,15.0,771.1792657905212,276.92161716786165
P07T16,Neck,972.208,411.903,637.247,666.592,0.0,0.0,15.0,769.0245828995967,291.0788362485008
P07T16,Other,978.143,404.075,0.0,0.0,0.0,0.0,15.0,772.2649977309941,281.6943589921483
P07T16,Other,982.051,413.82,0.0,0.0,0.0,0.0,16.0,766.6297897522065,308.2733875770294
P07T16,Neck,987.867,411.931,0.0,0.0,0.0,0.0,16.0,764.5664462074844,313.67309033598934
P07T16,Other,980.107,398.149,0.0,0.0,1119.21,715.602,15.0,767.6048233174346,310.1517002727321
P07T16,Other,966.356,366.889,0.0,0.0,0.0,0.0,16.0,767.7387965555752,302.42090136020965
P07T16,Other,474.624,241.557,411.935,323.763,0.0,0.0,3.0,768.5244313812591,301.4614868164824
P07T16,Other,458.857,245.447,0.0,0.0,0.0,0.0,3.0,769.0608026118776,301.80594623732304
P07T16,Other,791.985,272.898,0.0,0.0,0.0,0.0,19.0,767.9124697625407,302.58881792503206
P07T16,Neck,874.282,415.823,0.0,0.0,0.0,0.0,15.0,768.7131151457347,303.4003204695763
P07T16,Other,917.409,480.543,0.0,0.0,0.0,0.0,17.0,768.6439949334074,303.4301576905687
P07T16,Other,938.927,441.298,507.951,349.241,0.0,0.0,15.0,768.2225833142202,303.3552749127299
P07T16,Neck,956.556,386.423,0.0,0.0,0.0,0.0,16.0,767.6068739583964,303.0325592855914
P07T16,Neck,964.309,343.332,0.0,0.0,0.0,0.0,15.0,768.1929793743735,302.81027286477655
P07T16,Neck,956.586,308.118,0.0,0.0,0.0,0.0,16.0,768.4072712250652,303.0856163905595
P07T16,Neck,946.773,294.383,0.0,0.0,0.0,0.0,16.0,768.7794620947396,303.04188019337715
P07T16,Neck,933.048,286.465,0.0,0.0,0.0,0.0,15.0,762.6591588509152,296.1484912164418
P07T16,Neck,919.354,282.577,0.0,0.0,0.0,0.0,16.0,762.1295396996828,295.92605081882675
P07T16,Neck,911.463,278.678,541.276,214.068,0.0,0.0,14.0,761.627003480884,295.36588279082775
P07T16,Neck,885.945,259.186,0.0,0.0,0.0,0.0,17.0,762.4016568226928,295.7576382934057
P07T16,Neck,854.724,233.606,0.0,0.0,0.0,0.0,14.0,762.701018184632,296.0526231069057
P07T16,Neck,823.359,217.953,0.0,0.0,0.0,0.0,13.0,762.3372493743082,295.6020420397966
P07T16,Neck,790.048,206.174,0.0,0.0,0.0,0.0,12.0,762.4387278063211,295.3476530599544
P07T16,MidHip,770.398,196.443,0.0,0.0,0.0,0.0,12.0,763.3699183146039,294.4160456418648
P07T16,MidHip,758.721,196.426,0.0,0.0,0.0,0.0,14.0,763.490884169601,294.80353866930204
P07T16,MidHip,754.778,188.58,0.0,0.0,0.0,0.0,12.0,763.7248967203163,294.3755367871204
P07T16,MidHip,748.913,172.928,0.0,0.0,0.0,0.0,12.0,762.8710348086059,294.1544900745627
P07T16,MidHip,748.909,157.22,0.0,0.0,0.0,0.0,12.0,762.2690370277653,295.02420076943105
P07T16,MidHip,772.376,147.481,0.0,0.0,0.0,0.0,13.0,762.2393891819927,295.03529228458933
P07T16,MidHip,801.81,147.452,0.0,0.0,0.0,0.0,11.0,763.1961564865827,294.1493946675999
P07T16,MidHip,819.354,137.625,0.0,0.0,0.0,0.0,11.0,762.4328066064002,293.9678727361413
P07T16,MidHip,823.313,123.924,0.0,0.0,0.0,0.0,12.0,762.4427027949151,294.90047409511146
P07T16,MidHip,821.459,133.731,0.0,0.0,0.0,0.0,12.0,760.7655040817574,298.96124119028684
P07T16,MidHip,825.303,147.401,0.0,0.0,0.0,0.0,12.0,758.142717489418,302.47250516404875
P07T16,MidHip,821.301,149.397,0.0,0.0,0.0,0.0,14.0,757.0488303437064,309.1975789217061
P07T16,MidHip,801.758,133.789,0.0,0.0,0.0,0.0,12.0,751.8040768023836,316.764229861043
P07T16,MidHip,788.038,131.677,0.0,0.0,0.0,0.0,12.0,750.9501353652514,318.9883916096785
P07T16,MidHip,792.08,120.065,0.0,0.0,0.0,0.0,12.0,755.3972926928825,326.51279645813963
P07T16,MidHip,803.721,116.15,0.0,0.0,0.0,0.0,13.0,755.3774800058527,327.2660958608182
P07T16,MidHip,811.561,100.46,0.0,0.0,0.0,0.0,13.0,757.3557573735711,323.5904914857312
P07T16,LElbow,831.154,94.5077,0.0,0.0,0.0,0.0,13.0,760.5983650750119,322.6506735885196
P07T16,Neck,541.242,102.356,0.0,0.0,0.0,0.0,17.0,759.5428057077675,321.0860596345635
P07T16,LElbow,541.335,114.165,0.0,0.0,0.0,0.0,15.0,756.9869057743107,318.729475317166
P07T16,LElbow,554.796,129.804,0.0,0.0,0.0,0.0,15.0,756.6103763519889,318.8159707135252
P07T16,LKnee,274.802,178.81,288.42,229.734,278.692,223.838,1.0,756.6807963882459,318.76357217377847
P07T16,LKnee,261.062,167.047,274.803,223.864,265.004,217.959,0.0,756.9002196700102,319.5955304279139
P07T16,LElbow,525.58,149.424,505.961,212.09,0.0,0.0,11.0,756.8877396014166,319.1974089909099
P07T16,LElbow,527.48,143.479,500.083,212.17,0.0,0.0,11.0,756.5919119771481,319.1523912276358
P07T16,LElbow,527.493,145.516,496.198,215.99,0.0,0.0,11.0,756.9119769260618,319.1723209391507
P07T16,LElbow,525.605,149.406,488.336,231.697,541.173,225.822,10.0,757.5377171050868,319.46114570378813
P07T16,LKnee,255.203,159.161,259.141,198.41,266.921,198.37,1.0,757.352291166311,319.9986754690624
P07T16,LKnee,264.998,147.459,264.989,196.434,263.058,196.392,1.0,756.9807811125521,319.92058018341055
P07T16,LKnee,533.364,159.182,492.203,233.657,541.27,241.392,0.0,757.339384890098,320.0006188510567
P07T16,LKnee,527.533,170.966,484.412,243.432,539.302,257.113,0.0,757.9811260708263,320.36531252805656
P07T16,LElbow,474.628,143.47,445.229,216.0,0.0,0.0,11.0,758.0846906139275,320.43254066128566
P07T16,LElbow,460.803,147.405,417.82,221.849,0.0,0.0,11.0,758.418497109338,320.8656931074477
P07T16,LElbow,443.284,163.15,413.884,237.555,445.272,235.572,10.0,758.4556808609136,320.23890448790536
P07T16,LKnee,116.044,196.325,118.007,243.531,120.047,241.385,1.0,757.8213860666261,319.73725085486154
P07T16,LKnee,364.89,182.664,335.535,264.967,368.895,259.077,4.0,757.8857877634346,319.53088866137387
P07T16,LKnee,88.6223,196.472,92.5555,245.455,104.356,241.534,1.0,757.9514384032179,319.27498819400444
P07T16,LKnee,53.4112,210.109,59.2656,261.026,74.9485,255.192,0.0,757.7850637071056,319.92863413160455
P07T16,MidHip,37.7598,223.776,39.6703,286.526,0.0,0.0,3.0,757.8323941911729,320.3049854725415
P07T16,Neck,0.0,0.0,0.0,0.0,0.0,0.0,21.0,758.1451218728802,319.6058299094145
P07T16,Neck,0.0,0.0,0.0,0.0,0.0,0.0,21.0,758.0755087547566,319.3638047103086
P07T16,RKnee,257.122,214.049,231.678,292.435,274.761,296.312,9.0,766.5023721376915,364.63527034200087
P07T16,LElbow,235.618,225.761,214.021,304.152,245.417,304.086,7.0,766.3353532568526,364.5132676373462
P07T16,LKnee,210.055,233.614,184.652,317.856,227.707,306.139,2.0,766.8593541926253,364.4755169217535
P07T16,Other,167.012,225.8,139.618,306.185,180.82,302.156,6.0,766.8049725618393,364.72916905774866
P07T16,Other,131.841,210.115,104.385,292.408,149.352,286.453,10.0,766.2060605976541,364.5340485778492
P07T16,Other,1201.44,274.853,0.0,0.0,0.0,0.0,17.0,766.1026275874908,364.3299924008769
P07T16,Other,1179.87,288.406,0.0,0.0,0.0,0.0,17.0,766.4539367410146,364.6321305310285
P07T16,Other,1168.11,284.549,0.0,0.0,0.0,0.0,16.0,767.8771413662989,365.7195390620659
P07T16,Other,1144.61,288.409,0.0,0.0,1085.85,715.599,15.0,767.8451090156517,365.58395413692216
P07T16,Neck,1091.8,272.843,0.0,0.0,1089.76,668.558,15.0,767.5349225437144,365.4939419055781
P07T16,LElbow,1009.45,245.362,525.573,582.375,0.0,0.0,14.0,768.3889375110996,365.4765002012721
P07T16,Neck,948.705,274.729,0.0,0.0,0.0,0.0,15.0,768.841215379132,365.1631644211118
P07T16,Neck,899.744,266.97,502.058,566.699,0.0,0.0,14.0,768.2274231839792,365.1486756294577
P07T16,Neck,823.256,284.572,431.558,627.427,0.0,0.0,14.0,767.9107321870231,365.33291393761624
P07T16,Neck,776.322,304.077,335.529,664.635,1121.18,715.603,14.0,768.305311052879,365.23317430550156
P07T16,Neck,758.617,298.282,400.14,502.011,1134.81,647.018,13.0,768.3603420318102,364.90312074559586
P07T16,Neck,756.749,278.714,0.0,0.0,0.0,0.0,16.0,767.4858278546876,364.98241711437834
P07T16,Neck,754.773,247.363,455.004,427.578,0.0,0.0,15.0,767.4584444501959,364.9717589993065
P07T16,Neck,723.395,223.849,0.0,0.0,0.0,0.0,13.0,768.0454290795788,364.06412554005374
P07T16,Neck,690.132,217.963,0.0,0.0,0.0,0.0,15.0,767.8851560110329,364.40426089451165
P07T16,Neck,660.703,206.226,0.0,0.0,0.0,0.0,16.0,768.5285999745213,364.79893339836764
P07T16,Neck,651.022,196.429,0.0,0.0,0.0,0.0,16.0,768.525495634284,364.4584313546614
P07T16,Neck,676.37,170.959,684.209,486.34,0.0,0.0,13.0,767.9038835825166,364.7099509279467
P07T16,Neck,648.971,147.481,0.0,0.0,0.0,0.0,16.0,768.8209728988551,364.75007765213013
P07T16,Neck,641.147,172.896,0.0,0.0,0.0,0.0,18.0,769.5172573985171,365.331834457808
P07T16,Other,641.165,239.462,192.487,601.978,1232.8,658.766,14.0,769.4007833935093,365.4036867206645
P07T16,Neck,680.303,206.231,225.762,449.12,0.0,0.0,14.0,771.3428636584484,366.7196560597851
P07T16,Neck,745.005,192.435,0.0,0.0,1215.2,537.307,14.0,773.4919920197362,369.33729687057325
P07T16,MidHip,770.41,167.069,0.0,0.0,1264.16,492.245,11.0,773.3883453722581,369.6762779693385
P07T16,MidHip,760.74,163.106,0.0,0.0,1234.74,468.755,11.0,773.7417463356501,370.7134940172524
P07T16,Neck,748.882,163.163,333.566,415.823,1234.74,468.716,10.0,773.4116499255578,369.5727623988126
P07T16,Neck,742.942,198.383,0.0,0.0,1256.31,505.961,11.0,773.2582626676858,368.33175202265136
P07T16,Neck,727.294,231.715,0.0,0.0,1246.53,482.45,11.0,773.4491373782444,369.6947619732821
P07T16,Neck,696.042,243.502,0.0,0.0,1191.64,545.139,11.0,772.2665853578721,368.576899557263
P07T16,MidHip,680.378,257.164,366.788,292.45,0.0,0.0,12.0,772.1608146864277,366.88776700487364
P07T16,Other,674.412,274.718,380.577,345.315,0.0,0.0,13.0,772.1158619737112,366.95975670392073
P07T16,Other,670.499,288.552,384.483,404.069,0.0,0.0,12.0,772.1785277710949,367.4589077257606
P07T16,Neck,658.794,290.414,0.0,0.0,0.0,0.0,15.0,772.6735655365123,367.47038349591026
P07T16,Neck,621.601,296.352,0.0,0.0,0.0,0.0,18.0,772.0508900819095,367.62559265764855
P07T16,Neck,588.215,310.07,0.0,0.0,0.0,0.0,18.0,772.0128182181961,368.2024592090248
P07T16,Neck,588.228,304.169,0.0,0.0,0.0,0.0,18.0,771.4409967516813,369.09594689258836
P07T16,Neck,625.446,270.841,0.0,0.0,0.0,0.0,15.0,770.4465771669885,368.67638075457705
P07T16,Neck,649.011,251.295,0.0,0.0,0.0,0.0,16.0,770.801921627472,369.07367186424284
P07T16,Neck,664.555,223.807,0.0,0.0,0.0,0.0,16.0,771.2631432343579,368.67100961763464
P07T16,Neck,676.366,194.491,0.0,0.0,0.0,0.0,16.0,771.3343436141201,368.3272300510434
P07T16,LElbow,690.143,163.061,0.0,0.0,0.0,0.0,16.0,771.1729477466486,368.41398863643394
P07T16,LElbow,686.207,116.119,0.0,0.0,1074.1,554.947,15.0,770.9541916399058,368.69623696964453
P07T16,LElbow,660.69,116.047,0.0,0.0,0.0,0.0,17.0,771.2631533347485,368.2559325582149
P07T16,LElbow,635.251,98.4743,0.0,0.0,0.0,0.0,16.0,771.3804999967524,368.230574418327
P07T16,LElbow,592.131,57.3098,709.694,601.978,0.0,0.0,16.0,771.2004592296464,368.25093513706645
P07T16,LElbow,527.539,74.9832,0.0,0.0,0.0,0.0,18.0,771.2100405883182,367.729379301767
P07T16,RElbow,490.277,149.37,682.269,662.643,0.0,0.0,16.0,771.4886398958299,368.4726184466747
P07T16,RElbow,531.433,161.138,743.021,676.378,1064.29,625.447,14.0,771.6295168598164,368.5793451749121
P07T16,RElbow,562.794,145.488,0.0,0.0,1101.5,584.328,15.0,771.4191678199768,367.858147796947
P07T16,LElbow,617.59,116.038,361.008,449.128,0.0,0.0,15.0,770.8641028914603,368.48951577935145
P07T16,MidHip,664.553,102.41,0.0,0.0,1064.3,662.678,15.0,771.3041619682033,369.0000983237053
P07T16,RElbow,664.644,143.513,678.321,441.268,0.0,0.0,14.0,771.3812245338468,368.557257496535
P07T16,Neck,666.652,210.112,443.235,215.985,0.0,0.0,16.0,770.6738932763575,368.1244197576182
P07T16,Neck,823.347,306.215,0.0,0.0,0.0,0.0,16.0,771.0542941923695,368.415598265412
P07T16,Neck,854.626,335.522,562.785,306.112,0.0,0.0,14.0,771.1467322272504,368.9692351860103
P07T16,Neck,880.143,353.12,441.303,576.487,0.0,0.0,15.0,770.8747318292997,369.16943855638993
P07T16,Neck,899.798,341.401,0.0,0.0,0.0,0.0,16.0,770.2925312156297,369.66961063245645
P07T16,Neck,931.107,327.682,402.135,666.605,0.0,0.0,15.0,771.1060470486461,369.8868014761473
P07T16,Neck,931.048,306.2,0.0,0.0,0.0,0.0,15.0,770.7405245396606,369.25446292749604
P07T16,Neck,921.336,290.457,411.887,715.592,0.0,0.0,14.0,770.5610323659769,368.8395674540416
P07T16,Neck,925.226,272.877,507.911,643.085,1179.9,570.623,13.0,770.3998398189815,367.16659014260654
P07T16,Neck,940.856,272.751,578.455,688.149,0.0,0.0,14.0,770.1933304231933,365.5779491048461
P07T16,Neck,931.151,284.567,0.0,0.0,0.0,0.0,15.0,770.9955558011354,364.5677654459043
P07T16,Neck,948.638,310.051,0.0,0.0,0.0,0.0,16.0,775.1204954052425,349.95661012067586
P07T16,Neck,956.573,325.701,0.0,0.0,0.0,0.0,16.0,779.6381376450211,340.4004521893497
P07T16,Neck,958.527,294.408,668.545,686.198,0.0,0.0,14.0,792.6630377428514,318.40109734490727
P07T16,Neck,997.701,266.93,666.552,676.385,0.0,0.0,15.0,797.3099048992582,290.05617015108805
P07T16,Neck,1121.06,343.363,676.408,674.458,0.0,0.0,15.0,798.6198394100993,264.0454756943798
P07T16,Other,1219.09,366.781,639.195,637.208,0.0,0.0,16.0,789.4323152757175,245.18919015187558
P07T16,Other,0.0,0.0,0.0,0.0,0.0,0.0,20.0,787.4929324204907,223.97083032473006
P07T16,Other,nan,nan,nan,nan,nan,nan,nan,784.7869114110333,204.82267641097383
P07T16,Other,709.707,223.836,615.681,192.491,648.998,274.771,2.0,799.7134031704762,172.74815979032655
P07T16,Other,nan,nan,nan,nan,nan,nan,nan,788.1242127769666,175.26124571614412
P07T16,Other,nan,nan,nan,nan,nan,nan,nan,787.9118758708892,157.9799884231072
P07T16,Other,0.0,0.0,0.0,0.0,0.0,0.0,11.0,789.0305884197085,150.4309184667378
P07T16,Other,0.0,0.0,1040.79,462.819,0.0,0.0,22.0,785.8208888976098,149.931998162474
P07T16,Other,nan,nan,nan,nan,nan,nan,nan,785.3991746673128,150.90133235057874
P07T16,Other,0.0,0.0,1042.81,541.293,1023.14,500.085,3.0,783.1687564134475,151.80462050520387
P07T16,Other,684.299,229.801,635.271,304.157,647.019,321.813,6.0,783.4168857091449,152.12843556039638
P07T16,Other,0.0,0.0,0.0,0.0,1121.14,427.6,22.0,781.9526221876683,149.46729448914223
P07T16,Other,0.0,0.0,978.165,566.691,0.0,0.0,22.0,782.4343560850998,148.1040599003753
P07T16,Other,1246.56,339.445,923.253,572.602,1228.9,715.635,11.0,782.8726109586522,148.02750141641434
P07T16,Other,1191.64,337.482,880.107,596.081,1213.21,715.629,10.0,783.8014721042758,147.99748515222817
P07T16,Other,1150.53,351.19,860.546,621.563,0.0,0.0,11.0,783.4801275124984,147.01297556675115
P07T16,Other,1109.38,355.132,833.123,631.335,1197.6,715.621,11.0,783.2755022526607,146.481542202985
P07T16,Other,1076.09,353.222,852.685,621.582,1158.33,715.61,11.0,783.3717561586504,146.90801004583776
P07T16,Other,1042.84,353.214,835.094,617.616,1187.72,666.621,11.0,784.0149882775092,146.16792144927706
P07T16,Other,1015.31,357.059,815.493,625.459,1121.11,693.961,12.0,784.3731102935828,146.3402939157312
P07T16,Neck,995.801,359.027,801.755,619.643,1134.77,688.186,13.0,783.2644495693962,144.27000104906668
P07T16,Neck,978.048,366.885,774.37,619.548,1134.78,715.608,13.0,783.7023461496269,144.21880826769154
P07T16,Neck,952.618,372.749,744.958,607.867,1221.03,688.133,13.0,783.204489190334,144.39138385853013
P07T16,Neck,936.937,355.167,721.456,588.266,0.0,0.0,14.0,783.219040320789,144.78408578800284
P07T16,Neck,931.122,335.508,684.261,572.494,0.0,0.0,14.0,782.3890099481916,144.2913127051565
P07T16,Neck,931.064,306.219,682.263,570.627,0.0,0.0,12.0,782.4313389786505,143.90705288497307
P07T16,Neck,933.144,280.633,690.119,556.854,0.0,0.0,11.0,782.9775376920461,144.08213513165856
P07T16,Neck,935.044,259.062,697.969,552.975,982.021,694.005,13.0,783.0311276084398,144.2234349273043
P07T16,Neck,933.05,231.72,807.663,599.983,1070.18,715.597,13.0,782.7991274418205,144.01023897887856
P07T16,Neck,948.645,229.706,0.0,0.0,1101.54,666.605,12.0,783.8096969118967,143.50977288019268
P07T16,Neck,983.983,249.299,0.0,0.0,1134.75,660.703,13.0,783.486886649787,143.31799093049378
P07T16,Neck,1036.87,262.993,0.0,0.0,1156.37,656.795,16.0,783.8589536948789,143.1567254682634
P07T16,Neck,1074.08,286.505,0.0,0.0,1183.79,654.841,16.0,783.8072653995766,142.53737083297526
P07T16,Neck,1095.64,300.235,0.0,0.0,1217.14,619.579,15.0,783.4437268733263,142.35356847655075
P07T16,Neck,1103.56,304.22,0.0,0.0,1260.21,611.751,15.0,782.8312825454991,141.98418963983036
P07T16,Neck,1117.19,317.834,0.0,0.0,0.0,0.0,17.0,782.5674883405454,141.66109326767636
P07T16,Neck,1150.43,335.488,0.0,0.0,0.0,0.0,18.0,782.1730554696157,141.65361814309523
P07T16,Other,1181.79,370.792,0.0,0.0,0.0,0.0,17.0,782.7414418828233,141.76413201752254
P07T16,Other,1187.76,382.456,0.0,0.0,0.0,0.0,17.0,783.4369163505303,142.20060535347673
P07T16,Other,1170.14,337.397,0.0,0.0,1248.5,633.321,16.0,783.0211065940028,142.51973361585888
P07T16,Neck,1193.58,274.703,0.0,0.0,1197.58,715.606,15.0,783.2045687550022,142.11176298996318
P07T16,Neck,1205.34,272.711,0.0,0.0,0.0,0.0,16.0,783.0658521309547,141.48067693323995
P07T16,Neck,1201.48,259.177,0.0,0.0,0.0,0.0,17.0,782.4031004948513,141.34001946169326
P07T16,Neck,1197.54,243.445,0.0,0.0,0.0,0.0,16.0,783.1607121748477,141.28092640009783
P07T16,Neck,1181.77,237.568,0.0,0.0,0.0,0.0,18.0,783.0570737559366,141.15719871997638
P07T16,Neck,1156.37,225.877,0.0,0.0,0.0,0.0,17.0,782.7852578271974,141.4661888713264
P07T16,RElbow,1134.82,221.833,0.0,0.0,0.0,0.0,16.0,782.9217723785073,141.39200720103167
P07T16,RElbow,1138.78,237.542,0.0,0.0,0.0,0.0,15.0,783.4490241320618,141.5874702331538
P07T16,Neck,1130.88,251.24,0.0,0.0,1027.08,509.818,14.0,783.294473104884,141.8940893993734
P07T16,LElbow,1134.83,237.561,897.79,458.9,0.0,0.0,11.0,782.9777437303655,141.6390134687923
P07T16,LElbow,1166.11,223.874,885.999,445.225,0.0,0.0,14.0,783.0758498797524,141.22219039142007
P07T16,Neck,1215.23,257.141,0.0,0.0,0.0,0.0,17.0,783.6883533484947,141.3139927012112
P07T16,LElbow,1226.89,237.528,1058.45,476.587,1046.69,472.641,14.0,783.7656770482305,141.48783936335084
P07T16,Other,1185.75,225.784,0.0,0.0,0.0,0.0,16.0,783.9149376191943,141.0882692749937
P07T16,Other,1166.21,255.132,0.0,0.0,0.0,0.0,15.0,784.350442527232,141.19601039143083
P07T16,Other,1152.49,270.817,946.769,648.981,0.0,0.0,12.0,783.7449387946627,141.5620361628064
P07T16,Other,1164.19,272.783,0.0,0.0,901.719,601.995,14.0,783.504336163347,141.15002932555782
P07T16,Other,1158.32,231.684,0.0,0.0,0.0,0.0,15.0,784.6721260230373,140.4191145102102
P07T16,Other,1125.03,200.323,0.0,0.0,0.0,0.0,16.0,785.505203304259,141.1555751247063
P07T16,Other,1099.6,184.652,658.759,223.846,0.0,0.0,15.0,785.3428220206824,141.4219269355586
P07T16,Other,1089.71,196.467,0.0,0.0,0.0,0.0,16.0,784.7642317129838,142.38974881701213
P07T16,Other,1107.47,216.035,0.0,0.0,0.0,0.0,16.0,785.0984728315688,142.45866653209572
P07T16,Other,1121.04,239.51,0.0,0.0,0.0,0.0,17.0,785.5662021006649,142.59160377377074
P07T16,Other,1103.5,265.012,0.0,0.0,0.0,0.0,16.0,785.5163171960135,142.52453702642785
P07T16,Other,1074.14,282.603,0.0,0.0,0.0,0.0,16.0,784.9691996100132,142.51192083329644
P07T16,Other,1097.6,323.789,709.707,429.524,0.0,0.0,11.0,785.5443703152193,141.86146832330087
P07T16,Other,1132.89,380.586,807.671,484.425,0.0,0.0,14.0,786.5813672065356,141.7138369260508
P07T16,Other,1150.59,366.793,823.352,488.288,0.0,0.0,14.0,787.5679144923316,141.13497036854037
P07T16,Other,1152.45,341.355,807.676,490.305,0.0,0.0,12.0,788.0436972313996,141.40035678174738
P07T16,Other,1136.78,319.767,776.352,492.176,1197.58,715.626,11.0,787.0533262189417,141.93263853793653
P07T16,Other,1111.3,288.46,739.055,494.214,1224.92,715.632,10.0,787.5356050513508,143.21176418905122
P07T16,Other,1095.66,261.062,723.414,494.19,1246.57,680.287,10.0,787.6635199950972,143.29103140239602
P07T16,Other,1087.88,243.454,713.603,509.92,0.0,0.0,11.0,787.148377413188,141.81028026828747
P07T16,Other,1087.78,243.413,725.369,543.194,0.0,0.0,11.0,786.9576392327765,141.8183722360379
P07T16,Other,1076.09,241.514,725.368,566.671,0.0,0.0,11.0,787.7831120400514,142.26320680815118
P07T16,Other,1058.46,251.232,711.617,588.246,0.0,0.0,11.0,787.6634807739583,142.55934446076324
P07T16,Other,1042.77,257.105,744.959,631.314,0.0,0.0,11.0,787.7822942538562,143.65942212254424
P07T16,Neck,1030.97,251.278,735.16,586.278,1279.85,552.982,11.0,788.4892829516989,143.4469595375169
P07T16,Neck,1025.15,247.355,742.997,556.912,0.0,0.0,11.0,788.4073080371193,142.8444517903404
P07T16,Neck,1011.38,241.364,776.327,525.514,1219.08,460.88,10.0,789.2942355662921,142.00951676729986
P07T16,Neck,997.739,239.489,774.363,494.179,1211.23,572.564,10.0,789.4144617526894,142.04715617452416
P07T16,Neck,987.912,243.479,809.615,492.258,0.0,0.0,11.0,788.0619403575186,143.52641843125147
P07T16,Neck,970.266,241.508,807.669,449.181,1279.81,388.44,10.0,788.6266148491982,143.8045114623504
P07T16,Neck,960.415,229.778,821.349,431.527,0.0,0.0,13.0,789.2996818580485,143.26747959649717
P07T16,Neck,948.708,233.62,817.438,409.928,0.0,0.0,12.0,788.8091367094519,142.9792333982543
P07T16,Neck,946.719,241.431,803.757,413.82,1150.54,505.97,11.0,788.5934245273694,143.09412116520295
P07T16,Neck,946.775,247.331,833.15,419.774,1140.71,539.227,11.0,788.1514957990379,142.88305651640397
P07T16,Neck,964.396,261.135,821.404,445.276,1142.7,556.901,11.0,789.0200242634987,142.76924487488427
P07T16,Neck,982.001,274.72,819.371,456.942,1248.43,415.815,10.0,789.8072424409552,143.02826472323628
P07T16,Neck,987.913,274.814,815.47,460.845,1195.53,552.935,10.0,789.2682093950114,142.90862014390586
P07T16,Neck,995.656,276.753,838.957,458.915,0.0,0.0,8.0,789.560897753836,143.13934672160374
P07T16,Neck,1009.46,272.894,0.0,0.0,1134.86,552.975,11.0,789.8013438150012,143.61875782400966
P07T16,Neck,1021.19,259.094,709.686,474.587,0.0,0.0,11.0,789.8880437211265,143.42975721077957
P07T16,Neck,1042.77,259.188,780.247,492.178,0.0,0.0,9.0,789.3593417272566,143.2546414157778
P07T16,Neck,1074.11,272.817,813.555,492.26,0.0,0.0,11.0,789.1499650721828,142.85868005478875
P07T16,RElbow,1083.92,274.715,1005.51,600.005,0.0,0.0,15.0,789.6993162337099,143.0032788525814
P07T16,RElbow,1087.77,288.538,946.768,605.88,0.0,0.0,15.0,790.6717094876094,143.26097977487692
P07T16,Neck,1087.85,349.255,935.007,650.934,0.0,0.0,16.0,790.8989209777931,143.50671666598902
P07T16,Neck,1103.53,400.178,0.0,0.0,0.0,0.0,18.0,790.0259003993028,143.5449025391563
P07T16,Other,1103.51,421.739,0.0,0.0,0.0,0.0,17.0,789.6440709028478,143.2111066296292
P07T16,Other,1103.51,447.181,0.0,0.0,0.0,0.0,17.0,790.5735901924395,142.9448903684475
P07T16,Other,1089.7,460.792,0.0,0.0,0.0,0.0,17.0,790.4406979901269,143.17986268224035
P07T16,Other,1119.16,509.884,0.0,0.0,0.0,0.0,16.0,790.1296440026658,143.26197837343452
P07T16,Other,1132.8,494.25,0.0,0.0,0.0,0.0,17.0,790.8126347047631,143.9373934274158
P07T16,Other,1119.23,482.416,0.0,0.0,0.0,0.0,16.0,791.4016544863672,143.94392995402458
P07T16,Other,1103.53,490.309,0.0,0.0,0.0,0.0,17.0,791.2449357959051,143.57243195537743
P07T16,Other,1117.15,478.608,0.0,0.0,0.0,0.0,16.0,791.7161799047598,143.50276000509706
P07T16,Other,1113.29,478.467,0.0,0.0,0.0,0.0,16.0,791.6184287554846,143.59311227035045
P07T16,Other,1087.82,462.832,0.0,0.0,0.0,0.0,16.0,790.7949668663114,144.09338278338663
P07T16,Other,1081.95,470.718,0.0,0.0,0.0,0.0,17.0,791.7927323926403,144.226820831264
P07T16,Other,1085.83,476.592,0.0,0.0,0.0,0.0,16.0,792.3874229788635,143.9615030638188
P07T16,Other,1085.81,431.472,682.263,715.592,0.0,0.0,16.0,791.8082687570085,144.04560612819552
P07T16,Other,1087.74,409.931,670.561,697.947,0.0,0.0,16.0,791.742987481948,143.88670978189003
P07T16,Other,1101.56,404.085,0.0,0.0,0.0,0.0,17.0,793.1529880260827,143.73348190526312
P07T16,Other,1117.2,368.8,0.0,0.0,0.0,0.0,16.0,793.5019621112028,143.8391897610214
P07T16,Other,0.0,0.0,641.104,300.276,0.0,0.0,18.0,793.6194609960268,144.2157588965443
P07T16,Other,1127.0,290.453,0.0,0.0,0.0,0.0,17.0,793.675693975718,143.7394887886583
P07T16,Other,1099.55,323.763,727.409,215.996,0.0,0.0,14.0,793.8804372368193,144.32870382422092
P07T16,Other,1105.51,335.479,776.303,596.077,0.0,0.0,14.0,792.5760800805003,144.80139753132974
P07T16,Other,1134.73,337.506,811.603,647.006,0.0,0.0,15.0,792.6434211437579,145.5321907587388
P07T16,Other,1121.09,345.273,782.175,631.346,0.0,0.0,15.0,792.357236625001,145.3521511874892
P07T16,Other,1081.96,333.496,746.929,607.847,0.0,0.0,15.0,792.5503870976811,144.91708923015847
P07T16,Other,1042.74,306.124,713.65,592.157,0.0,0.0,15.0,793.0812850257969,145.10968720368624
P07T16,Neck,991.805,278.71,668.574,566.684,0.0,0.0,12.0,793.2141688625052,145.64722760619898
P07T16,Neck,948.792,261.086,650.903,552.929,0.0,0.0,12.0,792.6697774005362,145.72314949697895
P07T16,Neck,935.073,245.42,652.904,551.039,1079.95,684.224,11.0,792.5628635640028,145.86648183705523
P07T16,Neck,936.955,241.528,639.163,574.498,1103.52,637.211,10.0,793.0493735849843,146.55302664719827
P07T16,MidHip,946.713,233.612,0.0,0.0,1134.86,617.594,13.0,793.0391840698533,146.40616174295752
P07T16,MidHip,950.689,225.833,803.724,607.847,1117.21,539.312,10.0,792.314013935578,145.75774023610683
P07T16,Neck,970.241,247.347,709.7,621.572,1150.54,633.276,13.0,792.0766413386477,146.1722117208434
P07T16,Other,962.365,353.092,711.65,676.37,0.0,0.0,15.0,792.055576293739,147.06220201570272
P07T16,Other,946.717,413.822,733.235,680.36,1199.43,627.416,14.0,791.8785209019152,147.5217864375587
P07T16,LElbow,944.753,366.889,701.841,633.263,1193.59,635.223,13.0,792.1025013677158,147.1820730167176
P07T16,Neck,952.678,270.79,790.019,556.884,1136.74,496.139,10.0,791.2953879147858,146.7359796648685
P07T16,Neck,962.508,278.708,762.622,545.18,1103.46,509.856,10.0,790.75812614611,147.1012861673855
P07T16,Neck,952.678,261.065,791.987,505.949,1134.79,462.896,10.0,790.1764878115307,147.52790801746048
P07T16,Neck,946.683,243.473,774.372,476.621,1101.49,437.381,9.0,789.3755802218586,147.32127624707672
P07T16,Neck,927.139,225.793,754.78,460.897,0.0,0.0,10.0,790.5793464780721,147.12315109804956
P07T16,MidHip,909.535,214.097,774.346,453.087,1080.0,472.64,9.0,790.4797810044919,147.996130158864
P07T16,RElbow,1166.27,288.496,1152.53,353.095,1185.77,355.072,0.0,790.2388059294842,149.65565133967806
P07T16,RElbow,1154.48,274.79,1150.44,339.476,1181.81,349.166,0.0,789.9157944110516,150.0490750778493
P07T16,RElbow,1150.47,257.187,1136.87,321.829,1168.19,321.865,0.0,790.1587640258934,149.37216055508878
P07T16,Neck,882.064,219.889,719.516,460.904,0.0,0.0,6.0,789.4895998884763,149.50008668823287
P07T16,RKnee,1134.85,227.745,1121.21,288.552,1150.45,288.525,0.0,788.4889142678676,150.39304067449942
P07T16,RElbow,1127.0,225.762,1119.07,288.531,1144.61,294.392,0.0,788.5980539391826,150.77020031319645
P07T16,Neck,917.305,259.048,692.068,541.257,1166.21,693.999,10.0,788.9033405342832,150.13131892981062
P07T16,Neck,917.313,274.733,713.64,556.832,1207.32,617.626,10.0,787.9634160259591,149.25705009781916
P07T16,MidHip,1076.12,257.041,1056.52,306.147,1074.1,317.846,10.0,788.1269469319664,149.6061230436372
P07T16,Neck,933.116,319.909,692.07,584.29,0.0,0.0,14.0,788.514718086064,149.21568681394868
P07T16,Neck,946.849,347.221,707.733,560.843,0.0,0.0,15.0,788.412926699651,148.33453191996477
P07T16,Neck,944.753,319.832,697.925,543.196,0.0,0.0,14.0,788.8673089718809,148.2096214697162
P07T16,Neck,938.91,306.143,764.59,529.459,0.0,0.0,11.0,789.510049109024,148.7484624199335
P07T16,Neck,944.733,296.342,776.331,509.943,0.0,0.0,11.0,788.8675179741933,148.48518426615468
P07T16,Neck,934.985,274.801,719.52,492.263,0.0,0.0,10.0,788.6551708784924,148.1672377920419
P07T16,Neck,874.307,257.18,688.174,505.892,0.0,0.0,11.0,789.2211496097076,148.32117874666775
P07T16,Neck,874.268,263.017,694.053,523.658,1105.41,715.627,10.0,788.990689371177,147.7996340428634
P07T16,Neck,887.947,274.775,758.709,539.26,0.0,0.0,12.0,788.7963551099602,148.16444287988452
P07T16,Neck,915.341,294.348,703.824,554.938,1164.22,701.874,11.0,788.6730919005076,148.54555606661322
P07T16,Neck,936.994,290.505,723.413,556.853,0.0,0.0,12.0,788.7171708064188,147.8770064277367
P07T16,Neck,952.661,292.427,754.753,537.313,0.0,0.0,12.0,788.4890233876656,147.73274693043825
P07T16,Neck,970.276,304.157,793.94,533.404,0.0,0.0,12.0,789.02950067714,147.96724067479653
P07T16,Neck,985.954,306.065,850.766,523.577,0.0,0.0,12.0,789.0319075660104,147.8409768122551
P07T16,Neck,993.69,274.836,833.132,492.196,0.0,0.0,12.0,788.842634554688,147.22808638856608
P07T16,Neck,995.751,259.038,821.342,472.64,0.0,0.0,10.0,788.8795715752394,146.33745752317256
P07T16,Neck,993.839,243.466,831.161,454.992,0.0,0.0,10.0,788.4992946193256,146.29105905724305
P07T16,Neck,995.653,255.192,823.304,451.072,0.0,0.0,10.0,788.2333117855699,147.00883500282802
P07T16,Neck,974.184,257.067,805.702,458.951,1219.05,533.37,9.0,788.3361035391956,146.75323724110262
P07T16,Neck,974.144,259.059,821.4,460.924,1258.24,496.137,9.0,788.6074434951314,146.32906705867967
P07T16,Neck,978.119,261.072,762.617,486.374,1262.2,570.623,9.0,787.8334207332058,145.9500560066655
P07T16,Neck,991.796,268.888,774.334,494.191,1264.14,580.377,9.0,787.9357312588132,146.08128194837465
P07T16,Neck,995.666,259.108,778.288,498.141,0.0,0.0,10.0,788.0835866952486,146.2857384257088
P07T16,Neck,1007.52,266.908,803.762,513.78,0.0,0.0,13.0,787.91606690177,146.47891073222073
P07T16,Neck,1025.14,259.209,864.477,494.262,1105.42,715.606,9.0,787.5187304167447,146.03612798788018
P07T16,LElbow,1029.02,243.535,899.707,462.855,1060.43,695.913,9.0,787.2071555790844,146.5225402285396
P07T16,LElbow,1027.15,229.712,886.018,447.21,1089.75,631.325,9.0,786.7415921126274,146.64446658490195
P07T16,LElbow,1036.89,225.714,844.901,433.471,1172.06,680.271,9.0,786.4411535558654,146.77040127719548
P07T16,LElbow,1040.87,217.981,823.332,415.867,0.0,0.0,6.0,785.9138570643004,146.51175164945656
P07T16,LElbow,1042.77,194.521,793.945,388.387,1248.46,588.255,9.0,785.6048873817712,146.92106869120346
P07T16,Neck,1042.74,178.855,780.219,372.775,0.0,0.0,7.0,785.2884039877983,146.73613231396038
P07T16,Neck,1044.78,176.807,776.312,368.818,0.0,0.0,6.0,785.3790891473319,147.40442937686282
P07T16,Neck,1052.57,178.852,776.287,376.669,0.0,0.0,6.0,784.3129001970872,147.68334197774456
P07T16,Neck,1042.8,176.818,766.503,380.534,0.0,0.0,7.0,783.6000391954994,147.84727360829962
P07T16,Neck,1042.68,182.669,760.636,402.128,0.0,0.0,10.0,782.4162371070404,147.68230582718323
P07T16,Neck,1052.54,192.503,823.336,433.435,0.0,0.0,6.0,782.0971497399768,148.35064502467267
P07T16,Neck,1054.51,206.191,784.145,447.19,0.0,0.0,10.0,781.1144802935893,147.84236794779372
P07T16,Neck,1044.69,225.822,744.964,456.982,0.0,0.0,6.0,779.8752873312894,138.3158771239481
P07T16,Neck,1029.07,247.34,743.034,474.616,0.0,0.0,6.0,777.2402584161956,165.0644785913355
P07T16,Neck,1011.48,272.832,715.589,482.438,0.0,0.0,6.0,780.9066600257247,136.1498206369197
P07T16,Neck,1034.92,308.062,744.966,511.838,0.0,0.0,7.0,778.2837230010061,173.39803015897851
P07T16,Neck,1040.88,302.22,744.97,488.301,0.0,0.0,6.0,786.7903186572485,155.16335590716855
P07T16,Neck,981.987,286.512,717.555,496.165,0.0,0.0,11.0,802.9974013118176,218.57442698265763
P07T16,Other,989.819,290.528,715.596,478.558,0.0,0.0,14.0,821.1398940505701,169.4720455578743
P07T16,Other,1009.45,323.818,743.038,509.861,0.0,0.0,13.0,1321.196413640997,472.6496639877875
P07T16,Other,1027.02,355.092,754.758,533.378,0.0,0.0,15.0,207.04885676737928,499.30730142329463
P07T16,RElbow,1027.13,366.877,0.0,0.0,0.0,0.0,16.0,1321.196413640997,472.6496639877875
P07T16,Other,1038.81,413.829,0.0,0.0,0.0,0.0,16.0,207.04885676737928,499.30730142329463
P07T16,Other,1058.48,431.54,0.0,0.0,0.0,0.0,17.0,1321.196413640997,472.6496639877875
P07T16,Other,1066.28,429.465,829.206,648.965,0.0,0.0,15.0,207.04885676737928,499.30730142329463
P07T16,Other,1032.98,390.379,792.053,635.279,0.0,0.0,15.0,1321.196413640997,472.6496639877875
P07T16,Neck,993.728,359.037,739.112,617.589,0.0,0.0,13.0,207.04885676737928,499.30730142329463
P07T16,Neck,915.344,366.784,713.658,635.297,0.0,0.0,15.0,1321.196413640997,472.6496639877875
P07T16,Neck,886.131,431.545,711.611,601.956,0.0,0.0,15.0,207.04885676737928,499.30730142329463
P07T16,Neck,880.128,445.297,693.982,592.171,0.0,0.0,15.0,1321.196413640997,472.6496639877875
P07T16,Neck,836.981,417.796,652.856,576.48,0.0,0.0,12.0,207.04885676737928,499.30730142329463
P07T16,Nose,805.737,445.246,631.353,601.975,0.0,0.0,12.0,1321.196413640997,472.6496639877875
P07T16,RElbow,1079.95,308.083,1044.7,362.895,1078.05,360.969,10.0,207.04885676737928,499.30730142329463
P07T16,RElbow,1074.01,308.143,1042.74,366.818,0.0,0.0,11.0,1321.196413640997,472.6496639877875
P07T16,RElbow,1070.14,306.137,1042.72,360.963,1066.23,355.121,10.0,128000.0,-72000.0
P07T16,Neck,815.511,382.436,613.703,588.215,0.0,0.0,12.0,1321.196413640997,472.6496639877875
P07T16,Neck,770.448,370.753,566.678,596.068,0.0,0.0,12.0,100895.59068894558,-72000.0
P07T16,RElbow,962.503,317.837,938.894,368.767,958.503,372.716,10.0,128000.0,-72000.0
P07T16,Neck,772.378,362.927,552.95,572.646,0.0,0.0,12.0,1321.196413640997,472.6496639877875
P07T16,Neck,778.283,335.43,556.903,558.871,0.0,0.0,12.0,128000.0,-72000.0
P07T16,Neck,778.35,304.206,558.889,547.131,0.0,0.0,11.0,655.3942764231936,544.2626978275232
P07T16,Neck,778.284,284.543,562.763,560.806,0.0,0.0,11.0,128000.0,-72000.0
P07T16,Neck,886.105,202.302,654.883,490.223,0.0,0.0,10.0,633.4184220800875,648.7167030424077
P07T16,LElbow,899.639,194.468,666.583,478.576,0.0,0.0,10.0,128000.0,-72000.0
P07T16,LElbow,901.787,192.452,674.419,476.631,0.0,0.0,10.0,673.898264111844,265.18164505297995
P07T16,LElbow,901.771,180.753,682.256,464.842,0.0,0.0,10.0,128000.0,-72000.0
P07T16,LElbow,899.717,167.089,682.221,458.968,960.489,715.606,9.0,589.624583687754,975.1478942382676
P07T16,LElbow,893.875,153.326,682.208,449.157,0.0,0.0,10.0,128000.0,-72000.0
P07T16,LElbow,889.955,137.645,680.37,439.321,0.0,0.0,10.0,643.3709306832427,603.4054073265128
P07T16,LElbow,882.106,122.008,676.404,429.602,0.0,0.0,10.0,128000.0,-72000.0
P07T16,LElbow,876.196,116.006,678.357,429.506,929.137,715.611,9.0,1321.196413640997,472.6496639877875
P07T16,LElbow,878.175,104.321,680.379,423.642,933.045,715.581,9.0,128000.0,-72000.0
P07T16,LElbow,885.959,102.309,686.201,425.614,944.768,684.217,9.0,650.3255353208971,-2882.6256797613564
P07T16,LElbow,893.832,104.336,690.142,429.495,964.425,666.654,9.0,128000.0,-72000.0
P07T16,MidHip,901.743,110.202,697.947,431.59,1025.13,670.52,9.0,621.2516394740244,-3652.870236757686
P07T16,LElbow,919.333,114.152,699.908,445.235,0.0,0.0,10.0,128000.0,-72000.0
P07T16,LElbow,935.055,118.03,699.933,447.116,0.0,0.0,10.0,666.4660901435482,-2283.1221061124334
P07T16,LElbow,944.822,114.154,694.026,445.284,0.0,0.0,10.0,128000.0,-72000.0
P07T16,MidHip,942.815,102.435,672.503,443.257,0.0,0.0,10.0,455.18613819085004,-7390.748923073676
P07T16,LElbow,934.997,88.6897,664.608,431.513,0.0,0.0,10.0,128000.0,-72000.0
P07T16,MidHip,933.074,86.7457,652.955,435.442,0.0,0.0,10.0,501.25627903171534,-6842.926284652599
P07T16,LElbow,931.096,88.7066,656.803,429.599,1119.15,615.676,9.0,128000.0,-72000.0
P07T16,LElbow,937.014,94.5353,662.666,431.493,1134.8,633.269,9.0,-241.23229958062961,-19483.878536065364
P07T16,LElbow,962.47,116.144,680.254,456.98,1136.8,650.984,9.0,128000.0,-72000.0
P07T16,LElbow,993.812,127.868,684.216,472.663,1136.79,654.863,9.0,-667.9770471619051,-25962.802056193505
P07T16,LElbow,1009.37,129.817,674.414,476.552,1134.8,666.654,9.0,128000.0,-72000.0
P07T16,LElbow,997.677,127.867,654.848,478.543,1105.52,682.27,9.0,-2876.148948854455,-49990.87036676127
P07T16,LElbow,982.007,125.894,633.323,478.513,1085.88,699.922,10.0,128000.0,-72000.0
P07T16,LElbow,962.374,123.956,617.669,494.238,1031.01,715.601,9.0,221.70119162520797,-12802.110993506683
P07T16,LElbow,946.839,133.677,613.681,498.131,0.0,0.0,10.0,128000.0,-72000.0
P07T16,LElbow,946.798,143.531,617.595,478.503,0.0,0.0,10.0,330.2101780782443,-10256.35559550869
P07T16,LElbow,958.529,149.448,646.976,533.373,0.0,0.0,10.0,128000.0,-72000.0
P07T16,LElbow,968.287,155.292,664.618,503.986,1074.14,684.228,9.0,-300.3735857112393,-22382.71140726782
P07T16,LElbow,985.965,161.105,713.702,537.247,1042.73,715.584,9.0,128000.0,-72000.0
P07T16,LElbow,1003.55,161.179,0.0,0.0,1048.62,692.082,10.0,-237.2579016960697,-22087.899403226016
P07T16,LElbow,1025.18,174.89,0.0,0.0,1078.04,697.999,10.0,128000.0,-72000.0
P07T16,LElbow,1052.52,194.371,0.0,0.0,1105.49,695.964,10.0,90.2623468514023,-15991.216279569871
P07T16,LElbow,1074.17,204.214,911.483,668.542,1117.18,637.236,10.0,128000.0,-72000.0
P07T16,LKnee,807.567,206.226,788.076,272.741,0.0,0.0,6.0,400.5986979663551,-12411.82398514575
P07T16,LKnee,819.388,217.974,799.851,278.674,821.405,276.76,5.0,128000.0,-72000.0
P07T16,LKnee,809.703,216.014,792.025,278.751,817.449,276.77,5.0,665.785226032672,-4320.58564451002
P07T16,LKnee,805.597,217.936,788.079,278.722,805.73,280.659,5.0,128000.0,-72000.0
P07T16,LElbow,790.087,212.174,776.316,274.855,789.973,274.735,10.0,666.9494696773334,-4928.68157772136
P07T16,LElbow,776.315,221.852,758.612,290.429,0.0,0.0,12.0,128000.0,-72000.0
P07T16,Neck,1040.88,288.448,0.0,0.0,0.0,0.0,13.0,642.0651031579088,769.998227003371
P07T16,Neck,1009.51,319.756,0.0,0.0,0.0,0.0,15.0,128000.0,-72000.0
P07T16,Neck,964.322,339.406,0.0,0.0,1042.74,715.63,14.0,626.437321804664,821.6179509019322
P07T16,Neck,899.722,390.393,0.0,0.0,0.0,0.0,15.0,603.4242308754132,869.548008338037
P07T16,Other,815.488,460.946,0.0,0.0,0.0,0.0,21.0,128000.0,-72000.0
P07T16,Nose,760.686,521.611,0.0,0.0,0.0,0.0,16.0,660.5518312622983,402.2977804454696
P07T16,Nose,746.906,523.513,0.0,0.0,0.0,0.0,17.0,128000.0,-72000.0
P07T16,Nose,727.277,525.599,0.0,0.0,0.0,0.0,18.0,750.5118858384195,-1589.8265671095796
P07T16,LKnee,525.635,231.68,513.811,306.044,531.419,304.085,1.0,128000.0,-72000.0
P07T16,LKnee,492.2,212.007,478.486,280.633,494.155,276.73,0.0,42.982369827565336,-26052.302643756386
P07T16,LKnee,462.803,212.185,449.137,288.56,462.93,288.392,1.0,128000.0,-72000.0
P07T16,LKnee,425.601,243.346,413.811,315.894,431.489,315.874,0.0,-5229.214195521558,-72000.0
P07T16,LKnee,378.639,261.054,366.766,337.463,382.513,335.477,1.0,128000.0,-72000.0
P07T16,LKnee,331.627,245.461,321.782,315.93,337.404,312.006,1.0,-27690.42620967652,-72000.0
P07T16,LKnee,288.468,243.421,276.737,317.853,296.334,315.876,1.0,128000.0,-72000.0
P07T16,Other,774.314,292.432,0.0,0.0,823.347,574.536,14.0,-2264.34504449998,-72000.0
P07T16,Neck,760.586,329.662,0.0,0.0,838.998,652.93,12.0,128000.0,-72000.0
P07T16,Neck,782.174,386.515,0.0,0.0,899.744,715.599,14.0,-7104.605683806489,-72000.0
P07T16,Other,801.806,462.827,0.0,0.0,0.0,0.0,15.0,128000.0,-72000.0
P07T16,Other,298.279,382.464,286.483,447.131,302.215,443.284,7.0,-14716.651516953483,-72000.0
P07T16,Other,35.7752,396.171,0.0,0.0,55.4019,460.826,4.0,128000.0,-72000.0
P07T16,Other,5.35082,386.474,0.0,0.0,0.0,0.0,4.0,-4640.220772534546,-72000.0
P07T16,Other,186.607,362.891,180.725,425.593,194.462,415.899,10.0,128000.0,-72000.0
P07T16,Neck,786.093,431.45,0.0,0.0,0.0,0.0,15.0,-6204.189771964744,-72000.0
P07T16,Neck,784.17,386.492,0.0,0.0,0.0,0.0,16.0,128000.0,-72000.0
P07T16,Neck,790.072,368.769,0.0,0.0,1126.98,694.034,14.0,-128000.0,-72000.0
P07T16,Neck,803.673,351.218,0.0,0.0,1046.68,666.666,14.0,128000.0,-72000.0
P07T16,Neck,817.484,331.603,0.0,0.0,1134.8,646.987,15.0,-12946.565126223752,-72000.0
P07T16,Neck,821.317,335.479,0.0,0.0,1123.14,605.904,15.0,128000.0,-72000.0
P07T16,Neck,776.403,359.02,0.0,0.0,1078.03,564.721,14.0,-115376.81065110328,-72000.0
P07T16,Neck,731.301,364.826,0.0,0.0,1060.41,513.806,15.0,128000.0,-72000.0
P07T16,Other,715.609,329.61,0.0,0.0,1068.22,482.479,14.0,-128000.0,-72000.0
P07T16,Neck,713.716,317.814,0.0,0.0,1040.79,435.452,14.0,128000.0,-72000.0
P07T16,Neck,711.571,317.904,0.0,0.0,1029.08,421.693,14.0,-128000.0,-72000.0
P07T16,Neck,695.943,329.642,0.0,0.0,997.71,429.598,15.0,128000.0,-72000.0
P07T16,Neck,680.248,304.17,0.0,0.0,958.499,388.405,15.0,-128000.0,-72000.0
P07T16,Neck,680.383,262.992,0.0,0.0,940.896,353.164,15.0,128000.0,-72000.0
P07T16,Neck,695.95,227.856,0.0,0.0,917.335,306.198,13.0,-128000.0,-72000.0
P07T16,Neck,645.066,196.471,0.0,0.0,827.247,349.19,15.0,128000.0,-72000.0
P07T16,Other,550.987,180.822,0.0,0.0,744.96,323.738,14.0,-128000.0,-72000.0
P07T16,Neck,443.287,167.074,0.0,0.0,690.091,343.339,10.0,128000.0,-72000.0
P07T16,MidHip,300.208,186.624,118.095,666.62,547.087,323.76,9.0,-128000.0,-72000.0
P07T16,MidHip,188.582,163.039,69.0917,676.417,451.101,321.792,8.0,128000.0,-72000.0
P07T16,Other,133.67,163.019,74.9279,664.603,435.431,306.147,8.0,-128000.0,-72000.0
P07T16,LElbow,147.447,159.147,110.191,652.899,425.644,337.471,8.0,128000.0,-72000.0
P07T16,LElbow,194.459,114.062,147.396,633.248,554.93,321.825,8.0,128000.0,-72000.0
P07T16,Other,253.256,69.032,165.052,635.284,646.963,294.39,8.0,-128000.0,-72000.0
P07T16,Other,290.494,57.3491,159.192,627.404,650.981,259.134,9.0,-128000.0,-72000.0
P07T16,Other,335.57,82.713,135.704,580.417,748.859,272.829,9.0,128000.0,-72000.0
P07T16,Other,404.106,100.326,208.154,527.544,825.34,278.68,9.0,128000.0,72000.0
P07T16,MidHip,466.819,127.82,155.279,523.596,827.282,272.872,9.0,128000.0,-72000.0
P07T16,MidHip,503.979,147.489,429.512,599.967,858.619,290.423,9.0,128000.0,72000.0
P07T16,Neck,523.652,165.163,0.0,0.0,854.653,304.216,10.0,128000.0,-72000.0
P07T16,Neck,535.303,194.515,0.0,0.0,821.36,351.211,11.0,128000.0,72000.0
P07T16,Neck,539.214,227.684,0.0,0.0,790.057,408.013,11.0,128000.0,-72000.0
P07T16,Neck,539.297,245.391,0.0,0.0,809.628,404.086,11.0,128000.0,72000.0
P07T16,Neck,531.455,247.376,0.0,0.0,793.969,460.879,11.0,128000.0,-72000.0
P07T16,Neck,539.177,243.482,0.0,0.0,835.107,368.786,11.0,128000.0,72000.0
P07T16,Neck,549.071,229.687,0.0,0.0,760.677,390.341,11.0,128000.0,-72000.0
P07T16,Neck,576.448,210.076,0.0,0.0,948.767,294.376,11.0,128000.0,-72000.0
P07T16,Neck,619.669,198.438,0.0,0.0,978.128,296.344,11.0,128000.0,72000.0
P07T16,Neck,662.646,196.435,0.0,0.0,1034.91,311.985,12.0,128000.0,-72000.0
P07T16,Neck,697.89,227.722,0.0,0.0,993.799,574.545,14.0,128000.0,72000.0
P07T16,Neck,707.719,288.431,0.0,0.0,1046.67,509.838,14.0,128000.0,-72000.0
P07T16,Neck,713.705,300.219,0.0,0.0,1062.33,517.718,14.0,128000.0,72000.0
P07T16,Neck,739.066,304.069,0.0,0.0,1078.0,525.579,14.0,128000.0,-72000.0
P07T16,Neck,745.056,302.174,0.0,0.0,1089.76,521.593,14.0,128000.0,72000.0
P07T16,Neck,746.96,276.77,0.0,0.0,1085.86,488.318,14.0,128000.0,-72000.0
P07T16,Neck,727.263,278.666,0.0,0.0,1095.65,654.838,14.0,128000.0,72000.0
P07T16,Neck,678.299,278.732,0.0,0.0,0.0,0.0,15.0,128000.0,-72000.0
P07T16,Neck,650.999,270.852,0.0,0.0,0.0,0.0,12.0,128000.0,72000.0
P07T16,Neck,645.06,270.793,0.0,0.0,0.0,0.0,15.0,128000.0,-72000.0
P07T16,Neck,635.306,288.523,0.0,0.0,0.0,0.0,13.0,128000.0,72000.0
P07T16,Neck,662.698,306.208,0.0,0.0,0.0,0.0,15.0,128000.0,-72000.0
P07T16,Neck,670.488,317.903,0.0,0.0,0.0,0.0,15.0,128000.0,72000.0
P07T16,Neck,660.72,329.615,0.0,0.0,0.0,0.0,15.0,128000.0,-72000.0
P07T16,Neck,664.665,347.283,0.0,0.0,0.0,0.0,15.0,128000.0,72000.0
P07T16,Neck,680.301,362.925,0.0,0.0,0.0,0.0,15.0,128000.0,-72000.0
P07T16,Neck,686.177,368.814,0.0,0.0,0.0,0.0,15.0,128000.0,72000.0
P07T16,Neck,688.148,362.898,0.0,0.0,0.0,0.0,15.0,128000.0,-72000.0
P07T16,Neck,692.048,339.418,0.0,0.0,0.0,0.0,15.0,128000.0,72000.0
P07T16,Neck,699.887,323.817,0.0,0.0,0.0,0.0,16.0,128000.0,-72000.0
P07T16,Neck,701.845,308.144,0.0,0.0,0.0,0.0,16.0,128000.0,72000.0
P07T16,Neck,697.875,296.305,0.0,0.0,0.0,0.0,16.0,128000.0,-72000.0
P07T16,Neck,701.898,298.275,0.0,0.0,0.0,0.0,16.0,128000.0,72000.0
P07T16,Neck,723.376,310.048,0.0,0.0,0.0,0.0,16.0,128000.0,-72000.0
P07T16,Neck,742.96,329.631,0.0,0.0,0.0,0.0,16.0,128000.0,72000.0
P07T16,Nose,819.427,384.431,0.0,0.0,0.0,0.0,15.0,128000.0,-72000.0
P07T16,Nose,839.085,368.775,0.0,0.0,0.0,0.0,15.0,128000.0,72000.0
P07T16,Neck,844.868,355.086,0.0,0.0,0.0,0.0,15.0,128000.0,-72000.0
P07T16,Neck,862.495,359.05,0.0,0.0,0.0,0.0,15.0,128000.0,72000.0
P07T16,Neck,878.202,362.907,0.0,0.0,0.0,0.0,15.0,128000.0,-72000.0
P07T16,Neck,938.952,364.848,0.0,0.0,0.0,0.0,15.0,128000.0,72000.0
P07T16,Neck,1027.18,384.437,0.0,0.0,0.0,0.0,17.0,128000.0,-72000.0
P07T16,Neck,1105.45,415.855,0.0,0.0,0.0,0.0,17.0,128000.0,72000.0
P07T16,Neck,1121.08,431.456,0.0,0.0,0.0,0.0,17.0,128000.0,-72000.0
P07T16,Other,1105.43,447.225,0.0,0.0,0.0,0.0,18.0,128000.0,72000.0
P07T16,Other,1123.09,456.943,0.0,0.0,0.0,0.0,18.0,128000.0,-72000.0
P07T16,Other,1136.89,494.153,0.0,0.0,0.0,0.0,18.0,128000.0,72000.0
P07T16,Other,1148.54,527.507,0.0,0.0,0.0,0.0,17.0,128000.0,-72000.0
P07T16,Other,1074.11,439.317,0.0,0.0,0.0,0.0,19.0,128000.0,72000.0
P07T16,Other,1027.08,511.831,0.0,0.0,0.0,0.0,19.0,128000.0,-72000.0
P07T16,Other,0.0,0.0,0.0,0.0,0.0,0.0,21.0,128000.0,72000.0
P07T16,Other,1076.06,715.631,0.0,0.0,0.0,0.0,20.0,128000.0,-72000.0
P07T16,Other,1042.74,715.654,0.0,0.0,0.0,0.0,19.0,128000.0,72000.0
P07T16,Other,976.174,715.627,0.0,0.0,0.0,0.0,22.0,128000.0,-72000.0
P07T16,Other,895.844,680.296,0.0,0.0,0.0,0.0,19.0,128000.0,72000.0
P07T16,Other,866.443,592.159,0.0,0.0,0.0,0.0,19.0,128000.0,-72000.0
P07T16,Other,854.621,521.609,0.0,0.0,0.0,0.0,18.0,128000.0,72000.0
P07T16,Other,838.958,445.169,0.0,0.0,0.0,0.0,17.0,128000.0,-72000.0
P07T16,Neck,819.438,388.452,0.0,0.0,1258.25,439.348,14.0,128000.0,72000.0
P07T16,Other,795.942,380.539,0.0,0.0,0.0,0.0,17.0,128000.0,-72000.0
P07T16,Other,791.993,398.118,0.0,0.0,0.0,0.0,15.0,128000.0,72000.0
P07T16,Other,795.872,398.234,0.0,0.0,0.0,0.0,16.0,128000.0,-72000.0
P07T16,Other,809.599,417.808,0.0,0.0,0.0,0.0,16.0,128000.0,72000.0
P07T16,Other,827.292,415.925,0.0,0.0,0.0,0.0,16.0,1321.196413640997,472.6496639877875
P07T16,Other,836.942,400.116,0.0,0.0,0.0,0.0,16.0,128000.0,-72000.0
P07T16,Other,833.137,382.506,0.0,0.0,0.0,0.0,16.0,128000.0,72000.0
P07T16,Other,815.527,364.856,0.0,0.0,0.0,0.0,16.0,128000.0,-72000.0
P07T16,Other,774.391,353.126,0.0,0.0,0.0,0.0,16.0,128000.0,72000.0
P07T16,Other,739.115,347.243,0.0,0.0,0.0,0.0,16.0,128000.0,-72000.0
P07T16,Other,715.603,339.488,0.0,0.0,0.0,0.0,17.0,128000.0,72000.0
P07T16,Other,711.743,351.23,0.0,0.0,1226.94,645.061,14.0,128000.0,-72000.0
P07T16,Other,711.686,388.38,0.0,0.0,1117.23,645.051,14.0,128000.0,72000.0
P07T16,Other,731.307,400.142,0.0,0.0,0.0,0.0,15.0,128000.0,-72000.0
P07T16,Other,766.559,400.097,0.0,0.0,0.0,0.0,15.0,128000.0,72000.0
P07T16,Other,782.205,394.267,0.0,0.0,0.0,0.0,15.0,128000.0,-72000.0
P07T16,LElbow,772.352,384.457,0.0,0.0,0.0,0.0,15.0,128000.0,72000.0
P07T16,Other,744.965,372.767,0.0,0.0,0.0,0.0,15.0,128000.0,-72000.0
P07T16,Other,699.983,351.118,0.0,0.0,0.0,0.0,15.0,128000.0,72000.0
P07T16,Other,670.567,335.538,0.0,0.0,0.0,0.0,15.0,128000.0,-72000.0
P07T16,Other,664.555,317.891,0.0,0.0,1121.11,590.251,14.0,128000.0,72000.0
P07T16,Other,666.626,308.063,390.369,670.522,1123.07,525.586,13.0,128000.0,-72000.0
P07T16,Other,684.279,300.233,400.122,676.388,0.0,0.0,14.0,128000.0,72000.0
P07T16,Other,713.685,292.466,0.0,0.0,976.149,494.245,11.0,128000.0,-72000.0
P07T16,Other,789.939,288.417,0.0,0.0,0.0,0.0,15.0,128000.0,72000.0
P07T16,Other,842.923,288.439,0.0,0.0,1150.44,668.591,14.0,128000.0,-72000.0
P07T16,LElbow,899.798,280.624,0.0,0.0,1246.48,715.616,12.0,128000.0,72000.0
P07T16,Other,886.038,247.346,0.0,0.0,1279.84,660.728,14.0,128000.0,-72000.0
P07T16,Other,831.191,243.514,0.0,0.0,1262.19,635.249,14.0,128000.0,72000.0
P07T16,Neck,815.503,259.082,0.0,0.0,0.0,0.0,16.0,128000.0,-72000.0
P07T16,RElbow,821.401,302.185,0.0,0.0,0.0,0.0,15.0,128000.0,72000.0
P07T16,Neck,823.334,335.467,0.0,0.0,0.0,0.0,16.0,128000.0,-72000.0
P07T16,Neck,784.176,357.048,0.0,0.0,0.0,0.0,17.0,128000.0,72000.0
P07T16,Neck,805.636,429.544,0.0,0.0,0.0,0.0,17.0,-123429.17799738896,-72000.0
P07T16,Neck,829.242,445.188,0.0,0.0,0.0,0.0,18.0,128000.0,72000.0
P07T16,Neck,860.548,431.486,0.0,0.0,0.0,0.0,17.0,-52247.426737930065,-72000.0
P07T16,Neck,866.387,421.717,0.0,0.0,0.0,0.0,15.0,128000.0,72000.0
P07T16,Neck,790.058,417.763,0.0,0.0,0.0,0.0,15.0,-37080.46973475074,-72000.0
P07T16,Other,776.326,413.937,0.0,0.0,0.0,0.0,15.0,128000.0,72000.0
P07T16,Other,790.019,415.783,0.0,0.0,0.0,0.0,15.0,-43314.12764531545,-72000.0
P07T16,Other,809.626,415.849,0.0,0.0,0.0,0.0,15.0,128000.0,72000.0
P07T16,Other,811.563,427.544,0.0,0.0,0.0,0.0,15.0,-35795.304581157136,-72000.0
P07T16,Other,805.709,427.57,0.0,0.0,0.0,0.0,16.0,128000.0,72000.0
P07T16,Other,788.055,431.478,0.0,0.0,0.0,0.0,16.0,-28913.800115930957,-72000.0
P07T16,Other,760.738,474.552,0.0,0.0,0.0,0.0,18.0,128000.0,72000.0
P07T16,Other,776.325,519.657,0.0,0.0,0.0,0.0,17.0,-33818.95901031331,-72000.0
P07T16,Other,774.394,539.251,0.0,0.0,0.0,0.0,17.0,1321.196413640997,472.6496639877875
P07T16,Other,760.626,556.927,0.0,0.0,0.0,0.0,17.0,-1859.1455273041643,-72000.0
P07T16,Other,762.563,558.844,0.0,0.0,0.0,0.0,17.0,128000.0,72000.0
P07T16,Other,758.701,580.408,0.0,0.0,0.0,0.0,19.0,-5427.957924330594,-72000.0
P07T16,Other,807.677,590.212,0.0,0.0,0.0,0.0,20.0,128000.0,72000.0
P07T16,Nose,901.736,570.576,0.0,0.0,0.0,0.0,20.0,-10742.1574002222,-72000.0
P07T16,Nose,nan,nan,nan,nan,nan,nan,nan,128000.0,72000.0
P07T16,Nose,nan,nan,nan,nan,nan,nan,nan,-106466.77602596188,-72000.0
P07T16,Nose,nan,nan,nan,nan,nan,nan,nan,128000.0,72000.0
P07T16,Nose,nan,nan,nan,nan,nan,nan,nan,-77142.46469422248,-72000.0
P07T16,Other,nan,nan,nan,nan,nan,nan,nan,128000.0,72000.0
P07T16,Nose,nan,nan,nan,nan,nan,nan,nan,4826.156370170667,-72000.0
P07T16,Nose,nan,nan,nan,nan,nan,nan,nan,128000.0,72000.0
P07T16,Nose,nan,nan,nan,nan,nan,nan,nan,-67662.01686464167,-72000.0
P07T16,Nose,nan,nan,nan,nan,nan,nan,nan,128000.0,72000.0
P07T16,Neck,1142.7,290.464,0.0,0.0,0.0,0.0,18.0,-42236.30154371071,-72000.0
P07T16,LElbow,1099.6,237.518,0.0,0.0,0.0,0.0,16.0,128000.0,72000.0
P07T16,LElbow,1042.74,225.733,0.0,0.0,0.0,0.0,16.0,-33500.84021293042,-72000.0
P07T16,LElbow,993.788,290.449,0.0,0.0,0.0,0.0,16.0,128000.0,72000.0
P07T16,Neck,897.748,278.695,0.0,0.0,0.0,0.0,17.0,-128000.0,-72000.0
P07T16,LElbow,886.041,255.156,0.0,0.0,0.0,0.0,16.0,-102483.79679764839,-72000.0
P07T16,Neck,915.398,225.819,0.0,0.0,0.0,0.0,17.0,128000.0,72000.0
P07T16,Neck,935.024,212.092,0.0,0.0,0.0,0.0,16.0,-104496.05955427382,-72000.0
P07T16,Neck,952.628,212.103,0.0,0.0,0.0,0.0,17.0,128000.0,72000.0
P07T16,Neck,964.415,229.73,0.0,0.0,0.0,0.0,17.0,-92801.30372333211,-72000.0
P07T16,Neck,978.12,288.452,0.0,0.0,0.0,0.0,17.0,128000.0,72000.0
P07T16,Neck,981.997,319.864,0.0,0.0,0.0,0.0,17.0,-63832.06518273528,-72000.0
P07T16,Neck,993.831,357.065,0.0,0.0,0.0,0.0,17.0,128000.0,72000.0
P07T16,Neck,999.626,392.321,0.0,0.0,0.0,0.0,17.0,-45270.98564656483,-72000.0
P07T16,Neck,978.181,413.836,0.0,0.0,0.0,0.0,16.0,128000.0,72000.0
P07T16,Neck,964.432,368.884,0.0,0.0,0.0,0.0,17.0,-41476.75503112935,-72000.0
P07T16,Neck,940.863,325.746,449.154,658.747,0.0,0.0,14.0,128000.0,72000.0
P07T16,Neck,915.447,294.397,0.0,0.0,0.0,0.0,15.0,-37122.4911819863,-72000.0
P07T16,Neck,889.98,288.553,0.0,0.0,0.0,0.0,15.0,128000.0,72000.0
P07T16,Neck,880.112,323.782,0.0,0.0,0.0,0.0,15.0,-47116.4560386192,-72000.0
P07T16,Neck,854.754,349.236,0.0,0.0,0.0,0.0,15.0,128000.0,72000.0
P07T16,Neck,837.065,360.953,0.0,0.0,0.0,0.0,16.0,-13238.449846706608,-72000.0
P07T16,Neck,815.498,364.881,0.0,0.0,0.0,0.0,16.0,128000.0,72000.0
P07T16,Neck,772.422,351.171,0.0,0.0,0.0,0.0,16.0,-17928.715437950672,-72000.0
P07T16,RElbow,1262.17,400.158,1244.48,464.781,1260.13,464.842,1.0,128000.0,72000.0
P07T16,RElbow,1260.16,386.45,1232.87,456.928,1248.45,458.961,1.0,-17263.73493780048,-72000.0
P07T16,RElbow,1260.17,384.436,1232.87,449.211,1248.46,456.955,1.0,128000.0,72000.0
P07T16,RElbow,1262.23,396.172,1244.49,462.834,1260.22,462.858,3.0,-15356.795163561004,-72000.0
P07T16,RElbow,1279.83,402.104,1246.5,472.609,1262.22,476.484,1.0,128000.0,72000.0
P07T16,Other,1279.83,400.238,1252.38,476.474,1279.84,478.509,0.0,-128000.0,-72000.0
P07T16,Other,1279.82,398.203,1248.45,464.834,1279.83,474.625,0.0,128000.0,72000.0
P07T16,Other,1262.16,384.484,1240.61,458.882,1252.39,460.851,1.0,-128000.0,-72000.0
P07T16,Other,1250.48,386.523,1228.95,460.902,1244.53,460.965,1.0,128000.0,72000.0
P07T16,Neck,839.006,353.167,0.0,0.0,0.0,0.0,17.0,-31172.895715780574,-72000.0
P07T16,LElbow,844.859,341.392,0.0,0.0,0.0,0.0,16.0,128000.0,72000.0
P07T16,Neck,821.358,321.816,0.0,0.0,0.0,0.0,16.0,-22438.787543001377,-72000.0
P07T16,LElbow,782.198,317.857,0.0,0.0,0.0,0.0,16.0,128000.0,72000.0
P07T16,Neck,762.651,306.146,0.0,0.0,0.0,0.0,16.0,-25169.58845232626,-72000.0
P07T16,LElbow,760.694,323.748,0.0,0.0,0.0,0.0,16.0,128000.0,72000.0
P07T16,Neck,795.901,306.124,0.0,0.0,0.0,0.0,17.0,-108453.81068225617,-72000.0
P07T16,Neck,0.0,0.0,0.0,0.0,0.0,0.0,20.0,128000.0,72000.0
P07T16,Neck,658.756,317.878,0.0,0.0,0.0,0.0,20.0,-52274.33403001641,-72000.0
P07T16,Nose,905.587,304.202,0.0,0.0,0.0,0.0,21.0,128000.0,72000.0
P07T16,Neck,0.0,0.0,0.0,0.0,0.0,0.0,19.0,-49735.964043520726,-72000.0
P07T16,Neck,921.276,249.307,0.0,0.0,0.0,0.0,17.0,128000.0,72000.0
P07T16,Neck,903.659,120.08,0.0,0.0,0.0,0.0,17.0,-128000.0,-72000.0
P07T16,Nose,648.957,74.9539,0.0,0.0,0.0,0.0,21.0,128000.0,72000.0
P07T16,Nose,0.0,0.0,0.0,0.0,0.0,0.0,22.0,-101689.9759851273,-72000.0
P07T16,Other,650.87,272.852,0.0,0.0,0.0,0.0,18.0,128000.0,72000.0
P07T16,Other,1260.2,419.788,1230.83,480.482,0.0,0.0,12.0,-73886.3610583502,-72000.0
P07T16,Other,1248.54,415.789,1219.08,474.593,1246.41,476.482,10.0,128000.0,72000.0
P07T16,Other,1234.76,411.887,1213.2,462.949,1228.91,464.836,10.0,-87208.1271264652,-72000.0
P07T16,Other,1223.03,423.665,1199.43,478.533,0.0,0.0,11.0,128000.0,72000.0
P07T16,Other,1213.08,443.184,1183.86,498.1,0.0,0.0,11.0,-66745.56339718253,-72000.0
P07T16,Other,1189.71,447.297,1158.37,505.885,1174.03,507.873,10.0,128000.0,72000.0
P07T16,Other,1174.02,451.078,1138.76,500.119,1164.2,507.885,10.0,-60912.98165613879,-72000.0
P07T16,Other,1166.18,456.971,1134.85,507.976,0.0,0.0,11.0,128000.0,72000.0
P07T16,Other,1181.78,468.725,1152.41,521.637,1168.16,523.517,10.0,-38282.06586211762,-72000.0
P07T16,Other,750.835,494.164,0.0,0.0,0.0,0.0,17.0,128000.0,72000.0
P07T16,Other,1185.74,478.442,1162.25,529.483,1175.99,537.257,11.0,128000.0,72000.0
P07T16,Other,772.335,490.271,0.0,0.0,0.0,0.0,17.0,-18414.5818457207,-72000.0
P07T16,Other,752.793,492.299,0.0,0.0,0.0,0.0,17.0,128000.0,72000.0
P07T16,Other,727.36,482.459,0.0,0.0,0.0,0.0,17.0,-17395.991859036687,-72000.0
P07T16,Other,1152.39,539.308,1117.16,588.243,1136.89,594.135,10.0,128000.0,72000.0
P07T16,Other,692.081,496.152,0.0,0.0,0.0,0.0,18.0,-12849.316814126421,-72000.0
P07T16,Other,1146.6,523.654,1117.16,574.535,1136.84,578.448,10.0,128000.0,72000.0
P07T16,Other,1152.43,527.475,1121.11,578.469,1146.56,586.222,10.0,-128000.0,-72000.0
P07T16,Other,1150.49,539.236,1115.24,586.343,0.0,0.0,11.0,128000.0,72000.0
P07T16,Other,1148.57,543.193,1109.39,596.072,1138.8,601.969,10.0,-75158.44913239694,-72000.0
P07T16,Other,756.684,556.861,0.0,0.0,0.0,0.0,18.0,128000.0,72000.0
P07T16,Other,776.323,570.515,0.0,0.0,0.0,0.0,18.0,-55891.97504210757,-72000.0
P07T16,Other,788.052,558.823,0.0,0.0,0.0,0.0,18.0,128000.0,72000.0
P07T16,Other,778.284,558.867,0.0,0.0,0.0,0.0,18.0,-27461.37903090694,-72000.0
P07T16,Other,774.385,556.843,0.0,0.0,0.0,0.0,17.0,128000.0,72000.0
P07T16,Other,754.765,523.511,0.0,0.0,0.0,0.0,17.0,-26275.568517848984,-72000.0
P07T16,Other,772.391,478.502,0.0,0.0,0.0,0.0,18.0,128000.0,72000.0
P07T16,Other,788.101,460.838,0.0,0.0,0.0,0.0,17.0,-23872.288498104394,-72000.0
P07T16,Other,805.631,464.802,0.0,0.0,0.0,0.0,17.0,128000.0,72000.0
P07T16,Other,823.382,476.534,0.0,0.0,0.0,0.0,18.0,-14513.062516881644,-72000.0
P07T16,Other,823.385,476.518,0.0,0.0,0.0,0.0,18.0,128000.0,72000.0
P07T16,Other,819.417,460.941,0.0,0.0,0.0,0.0,18.0,-16626.255544551426,-72000.0
P07T16,Other,805.658,466.785,0.0,0.0,0.0,0.0,18.0,128000.0,72000.0
P07T16,Other,813.573,496.211,0.0,0.0,0.0,0.0,18.0,-17985.175476965975,-72000.0
P07T16,Other,839.064,527.477,0.0,0.0,0.0,0.0,18.0,128000.0,72000.0
P07T16,Other,870.339,543.169,0.0,0.0,0.0,0.0,18.0,-15165.776208592126,-72000.0
P07T16,Other,915.383,556.937,0.0,0.0,0.0,0.0,18.0,128000.0,72000.0
P07T16,Other,948.786,574.598,0.0,0.0,0.0,0.0,18.0,-16774.10856740876,-72000.0
P07T16,Other,981.984,590.204,0.0,0.0,0.0,0.0,19.0,128000.0,72000.0
P07T16,Other,1011.48,617.692,0.0,0.0,0.0,0.0,19.0,-12403.908707746878,-72000.0
P07T16,Other,1062.31,656.773,0.0,0.0,0.0,0.0,18.0,128000.0,72000.0
P07T16,Other,1121.19,696.01,0.0,0.0,0.0,0.0,21.0,-128000.0,-72000.0
P07T16,Other,978.104,380.498,932.995,425.646,966.325,445.252,4.0,128000.0,72000.0
P07T16,Other,1011.4,362.923,974.176,404.088,997.755,421.719,3.0,-100047.51577103313,-72000.0
P07T16,Other,966.41,274.703,948.697,372.713,985.948,384.49,4.0,128000.0,72000.0
P07T16,Other,1219.1,415.778,1199.54,470.659,1213.26,476.503,0.0,-41780.763257491744,-72000.0
P07T16,Other,1230.91,400.269,1213.21,454.984,1221.04,458.92,0.0,128000.0,72000.0
P07T16,Other,1011.38,216.031,974.174,274.735,0.0,0.0,4.0,-62858.41384697428,-72000.0
P07T16,Other,nan,nan,nan,nan,nan,nan,nan,128000.0,72000.0
P07T16,Other,1203.38,306.081,1183.81,358.986,1197.56,366.781,0.0,-45303.12415769323,-72000.0
P07T16,Other,1187.72,272.869,1174.02,321.89,1181.8,323.801,0.0,128000.0,72000.0
P07T16,Other,1181.84,241.493,1166.12,292.399,1172.08,296.314,0.0,-34622.500771631734,-72000.0
P07T16,Other,1175.99,225.707,1156.43,274.8,1168.08,280.673,0.0,128000.0,72000.0
P07T16,Other,1170.07,210.202,1152.45,263.06,1166.22,270.865,0.0,-53588.300904223,-72000.0
P07T16,Other,1172.11,198.365,1156.38,257.046,1168.07,259.064,0.0,128000.0,72000.0
P07T16,Other,1179.86,186.61,1164.23,235.566,0.0,0.0,2.0,-55008.76038709236,-72000.0
P07T16,Other,1181.92,164.998,1166.21,214.009,1168.19,214.113,1.0,1321.196413640997,472.6496639877875
P07T16,Other,1181.9,145.449,1168.16,192.479,1177.91,194.457,0.0,-35261.156647020456,-72000.0
P07T16,Other,1185.75,119.987,1172.04,172.913,1181.92,176.855,1.0,128000.0,72000.0
P07T16,Other,1191.61,102.414,1181.77,157.19,1183.82,159.179,3.0,-128000.0,-72000.0
P07T16,Other,1195.54,90.6627,1183.79,145.406,1193.6,147.431,1.0,128000.0,72000.0
P07T16,Other,1197.48,84.7544,1193.62,135.655,1197.46,133.807,1.0,-65556.30682903534,-72000.0
P07T16,Other,1199.38,80.8163,1195.51,133.709,1197.52,133.667,0.0,128000.0,72000.0
P07T16,Other,1201.46,80.8597,1197.41,131.721,1199.53,131.767,3.0,-29633.329268596557,-72000.0
P07T16,Other,1211.18,84.6805,1199.5,133.662,1207.3,133.751,3.0,128000.0,72000.0
P07T16,Other,1211.2,80.8064,1199.52,131.775,1213.17,133.692,1.0,-36156.86762432,-72000.0
P07T16,Other,1211.27,76.8865,1201.42,125.872,1244.58,131.813,3.0,128000.0,72000.0
P07T16,Other,1213.07,71.0615,1197.61,118.117,1203.38,121.976,3.0,-58211.44726736929,-72000.0
P07T16,Other,1211.27,69.1618,1199.53,118.014,1209.29,120.016,1.0,128000.0,72000.0
P07T16,Other,1213.17,69.0486,1201.49,117.978,1211.22,118.039,1.0,-93047.7734387414,-72000.0
P07T16,Other,1213.23,65.184,1205.36,114.127,1213.21,116.009,4.0,128000.0,72000.0
P07T16,Other,1215.24,57.3034,1215.07,114.077,1217.18,114.092,2.0,-37490.26383871207,-72000.0
P07T16,Other,1221.04,55.2986,1215.15,104.377,1226.91,110.206,0.0,-10095.026120288763,-72000.0
P07T16,Other,1223.01,51.4056,1215.22,100.413,1228.78,102.325,2.0,128000.0,72000.0
P07T16,Other,1223.01,39.6608,1215.19,88.7347,1228.85,98.425,2.0,-8792.799096459752,-72000.0
P07T16,Other,1217.11,33.8325,1215.11,84.7529,1226.94,86.7021,0.0,128000.0,72000.0
P07T16,Other,1213.23,22.1182,1207.31,71.0655,1215.14,73.038,2.0,-49999.05542739178,-72000.0
P07T16,Other,1205.37,18.1419,1201.48,69.0033,1213.1,69.0012,3.0,128000.0,72000.0
P07T16,Other,nan,nan,nan,nan,nan,nan,nan,-32603.861938343547,-72000.0
P07T16,Other,1181.83,5.37462,1172.08,39.725,1181.93,39.716,1.0,128000.0,72000.0
P07T16,Nose,nan,nan,nan,nan,nan,nan,nan,-35812.7966581489,-72000.0
P07T16,Other,nan,nan,nan,nan,nan,nan,nan,128000.0,72000.0
P07T16,Other,nan,nan,nan,nan,nan,nan,nan,-18019.269934406464,-72000.0
P07T16,Other,nan,nan,nan,nan,nan,nan,nan,128000.0,72000.0
P07T16,Other,nan,nan,nan,nan,nan,nan,nan,-10451.0876372817,-72000.0
P07T16,Other,nan,nan,nan,nan,nan,nan,nan,128000.0,72000.0
