P07T06,Other,758.733,5.34414,597.989,206.204,819.363,259.147,0.0,688.0298358928096,461.4408703600903
P07T06,MidHip,750.829,16.1371,592.167,214.063,809.604,274.84,0.0,3854.2349362630393,1755.5552842614427
P07T06,MidHip,744.912,23.9751,592.137,229.695,807.762,282.601,2.0,4465.6986785905165,2016.3184645662836
P07T06,Other,742.917,27.8948,588.315,235.606,813.532,288.514,0.0,695.1601305315023,460.579376285886
P07T06,Other,741.033,33.8072,596.078,247.344,821.378,290.404,0.0,2404.3224711336343,1143.1824912477857
P07T06,MidHip,744.954,37.7949,609.778,261.054,837.01,288.451,0.0,694.6308752785576,461.47843845712043
P07T06,MidHip,756.702,37.779,627.433,268.862,842.97,290.481,0.0,717.3583216780213,410.7221335129353
P07T06,RKnee,758.622,29.8775,631.268,255.141,848.774,274.84,0.0,608.4327874229991,371.27110117065456
P07T06,MidHip,760.642,26.0182,641.114,259.092,854.659,284.554,0.0,715.7752806303528,415.1712607890647
P07T06,MidHip,762.671,35.7429,648.867,272.797,860.558,288.47,0.0,609.9802972943501,373.94256864345004
P07T06,MidHip,762.579,39.7765,646.95,280.66,854.781,292.397,0.0,715.5842260803106,401.1938772007414
P07T06,RKnee,758.698,49.4877,645.064,286.481,854.722,298.255,0.0,616.4232723191491,375.3698234867447
P07T06,MidHip,756.673,51.4543,648.956,300.255,854.736,304.105,0.0,713.574593841443,405.4384031752631
P07T06,MidHip,748.934,55.2821,646.978,302.186,852.702,306.17,0.0,616.201957554179,371.85128349458256
P07T06,MidHip,745.041,61.2403,643.067,308.119,848.836,317.867,0.0,708.8212805230266,402.21183515302886
P07T06,MidHip,743.077,70.9925,637.248,310.047,846.854,321.812,0.0,613.4645113008121,369.7797020136639
P07T06,RKnee,741.022,80.7941,635.334,327.673,842.898,323.799,0.0,708.132150775144,400.9348033776539
P07T06,RKnee,735.165,94.533,633.219,339.472,838.935,341.399,0.0,613.3948406848963,367.682191873793
P07T06,RKnee,729.364,104.363,627.415,351.161,835.118,364.918,0.0,708.1248163713071,400.5790795359641
P07T06,MidHip,729.215,117.975,619.595,357.055,836.944,370.75,0.0,615.0240832022461,365.20462960387914
P07T06,MidHip,727.299,127.796,617.607,364.864,829.201,382.447,0.0,707.4581218716653,399.93813987317634
P07T06,MidHip,725.419,133.653,602.001,360.981,825.347,394.311,0.0,614.9528120617399,362.9473394088072
P07T06,MidHip,723.436,143.486,613.728,384.488,827.229,384.56,0.0,707.4533847780493,399.55615721335056
P07T06,MidHip,721.45,149.395,598.031,374.669,821.445,396.219,0.0,615.8851781183607,359.9595677725231
P07T06,RKnee,715.649,155.301,601.86,380.558,819.406,408.027,0.0,708.518826616691,397.450925570956
P07T06,RKnee,711.698,163.167,594.141,384.517,809.66,402.159,0.0,616.3645033526182,358.71061959913317
P07T06,MidHip,709.626,170.916,592.126,392.348,805.774,415.824,0.0,706.9634532422737,397.51384526465233
P07T06,MidHip,699.919,174.843,584.292,396.235,799.816,419.726,0.0,616.9187351425974,357.3505804102508
P07T06,MidHip,696.018,180.715,576.521,402.125,803.678,417.851,0.0,710.0858739282526,395.04696539870173
P07T06,RKnee,695.973,186.581,572.549,402.121,801.764,419.741,0.0,622.7790170692065,385.4525508958771
P07T06,RKnee,695.934,194.356,572.641,411.889,795.896,431.559,0.0,708.0747714954784,393.53447891605396
P07T06,Other,695.92,196.424,574.522,419.755,792.043,447.248,0.0,620.9459609650336,404.65425220200467
P07T06,MidHip,695.915,204.221,572.543,421.692,793.951,449.138,0.0,708.6952640193955,389.34491116776405
P07T06,MidHip,695.901,210.141,570.668,429.552,793.907,460.851,0.0,620.0297977410521,402.5033248088282
P07T06,Other,695.87,235.601,570.517,447.232,792.062,486.354,0.0,711.970565001428,389.7601724051603
P07T06,MidHip,693.978,251.264,564.709,462.926,790.11,505.9,2.0,652.9795871172721,455.6491266328655
P07T06,Other,690.098,261.113,572.532,492.252,791.907,509.949,8.0,727.032985680946,386.39441058450825
P07T06,Other,686.234,276.711,570.528,496.187,790.02,525.606,8.0,676.3522571748059,477.8626711481629
P07T06,Other,682.342,290.41,568.634,513.788,786.138,539.178,8.0,729.5280531431656,389.74076741646985
P07T06,Other,682.222,302.191,570.59,525.598,789.927,547.099,8.0,691.1411931153591,504.8578002271609
P07T06,Other,682.185,308.143,570.676,537.283,786.092,552.982,8.0,726.1075730630694,382.15615717409804
P07T06,Other,680.379,317.819,574.513,545.13,782.192,556.842,8.0,694.7311758349745,507.34548474079253
P07T06,Other,680.38,317.856,574.534,545.142,784.146,554.931,8.0,735.6673590035525,385.69575647292834
P07T06,Other,680.36,315.925,576.475,554.884,782.196,556.906,8.0,705.2222381467753,520.3299044417028
P07T06,Other,680.273,317.885,574.52,554.915,784.138,556.97,8.0,737.2968125329019,386.132294989345
P07T06,Other,676.421,319.907,572.526,558.825,784.137,547.091,8.0,709.1034618139362,497.3920180511713
P07T06,Other,670.514,321.742,564.711,552.972,790.061,554.974,8.0,735.8413947408349,388.3355211844397
P07T06,Other,666.598,321.821,556.931,554.926,792.02,545.162,8.0,698.0356463673409,449.5180197295566
P07T06,Other,664.736,323.807,549.033,549.043,809.605,572.587,8.0,738.5013672669606,392.10404494095786
P07T06,Other,666.519,327.651,541.266,543.194,809.632,552.928,8.0,687.3864270563344,419.9038901173002
P07T06,Other,658.752,331.554,492.179,500.06,835.103,507.945,8.0,737.5112451433567,394.94113102406715
P07T06,Other,652.971,327.697,486.375,490.282,836.987,494.289,8.0,678.6442466977323,401.9443909968793
P07T06,Other,651.028,333.499,470.667,472.64,825.334,492.151,8.0,733.2089731146566,394.79668947684854
P07T06,Other,650.904,333.557,492.186,468.715,813.536,486.388,8.0,657.7007300838968,376.3376050482955
P07T06,Other,649.017,335.576,496.155,460.956,807.637,478.6,8.0,734.3051922385075,400.5579318257741
P07T06,Other,648.895,337.407,537.265,523.549,805.629,474.542,8.0,648.4396083032492,379.5151225973508
P07T06,Other,643.122,337.411,527.544,523.546,774.323,478.576,8.0,648.0918481065007,371.960880995733
P07T06,Other,641.116,337.458,539.185,451.074,737.161,490.302,8.0,738.3251570643095,403.2509462845199
P07T06,Other,637.25,337.446,617.674,486.378,697.885,488.303,8.0,654.1837562336832,377.9734767078213
P07T06,Other,635.276,337.398,604.002,474.582,654.865,476.629,8.0,741.4140766825132,398.81754826210823
P07T06,Other,635.224,337.382,599.982,474.608,654.874,478.45,8.0,654.8092731761826,369.52839056568723
P07T06,Other,635.208,335.558,601.915,476.551,652.859,480.533,8.0,740.7626104095832,396.93419489700995
P07T06,Other,635.232,335.516,603.875,478.598,656.78,490.247,8.0,654.0330538489245,371.84317981552465
P07T06,Other,635.275,335.554,599.978,490.291,682.288,503.958,8.0,741.9450669812461,396.9538603534145
P07T06,Other,635.34,335.564,572.508,502.037,690.109,515.745,8.0,655.566701098018,369.2363988567292
P07T06,Other,635.325,335.525,558.866,525.582,696.051,539.242,8.0,743.5308094013421,398.18319544099955
P07T06,Other,635.316,335.512,558.905,541.25,717.525,541.273,8.0,655.9225542460304,365.3697587827091
P07T06,Other,635.276,335.414,545.147,535.34,735.159,552.93,8.0,743.0213061473492,392.8584585463723
P07T06,Other,635.248,333.52,533.402,554.915,745.028,554.963,8.0,655.5499369324289,364.45596000616575
P07T06,LKnee,635.285,333.53,517.674,560.81,774.292,560.849,8.0,743.47003397474,392.667797433166
P07T06,Other,637.191,325.727,513.834,560.822,776.245,556.935,8.0,657.1867717977186,363.4475870421592
P07T06,Other,639.204,321.896,519.619,554.917,776.228,552.964,8.0,744.0223976857283,390.66756979818274
P07T06,Other,643.108,321.847,521.662,545.125,776.272,533.409,8.0,655.9080512968317,362.2329244547261
P07T06,Other,646.965,323.734,523.503,535.333,780.264,511.83,8.0,742.7898697925905,387.3449776464215
P07T06,Other,647.03,323.778,523.483,523.612,778.268,529.461,8.0,655.3642168624797,359.31908870748606
P07T06,Other,647.024,325.735,525.48,533.351,786.077,523.587,8.0,743.8261863655371,387.11288472517185
P07T06,Other,648.886,329.665,525.548,529.441,778.262,519.695,8.0,655.2584918060265,358.5061937123313
P07T06,Other,648.924,331.613,529.481,535.347,772.335,525.575,8.0,743.0423178687728,384.71094616163697
P07T06,Other,649.049,333.553,529.503,539.216,786.089,523.588,8.0,653.6995012211744,355.95345055369614
P07T06,RKnee,658.753,333.486,541.178,551.028,776.389,554.961,8.0,652.6513583422998,355.79641347222343
P07T06,RKnee,660.761,333.529,541.268,551.016,784.14,556.909,8.0,741.322235917409,382.92430718234203
P07T06,RKnee,664.549,333.586,552.923,568.592,790.084,560.804,8.0,652.499925648363,354.4003228497748
P07T06,Other,666.519,335.514,564.737,574.551,790.009,568.662,8.0,739.63875034939,382.480532764534
P07T06,Other,666.601,335.568,570.576,576.513,789.941,568.658,8.0,650.0203368709922,353.8517026153876
P07T06,Other,666.666,335.591,578.466,582.317,786.129,572.507,8.0,740.3617314951169,382.90600174749426
P07T06,Other,668.552,337.389,586.358,584.258,778.279,570.534,8.0,648.6455706373724,352.6763125912377
P07T06,Other,668.569,337.409,592.161,580.43,774.326,572.638,8.0,740.3064027222872,382.15442208390425
P07T06,Other,668.534,337.425,601.868,582.356,768.48,570.548,8.0,648.0938080041938,352.1641775994839
P07T06,Other,668.553,337.436,605.857,580.411,762.59,564.719,8.0,738.9393945534848,380.3010399448478
P07T06,Other,666.712,337.433,609.798,570.581,746.915,570.629,8.0,648.3304546419464,351.57304472978814
P07T06,Other,666.705,337.46,611.745,570.639,744.908,572.625,8.0,735.9326361980027,379.9460899975728
P07T06,Other,666.628,337.426,599.987,570.639,740.992,582.328,8.0,646.903765609817,350.0647973855149
P07T06,Other,666.55,337.483,601.847,584.273,745.039,568.611,8.0,734.2274269636221,378.66500117505836
P07T06,Other,664.699,337.507,586.2,586.195,744.881,580.423,8.0,646.6350329318448,350.0205577878429
P07T06,Other,664.708,337.515,568.633,572.616,758.692,584.308,8.0,734.1226164607845,378.202291765695
P07T06,Other,664.675,337.504,556.896,584.256,760.748,582.329,8.0,734.0786178118407,376.7510387198835
P07T06,Other,664.621,337.461,554.872,570.615,770.421,572.635,8.0,645.7710337984537,348.8956960504647
P07T06,Other,664.617,337.436,539.195,554.92,776.309,572.555,8.0,644.878715031988,348.72822463429225
P07T06,Other,664.569,337.446,539.204,570.602,776.365,572.506,8.0,734.3270629820879,376.64328290718424
P07T06,Other,664.575,337.442,535.369,568.641,780.232,570.544,8.0,733.7688728950912,375.917820371798
P07T06,Other,664.548,337.408,535.322,574.515,789.923,564.736,8.0,643.9544534226982,346.8015400810676
P07T06,Other,662.657,337.421,527.491,568.612,790.075,568.589,8.0,733.148149244381,374.50710911806203
P07T06,Other,660.728,337.481,525.585,564.743,790.036,570.551,8.0,643.9326654574091,345.984524185337
P07T06,Other,658.75,337.468,527.502,570.544,788.049,568.662,8.0,731.4522856655253,373.7620428925958
P07T06,Other,654.856,337.396,529.499,570.634,782.186,570.663,8.0,643.4792165102808,344.53311663310336
P07T06,Other,652.931,337.405,533.38,580.395,776.243,572.613,8.0,731.5410647288811,371.30463116273387
P07T06,Other,651.036,337.429,537.304,574.524,774.286,574.498,8.0,642.6897441959806,342.58352496183005
P07T06,Other,651.028,337.437,539.334,578.442,762.618,572.529,8.0,731.1814716074191,369.9893460639076
P07T06,Other,651.027,337.45,547.114,572.59,758.73,580.391,8.0,642.3475798777151,341.13637289459746
P07T06,Other,651.005,337.453,551.049,572.594,754.787,580.429,8.0,732.2436206091013,370.02153253876895
P07T06,Other,650.984,337.461,556.992,586.343,746.996,580.415,8.0,641.266639754481,339.8378361594072
P07T06,Other,650.93,337.481,564.71,586.241,743.035,578.442,8.0,731.6559936612853,369.02408661359027
P07T06,Nose,650.921,337.484,570.499,586.277,737.113,588.202,8.0,640.7084249721286,338.61541581474575
P07T06,Other,650.901,337.481,570.614,584.281,731.262,588.191,8.0,729.9034453790821,366.91713687678
P07T06,Other,650.899,337.501,572.536,586.301,729.394,586.33,8.0,640.0384613640155,335.86462989840413
P07T06,Other,650.886,337.516,572.543,586.245,731.28,586.262,8.0,731.3021192206545,365.376519499478
P07T06,Other,650.907,337.495,572.547,586.239,731.322,588.176,8.0,639.1871102817764,334.35965164536907
P07T06,Other,650.927,337.519,570.632,586.264,733.25,588.182,8.0,730.8131588443816,361.9770847642154
P07T06,Other,650.919,337.494,570.601,588.285,741.02,586.314,8.0,637.6741251974659,332.2811832507372
P07T06,Other,650.901,337.501,566.722,588.279,745.037,572.568,8.0,730.2563335109141,360.2604321216843
P07T06,Other,650.908,337.522,562.778,590.225,744.956,586.26,8.0,636.7284799673818,330.62269703644324
P07T06,Other,650.919,337.534,556.996,586.341,752.803,574.527,8.0,730.196238509691,359.74339291673033
P07T06,Other,650.937,337.506,556.852,588.307,754.795,586.265,8.0,636.1754613689623,328.81476635134305
P07T06,Other,650.952,337.491,554.945,584.278,758.698,586.234,8.0,728.305164172464,357.1996139906938
P07T06,Other,650.933,337.503,551.035,582.335,760.561,588.188,8.0,634.0129541931858,325.94230201801037
P07T06,Other,650.908,337.519,549.017,578.454,758.742,588.196,8.0,727.167214791185,353.864241387623
P07T06,Other,650.862,337.524,547.107,576.49,758.757,586.234,8.0,633.6719285063937,323.306376922443
P07T06,Other,649.063,337.524,545.12,574.579,760.592,586.207,8.0,726.2613865781663,351.7557165366108
P07T06,Other,648.99,337.481,549.037,580.378,760.552,582.354,8.0,632.7225761165663,321.2196656618495
P07T06,Other,647.029,337.482,549.017,582.342,758.755,582.362,8.0,724.9600567220896,349.71218533912594
P07T06,Other,643.128,337.453,543.196,576.523,758.687,582.347,8.0,632.1410068056236,317.78295670022203
P07T06,Other,641.115,337.451,545.106,584.326,756.747,586.2,8.0,724.2520164286018,346.65902481435
P07T06,Other,635.346,337.489,543.162,586.231,756.65,586.2,8.0,630.4303275731385,315.5227450056658
P07T06,Other,635.182,337.497,541.218,584.313,745.037,586.198,8.0,721.9836838440303,343.55942704381414
P07T06,Other,633.244,337.49,539.239,578.44,743.051,582.361,8.0,629.2612062621529,312.55414866132367
P07T06,Other,627.436,337.507,533.362,572.565,733.196,584.309,8.0,721.103724283141,341.39490185889895
P07T06,Other,625.443,337.512,527.467,568.658,729.27,584.346,8.0,627.7346773561401,310.12086319848504
P07T06,Other,621.528,337.532,525.58,574.57,727.235,588.187,8.0,721.0764557767102,339.1248314353606
P07T06,Other,619.581,337.578,523.497,568.641,719.494,588.257,8.0,627.2358079696372,308.19041363575326
P07T06,Other,619.5,339.43,521.571,562.755,713.645,592.126,8.0,718.8503018221352,335.6634952673382
P07T06,Other,617.68,339.454,515.726,560.796,713.646,588.247,8.0,626.4078520514481,305.534630070363
P07T06,Other,617.67,339.462,513.793,558.842,713.682,590.207,8.0,717.9789703546967,334.0485466962935
P07T06,Other,619.496,339.449,511.901,556.887,713.695,592.142,8.0,625.4316990087513,302.92946158019765
P07T06,Other,621.615,339.452,519.659,566.692,725.309,598.006,8.0,717.5380938833819,331.43811857142293
P07T06,Other,627.403,341.439,521.628,560.796,727.346,603.869,8.0,623.5113524745099,300.4593372221093
P07T06,Other,633.194,343.367,523.548,554.95,729.362,605.925,8.0,717.1229466853761,329.1318543964092
P07T06,Other,635.167,343.375,529.492,552.987,741.016,603.952,8.0,622.728538668811,299.28807126230345
P07T06,Other,639.157,343.348,539.157,560.83,744.883,607.848,8.0,715.6377162355361,327.6206137325572
P07T06,Other,646.949,347.225,549.071,558.891,746.995,605.899,8.0,621.8509885281178,296.6279385714278
P07T06,Other,648.966,347.24,554.91,560.791,758.605,611.716,8.0,715.6453506076577,326.4443010438597
P07T06,Other,650.962,347.259,558.891,570.521,760.717,609.807,8.0,621.4124629563273,295.84912676898176
P07T06,Other,656.785,349.221,570.503,566.655,764.605,605.883,8.0,715.5076475095997,323.4719594590153
P07T06,Other,660.752,351.084,574.536,562.797,774.282,607.828,8.0,619.6351722407683,292.0188685157517
P07T06,Other,664.601,347.257,562.782,543.219,776.375,609.816,8.0,714.6697420300754,322.79849906498646
P07T06,Other,664.693,339.494,564.726,547.099,778.269,603.903,8.0,619.1189808783729,292.095095752784
P07T06,Other,664.709,339.405,572.623,558.866,776.404,601.963,8.0,714.1122738616626,319.7922573995519
P07T06,Other,664.69,337.508,566.664,554.895,776.303,601.877,8.0,618.6450471068691,288.4929023672322
P07T06,Other,664.621,337.493,568.664,568.674,774.411,601.977,8.0,713.1619485906684,317.99305288498914
P07T06,Other,662.71,337.423,560.809,558.908,772.432,599.943,8.0,618.4292600481616,286.8026767147691
P07T06,Other,660.678,335.592,556.948,570.667,766.493,598.007,8.0,720.4288625496199,313.40753990955363
P07T06,Other,654.829,337.389,554.925,570.558,760.656,596.107,8.0,618.2211585987478,285.79529747295743
P07T06,Other,650.941,335.537,545.147,556.882,756.731,594.136,8.0,719.1793623549988,311.8176350330001
P07T06,Other,648.977,335.558,539.262,552.975,746.909,590.175,8.0,617.9985718845019,284.7869664242805
P07T06,Other,647.007,335.52,539.196,554.981,743.0,592.184,8.0,719.8989796504025,310.6256067907793
P07T06,Other,643.123,335.469,539.182,564.752,733.227,590.201,8.0,617.3184867016276,281.9795103884538
P07T06,Other,639.217,335.508,533.354,552.954,727.36,590.232,8.0,732.8365276279544,308.16819336591567
P07T06,Other,637.24,335.512,537.305,564.724,719.481,598.051,8.0,624.9577712230094,281.02296825327664
P07T06,Other,635.228,335.492,527.471,554.933,713.63,596.043,8.0,753.2295390923713,305.7115613505553
P07T06,Other,633.294,335.533,527.487,556.883,711.574,596.099,8.0,642.5737211743783,281.21674718808333
P07T06,Other,633.203,335.469,527.553,558.84,711.668,594.131,8.0,760.1956259348391,305.03404346912765
P07T06,Other,631.358,335.448,527.536,556.952,713.667,590.174,8.0,655.7026876570726,280.35800722727214
P07T06,Other,631.332,335.401,527.509,558.866,713.73,592.192,8.0,755.0119662905955,303.66476611750386
P07T06,Other,629.338,333.573,527.529,558.897,725.411,590.22,8.0,652.8089839535959,280.4061889947625
P07T06,Other,627.403,335.409,527.535,560.819,727.232,594.127,8.0,646.3362900569894,276.16271047045115
P07T06,Other,625.497,333.516,529.436,568.623,727.355,592.133,8.0,751.649025641629,301.3887745696619
P07T06,Other,623.539,331.583,529.508,566.712,729.212,588.275,8.0,645.8020638586179,274.73607289167364
P07T06,Other,621.625,329.664,527.56,568.618,729.313,588.212,8.0,752.4889408088538,300.2700507601741
P07T06,Other,621.582,331.545,533.345,572.536,729.31,588.229,8.0,647.4470555090135,272.742877583454
P07T06,Other,621.563,331.577,537.224,574.509,729.372,588.243,8.0,753.1387582348973,297.25029330907927
P07T06,Other,621.576,331.601,539.179,572.635,729.369,588.301,8.0,647.0453993988211,270.7756978836109
P07T06,Nose,621.518,333.493,539.272,576.501,729.383,588.287,8.0,751.343563389247,294.7469667673433
P07T06,Other,619.643,333.499,539.218,572.606,729.3,590.239,8.0,644.9462287130315,268.1699431531742
P07T06,Other,619.645,333.486,539.303,574.492,727.233,590.257,8.0,752.8883053297127,293.8221773150692
P07T06,Other,619.645,333.494,539.289,572.612,725.392,592.184,8.0,643.7760874539711,267.65219794206337
P07T06,Other,619.648,333.484,539.294,572.598,725.349,590.264,8.0,752.4355573975357,291.6524090728844
P07T06,Other,619.673,333.502,539.31,572.632,725.324,592.131,8.0,643.4123480718379,266.5218116556463
P07T06,Other,619.685,333.474,539.202,574.503,725.333,590.204,8.0,751.050554678019,290.79656032577924
P07T06,Other,619.649,331.571,539.16,572.637,723.372,590.169,8.0,642.3909453051743,263.95242996987207
P07T06,Other,619.568,331.549,537.24,572.601,719.477,590.255,8.0,749.528857473497,289.24739380648043
P07T06,Other,619.537,331.622,531.403,572.571,719.497,590.175,8.0,641.2597302029782,262.7561026238553
P07T06,Nose,619.52,333.474,529.464,570.568,719.495,590.19,8.0,747.4893858025391,287.46394065019837
P07T06,Other,619.521,333.471,529.435,570.568,721.419,590.251,8.0,640.8983671432476,261.70266426641416
P07T06,Other,619.515,335.526,529.477,568.65,713.711,586.221,8.0,748.2205974293327,287.07146270845584
P07T06,Other,619.595,335.591,537.228,570.57,715.639,586.28,8.0,639.4587188105799,260.5419298975825
P07T06,Other,623.498,337.426,539.245,568.642,715.632,586.237,8.0,747.0703871293799,286.2420107359012
P07T06,Other,625.477,337.462,539.295,560.79,715.653,584.275,8.0,638.4461326877896,259.79121255316574
P07T06,Other,631.278,337.495,541.281,558.892,719.532,582.329,8.0,745.9413363812994,284.9073628984659
P07T06,Other,633.259,335.542,545.136,556.931,725.334,574.528,8.0,636.909832247496,258.88786494120194
P07T06,Other,635.221,331.564,552.967,554.857,727.385,572.527,8.0,744.1260194873416,283.71001758030417
P07T06,Other,639.203,321.881,555.009,551.045,731.333,570.604,8.0,635.3992662315428,257.6210790881933
P07T06,Other,646.956,317.836,558.832,539.275,739.108,556.895,7.0,743.6642418172742,283.1258324185722
P07T06,MidHip,660.684,286.52,570.574,507.895,758.603,527.549,3.0,748.1615053444415,279.14996775464755
P07T06,MidHip,664.546,272.837,572.505,498.154,760.685,517.723,4.0,634.9092397086639,256.14144455556624
P07T06,Other,666.52,261.041,572.634,492.205,768.439,507.977,0.0,745.9017069191812,278.11270400859706
P07T06,LElbow,668.544,249.298,574.597,478.52,772.433,496.162,0.0,633.8765704298683,255.8540434953353
P07T06,MidHip,672.51,243.384,576.475,466.793,774.445,492.196,0.0,631.9731592434557,254.18492946009016
P07T06,LElbow,676.412,239.469,578.475,464.789,776.335,488.355,0.0,744.4227940028907,277.3562140589611
P07T06,LElbow,680.242,237.529,576.504,460.821,780.204,488.317,0.0,630.45567014099,253.76515328792232
P07T06,MidHip,680.381,241.43,574.594,464.806,786.097,478.548,0.0,742.0278317844844,276.1638181220135
P07T06,MidHip,682.208,243.536,574.556,462.798,790.065,476.601,0.0,629.7429623568719,251.8389709710755
P07T06,MidHip,682.336,251.292,572.578,462.872,792.025,478.528,0.0,741.7142827903547,273.8680004291241
P07T06,MidHip,682.311,259.087,564.739,458.928,803.695,482.483,0.0,628.0279025246326,251.1179727877471
P07T06,MidHip,682.311,259.139,558.881,456.992,805.761,478.552,0.0,740.3942444027912,273.0070403821653
P07T06,MidHip,682.271,259.065,554.934,437.368,809.638,462.853,0.0,626.9412096878343,250.12259514934618
P07T06,MidHip,682.324,255.112,552.994,423.684,809.604,460.824,0.0,738.0066466551034,271.99187917060044
P07T06,MidHip,682.199,243.491,554.918,390.398,813.543,417.805,0.0,625.241000113839,249.1510608849517
P07T06,MidHip,680.287,233.647,551.038,370.785,807.688,384.51,0.0,735.9415655014885,271.8425546585273
P07T06,MidHip,678.346,225.705,551.003,329.629,0.0,0.0,1.0,623.461614686779,248.21099517964726
P07T06,LElbow,674.404,212.187,539.331,335.496,784.134,308.099,0.0,734.7322874080228,270.6763185105409
P07T06,MidHip,668.572,206.164,549.032,329.617,774.411,292.393,0.0,732.8441734233709,270.92398254019184
P07T06,MidHip,666.58,194.461,539.235,327.676,764.559,249.314,0.0,620.9366386108845,246.79658466477989
P07T06,MidHip,652.928,163.185,586.237,243.437,789.996,243.446,0.0,732.0818900130473,269.8714396418785
P07T06,MidHip,643.104,153.326,511.838,286.495,776.35,214.067,4.0,619.8682739671814,247.10793951297356
P07T06,MidHip,633.378,147.351,511.9,263.009,772.336,210.081,0.0,729.5977440721892,267.72212489905513
P07T06,MidHip,623.478,133.755,507.898,247.36,772.389,194.433,0.0,618.6299835257801,246.76239684014635
P07T06,MidHip,619.501,120.05,502.014,245.369,774.305,178.787,0.0,729.0860624064126,267.39016491394233
P07T06,MidHip,617.534,108.244,496.135,239.517,778.307,165.078,0.0,617.4928133419742,244.50896325376942
P07T06,MidHip,615.668,90.5835,486.396,225.77,789.996,151.386,0.0,727.5577186609225,267.26001570546896
P07T06,MidHip,607.88,71.053,482.482,196.39,792.009,129.809,4.0,616.7786036783,243.11862139598824
P07T06,MidHip,603.921,55.4612,476.572,176.855,792.039,104.322,3.0,727.150238857188,264.0450552535178
P07T06,MidHip,601.873,53.319,462.944,176.846,794.021,82.7615,4.0,615.4388083508383,243.70276957370058
P07T06,MidHip,598.044,47.4986,451.105,176.85,801.739,71.0835,2.0,726.4159451254598,263.6419548278858
P07T06,MidHip,599.978,43.6147,435.425,176.793,807.704,55.3254,4.0,614.1820538392087,243.53755451911033
P07T06,MidHip,603.832,49.4769,423.646,208.174,823.414,55.4156,4.0,724.6528961990214,262.1352485862939
P07T06,MidHip,604.013,57.2989,404.1,227.776,837.096,82.7999,4.0,613.5683607101244,241.9681008896694
P07T06,MidHip,605.903,67.1474,398.164,255.195,0.0,0.0,9.0,724.9090970109928,261.8789140113362
P07T06,MidHip,607.87,65.1528,382.531,257.118,838.982,168.988,8.0,612.9568755483097,241.08132574155883
P07T06,MidHip,615.659,43.652,368.859,210.075,852.656,208.153,9.0,723.9693075833743,261.3227384419033
P07T06,MidHip,617.654,24.0975,378.614,257.187,729.221,120.06,9.0,613.1508066887977,239.50610066543788
P07T06,MidHip,0.0,0.0,370.776,212.058,886.057,241.509,8.0,723.7755291059871,260.1517754102779
P07T06,MidHip,615.65,4.38577,374.705,243.459,889.943,304.219,8.0,611.3673385945019,238.68197211116112
P07T06,MidHip,617.53,14.1881,0.0,0.0,868.408,261.057,9.0,723.4743083655101,256.26470377662815
P07T06,MidHip,623.5,22.0303,376.682,245.38,864.462,251.283,4.0,612.1440950633624,237.61456840912567
P07T06,MidHip,643.126,24.1317,398.257,272.835,905.609,302.194,6.0,723.4845966103605,256.279550504562
P07T06,MidHip,664.623,24.1313,576.478,180.7,917.37,310.053,8.0,611.1744051463212,235.85666327618307
P07T06,MidHip,682.245,26.0277,462.861,259.098,929.127,315.896,5.0,722.75337970438,255.4628056849934
P07T06,MidHip,699.961,35.744,500.088,288.404,946.773,366.856,5.0,611.7158680345859,234.62731798323034
P07T06,MidHip,721.489,49.437,509.871,310.056,980.056,370.792,7.0,723.6458689042238,253.7439058029226
P07T06,MidHip,743.082,72.9563,525.492,341.382,1009.43,400.152,6.0,609.9611786614232,232.83793884549428
P07T06,MidHip,760.661,104.337,545.126,384.487,1025.13,445.253,4.0,722.998615587708,251.95877051350143
P07T06,MidHip,774.41,137.621,554.94,419.743,1031.03,490.293,4.0,610.173469630805,232.43622802093626
P07T06,MidHip,776.406,168.979,588.23,476.59,1034.91,529.475,4.0,609.2791639564616,231.69006706747084
P07T06,MidHip,774.43,149.471,617.628,462.887,1019.26,515.754,4.0,724.822337667518,252.15439825595288
P07T06,MidHip,760.578,133.649,576.478,445.213,1009.43,507.907,6.0,724.6997325078778,250.6593046215702
P07T06,MidHip,744.946,123.951,543.186,429.591,997.704,492.235,7.0,610.0035816395058,230.89317616374063
P07T06,MidHip,729.403,118.138,574.499,429.547,1013.39,474.604,8.0,721.6245515084603,248.76870885347265
P07T06,MidHip,727.3,118.053,566.687,415.77,1027.07,466.754,8.0,609.4585068410806,229.2599683094179
P07T06,MidHip,717.589,120.063,552.962,417.862,993.749,419.744,8.0,721.7810180547556,246.91955649510658
P07T06,MidHip,713.732,131.84,554.94,433.511,993.724,404.113,8.0,609.0402539642391,228.17919327441612
P07T06,MidHip,725.341,147.361,572.627,462.901,1007.44,413.821,9.0,721.3533209913755,246.80460846269565
P07T06,MidHip,743.034,163.019,541.21,468.736,0.0,0.0,10.0,608.801873475162,226.39664311616994
P07T06,MidHip,760.57,167.045,594.133,490.262,0.0,0.0,10.0,721.3349683580977,244.65301216185557
P07T06,MidHip,772.435,165.144,592.145,486.383,1064.3,613.681,9.0,607.8524725209035,224.81906351540064
P07T06,MidHip,797.87,163.056,611.748,476.533,1040.84,496.207,9.0,722.7613438560093,243.97529186202487
P07T06,MidHip,795.959,149.491,603.912,464.822,1040.81,507.878,9.0,607.3883262138337,224.35435446757137
P07T06,MidHip,793.937,135.713,554.928,429.533,1023.16,478.55,9.0,721.6763026776196,241.68134175447577
P07T06,MidHip,793.925,120.015,556.95,415.877,1005.51,478.541,9.0,607.5493361077953,223.4965270777635
P07T06,MidHip,793.942,102.47,556.837,407.988,999.69,490.235,9.0,720.1365760097244,240.10200369638966
P07T06,MidHip,803.778,90.6368,615.635,421.709,1007.52,503.996,4.0,607.179531048103,222.1657238213347
P07T06,MidHip,809.646,73.0595,562.805,372.712,1029.07,494.199,8.0,719.9740018445643,239.08042642064672
P07T06,MidHip,809.63,51.4584,556.923,343.352,1042.78,453.082,9.0,607.1697505831721,220.96115894573674
P07T06,MidHip,807.586,33.8104,619.562,345.288,1064.29,404.122,5.0,720.5413204505746,237.4904161543918
P07T06,MidHip,805.757,24.079,621.551,335.468,1021.19,325.734,6.0,606.5261690779737,218.8442290487815
P07T06,MidHip,817.43,24.0747,635.264,321.769,1103.44,388.397,6.0,720.1703920815662,234.30747358283637
P07T06,MidHip,0.0,0.0,635.245,317.909,1119.1,253.243,7.0,606.7318851472776,217.45461663903373
P07T06,MidHip,831.14,5.35561,652.888,304.223,0.0,0.0,9.0,720.476002499621,232.32734797401972
P07T06,MidHip,825.308,5.36221,654.841,300.258,0.0,0.0,8.0,607.0911363673214,215.81809540076972
P07T06,MidHip,852.646,5.35482,774.301,270.845,1089.79,498.119,11.0,720.193791555495,229.8612554615532
P07T06,MidHip,917.419,22.0494,658.775,335.463,1087.86,521.604,7.0,606.4522745131128,213.8873178071042
P07T06,LElbow,966.402,39.6918,835.072,308.059,1060.38,601.954,9.0,719.0266455415181,227.34704109546175
P07T06,MidHip,1009.42,53.4636,752.819,296.309,993.819,650.989,8.0,605.808926265335,211.05451618554832
P07T06,LElbow,1032.95,70.9704,742.991,302.181,931.101,654.877,9.0,720.3750138057896,224.76358587218633
P07T06,LElbow,1025.11,78.8828,842.942,288.448,854.646,682.242,6.0,605.3763518826097,210.15705705816143
P07T06,MidHip,993.863,84.7531,0.0,0.0,842.913,666.632,10.0,717.3269414826792,221.40985932255197
P07T06,MidHip,970.25,100.419,770.435,364.906,872.344,650.916,5.0,605.3636346749549,207.74961091357895
P07T06,LElbow,915.388,118.077,668.574,398.153,919.308,594.108,4.0,717.7586768751839,220.13443220836902
P07T06,LElbow,899.804,131.76,668.563,413.937,944.775,560.792,4.0,605.5926528726893,204.95965627595353
P07T06,MidHip,876.223,137.606,664.621,417.831,962.367,545.138,4.0,721.2076478571034,221.03602929620172
P07T06,MidHip,846.874,141.569,666.599,413.946,972.25,519.661,8.0,606.0234842501148,206.04715250754018
P07T06,MidHip,833.103,139.566,662.651,400.226,978.071,496.168,8.0,734.5063540746223,235.0133086221284
P07T06,MidHip,821.41,135.674,670.521,398.16,976.152,480.525,4.0,617.2818072590046,218.22989462566963
P07T06,MidHip,821.332,139.579,676.387,400.192,980.062,476.568,4.0,742.7185776830403,247.3547978634717
P07T06,MidHip,813.526,143.496,668.61,400.166,983.971,476.577,4.0,628.7118245267685,234.57618932452468
P07T06,MidHip,811.604,145.47,666.587,400.194,991.798,507.909,4.0,631.8129302607966,241.60895288801123
P07T06,MidHip,817.408,147.477,666.559,404.064,995.733,505.958,4.0,737.8767814551115,254.58544934787872
P07T06,MidHip,819.411,151.39,654.866,407.971,987.923,478.502,8.0,630.5631520313639,243.2435317674518
P07T06,MidHip,839.043,172.903,662.653,431.476,1040.75,564.726,4.0,738.1583728571823,255.5502616939439
P07T06,MidHip,852.758,178.717,660.726,435.418,1056.41,568.618,5.0,627.8109581040814,237.95890739163494
P07T06,MidHip,854.736,170.924,664.586,445.182,1068.18,582.344,8.0,736.160251085136,251.53423813101745
P07T06,MidHip,858.645,165.098,664.628,443.229,1066.25,480.501,4.0,626.9046009991266,232.37740225741007
P07T06,MidHip,862.551,153.301,662.701,441.276,1074.12,500.089,4.0,736.5676578006307,247.422463487685
P07T06,MidHip,856.653,149.473,650.932,443.223,1064.34,492.181,5.0,626.0011429262082,231.42283668878156
P07T06,MidHip,846.824,145.43,635.266,445.15,1072.08,468.721,5.0,737.7293969425809,244.74835251355054
P07T06,LElbow,838.971,145.489,617.612,460.969,997.707,615.639,5.0,625.6942675474729,229.56848617502706
P07T06,MidHip,835.069,147.418,609.78,478.567,1146.59,537.253,10.0,737.9945947478762,242.78714886892683
P07T06,MidHip,821.403,147.429,582.34,494.194,0.0,0.0,11.0,624.8166057200231,227.5898166482407
P07T06,MidHip,807.609,149.394,570.602,509.846,0.0,0.0,11.0,737.5788627639628,239.63401053437667
P07T06,MidHip,827.292,149.399,527.486,492.253,0.0,0.0,10.0,625.0780233062069,224.57695561565143
P07T06,MidHip,821.456,149.397,509.94,494.197,0.0,0.0,13.0,737.1816395678159,237.54099450881264
P07T06,MidHip,819.358,147.384,511.864,494.167,0.0,0.0,11.0,623.4283343119209,222.63246880193424
P07T06,MidHip,823.286,147.354,551.005,511.81,0.0,0.0,12.0,736.5376733679794,235.14841539349973
P07T06,MidHip,835.107,143.516,560.82,500.071,0.0,0.0,12.0,622.7719805795733,219.4862176848735
P07T06,MidHip,852.686,133.707,611.734,492.281,1070.17,633.294,13.0,736.9290844109912,232.31426593725328
P07T06,MidHip,854.65,123.896,623.525,478.479,1025.1,621.585,10.0,621.6320934591248,217.31649507783212
P07T06,MidHip,829.249,116.068,601.977,451.093,995.709,568.634,10.0,735.1473790259519,230.0113421237505
P07T06,MidHip,805.779,122.009,609.786,449.156,0.0,0.0,12.0,620.7639854114437,215.79525180318555
P07T06,MidHip,811.581,147.35,613.725,435.422,0.0,0.0,10.0,736.0206486223497,228.26992245412484
P07T06,MidHip,807.597,143.468,601.917,402.174,1056.44,478.549,8.0,734.9222425740545,224.92652982365587
P07T06,MidHip,797.846,137.626,605.859,400.207,1042.74,494.225,8.0,620.3177764264128,213.46336135147106
P07T06,MidHip,795.891,143.498,601.992,404.104,1070.15,482.464,9.0,735.6933879609949,223.81056946899903
P07T06,MidHip,807.615,153.311,613.713,417.83,0.0,0.0,9.0,620.8110143436656,211.58737544724343
P07T06,MidHip,825.365,168.983,633.268,445.158,1085.85,588.245,9.0,735.3301268853978,221.11687907327928
P07T06,MidHip,854.718,184.641,643.093,472.621,0.0,0.0,11.0,620.0443719063023,209.76803072136698
P07T06,MidHip,889.932,198.348,652.902,494.219,1156.38,654.84,10.0,735.4717988868229,219.9420930972772
P07T06,MidHip,931.143,210.19,713.626,545.15,0.0,0.0,12.0,619.0169255571949,208.1207804420217
P07T06,MidHip,948.7,167.04,576.487,464.838,1025.12,662.674,9.0,733.607919155764,217.523285550039
P07T06,MidHip,946.669,147.504,586.262,431.566,0.0,0.0,11.0,619.0212230395903,206.38363195924487
P07T06,MidHip,931.012,133.743,594.095,433.445,0.0,0.0,12.0,733.5565165164161,214.66540437565052
P07T06,MidHip,935.056,143.531,603.931,486.373,0.0,0.0,10.0,617.7653623095719,204.2106564276548
P07T06,Neck,932.996,167.022,503.999,513.811,972.218,680.314,13.0,733.6576921513523,213.45617089545203
P07T06,MidHip,913.446,163.136,617.606,582.351,989.873,660.728,10.0,616.7881516258557,202.61145155209564
P07T06,MidHip,915.319,131.797,0.0,0.0,0.0,0.0,13.0,733.7344311710874,212.09944774573475
P07T06,MidHip,925.18,98.4335,0.0,0.0,1087.8,449.14,14.0,617.2139719264262,201.6362427091476
P07T06,MidHip,932.978,71.0992,0.0,0.0,1115.26,429.578,8.0,617.3457733276838,200.87938837350632
P07T06,MidHip,933.102,69.0659,0.0,0.0,0.0,0.0,11.0,733.8103931927142,210.7445836478792
P07T06,MidHip,927.137,71.0339,645.067,427.565,956.559,415.77,11.0,732.0814322940112,208.95884394434128
P07T06,MidHip,909.565,80.8388,637.233,425.62,1101.54,517.716,5.0,616.9715100770942,198.70369015691392
P07T06,MidHip,884.147,90.5932,596.075,370.814,1058.43,535.33,4.0,733.3689985731187,215.5160972506459
P07T06,MidHip,846.833,90.6284,594.126,349.24,913.452,496.157,8.0,617.0858951345598,197.81356735315902
P07T06,MidHip,835.037,104.308,598.026,321.886,903.681,439.363,4.0,733.3455158351411,213.57945480682812
P07T06,MidHip,807.749,96.5164,556.889,292.394,935.011,468.719,4.0,616.9311325689457,196.2936171322065
P07T06,MidHip,791.912,70.9655,562.769,268.914,1042.76,274.862,8.0,732.3563073900721,204.43951555296226
P07T06,MidHip,807.579,49.4664,590.234,245.389,1042.76,366.886,10.0,617.6775888636726,195.724755432921
P07T06,MidHip,836.984,39.7747,590.219,243.446,0.0,0.0,12.0,732.4955397532982,203.69399685364982
P07T06,MidHip,854.672,68.9817,603.934,286.535,0.0,0.0,6.0,617.089472480541,195.4294346253797
P07T06,MidHip,854.627,114.07,533.396,382.528,1136.8,319.785,8.0,732.3629792354952,202.9016053493826
P07T06,MidHip,850.709,157.215,617.574,433.499,1027.08,464.804,6.0,617.139210265659,195.06478710323975
P07T06,MidHip,838.998,165.024,613.702,451.068,1013.38,523.642,8.0,740.5506687223883,200.5403932509396
P07T06,MidHip,823.411,168.967,596.073,462.813,1003.58,603.941,8.0,616.8986258451763,195.08233548535563
P07T06,MidHip,823.326,196.337,601.986,478.588,1089.75,629.372,9.0,732.775526071578,204.01686283794928
P07T06,MidHip,837.01,223.831,617.624,492.217,1081.94,588.281,10.0,616.2746651656694,195.36210483184288
P07T06,Neck,850.735,243.371,731.292,592.201,1158.34,607.828,10.0,733.4345833293462,202.2670861844059
P07T06,Neck,868.386,245.45,664.629,543.17,1209.28,592.136,11.0,616.9062668700714,195.15193400898212
P07T06,Other,899.722,257.085,601.912,558.845,1228.88,572.614,11.0,734.5804356209912,208.80503823166444
P07T06,Other,1021.23,304.177,0.0,0.0,0.0,0.0,14.0,616.7694371510715,195.4605829652595
P07T06,Other,1072.22,319.811,0.0,0.0,0.0,0.0,16.0,734.5625114632298,206.89777647671576
P07T06,Other,1128.95,357.099,0.0,0.0,0.0,0.0,18.0,615.840809083123,195.4241203490514
P07T06,Other,1166.24,402.086,0.0,0.0,0.0,0.0,17.0,733.3832785905918,204.04387273843474
P07T06,Other,1183.74,384.497,0.0,0.0,0.0,0.0,18.0,616.1403604895839,196.04787461874093
P07T06,Other,1199.52,386.507,0.0,0.0,0.0,0.0,18.0,732.9128334396407,203.76890380247661
P07T06,Other,1240.64,386.424,0.0,0.0,0.0,0.0,17.0,615.6633177773837,195.63761549402042
P07T06,Other,1230.79,386.467,745.015,484.406,0.0,0.0,16.0,733.1110845681109,203.5402876995638
P07T06,Other,1187.78,353.169,0.0,0.0,0.0,0.0,18.0,615.4999210803979,195.51914753703338
P07T06,Other,1136.75,347.247,0.0,0.0,0.0,0.0,17.0,732.3175406782575,203.17623848222607
P07T06,Other,1078.03,337.458,637.247,411.918,0.0,0.0,16.0,615.7046855390173,195.43898448233838
P07T06,Other,1011.39,319.813,0.0,0.0,0.0,0.0,17.0,733.5122185480188,209.7145016279277
P07T06,Neck,854.617,304.209,0.0,0.0,1152.47,492.261,14.0,614.5203179497262,195.62268181936716
P07T06,Neck,827.296,263.059,492.181,715.618,1168.14,521.612,13.0,733.4722373301703,207.90064290370256
P07T06,Other,772.354,294.397,431.432,715.609,1091.71,635.318,10.0,614.3425779535461,194.71526955880984
P07T06,Nose,750.859,298.278,429.582,688.129,1070.2,621.536,10.0,733.5221528353272,206.72437927134678
P07T06,Other,742.921,288.549,437.402,658.737,1046.69,590.234,10.0,613.400548203747,193.8092338219378
P07T06,Neck,744.923,282.617,462.901,607.811,1023.17,551.0,10.0,731.0787169165758,202.2403394129434
P07T06,Neck,752.83,259.074,480.488,556.888,1011.4,500.084,10.0,612.637111366884,193.6374223777648
P07T06,Neck,758.775,229.701,535.359,525.558,1027.06,505.904,10.0,729.903071140043,200.9351977139647
P07T06,MidHip,768.508,212.14,543.221,502.033,1056.38,431.515,10.0,612.6598503109899,193.222497067194
P07T06,Neck,776.223,210.206,523.634,500.074,1060.41,404.098,9.0,729.1747663674678,200.28249577812232
P07T06,Neck,786.069,219.903,492.229,490.291,1144.63,464.808,10.0,611.2275636945146,191.78765090197592
P07T06,Neck,793.997,235.612,478.547,498.135,1078.03,600.0,10.0,727.6410615928503,199.23992639540302
P07T06,Neck,817.427,266.966,478.573,519.7,0.0,0.0,11.0,610.3755334939209,191.15721463404824
P07T06,Neck,823.321,300.207,494.263,572.57,1181.84,603.902,10.0,726.0025484997848,198.61759687533345
P07T06,Neck,821.289,321.881,449.179,570.604,1172.07,678.352,10.0,609.0530570814257,190.29789525725337
P07T06,Neck,825.31,392.305,464.829,621.557,0.0,0.0,15.0,726.0884268949137,197.34753808693108
P07T06,Other,835.122,476.592,447.204,680.314,0.0,0.0,15.0,608.6768603258083,189.3063829520984
P07T06,Neck,756.712,429.518,423.684,664.647,0.0,0.0,14.0,727.135021345965,204.0074943507523
P07T06,Neck,774.412,431.456,0.0,0.0,0.0,0.0,16.0,606.8203144075711,188.7121488185828
P07T06,Other,858.621,466.766,0.0,0.0,0.0,0.0,16.0,726.9982497641649,202.22030408145338
P07T06,Other,848.823,441.265,507.962,643.092,0.0,0.0,15.0,606.7207662199893,188.83273507982491
P07T06,Other,803.729,398.124,480.504,588.219,0.0,0.0,14.0,726.9517408867505,201.0818360918541
P07T06,Neck,760.724,347.261,437.399,549.051,827.249,715.591,10.0,605.0963483631471,189.23245879700653
P07T06,Neck,745.011,306.108,427.573,531.435,862.502,650.942,10.0,726.9042780792574,199.94011124257045
P07T06,Neck,762.6,294.359,445.226,523.556,974.148,578.456,10.0,603.972343865358,189.30396368786091
P07T06,LElbow,788.101,306.119,425.618,588.237,1029.05,594.122,10.0,726.8559083785761,198.79627893390006
P07T06,Neck,803.669,304.192,443.233,570.607,1072.16,574.558,10.0,603.3213314154325,188.65729672447426
P07T06,MidHip,784.166,290.463,451.129,572.567,1078.0,613.696,10.0,726.806421262892,197.6454731762386
P07T06,MidHip,778.272,310.084,478.609,599.951,0.0,0.0,11.0,602.3936770172761,189.61377509598054
P07T06,Other,791.919,335.461,507.956,605.908,0.0,0.0,12.0,722.2320050102983,200.97997353894485
P07T06,Other,811.582,335.453,529.444,586.235,0.0,0.0,11.0,603.1652171122025,188.94440638937596
P07T06,Neck,837.092,323.754,554.9,556.865,1148.57,635.26,10.0,723.6078427426619,207.39138252643284
P07T06,Neck,850.685,319.754,570.591,541.157,1185.76,619.582,10.0,602.0773911624169,188.6533411342478
P07T06,Neck,846.85,319.848,511.83,541.187,1201.45,615.677,10.0,601.4853517573621,187.86304876867928
P07T06,Other,839.098,331.553,507.948,523.605,1264.15,715.601,10.0,723.372994808399,205.23265156732202
P07T06,Other,821.447,355.165,525.557,537.322,1148.54,692.082,10.0,601.2969146048657,187.01789855299114
P07T06,Neck,821.467,359.055,529.473,554.894,1146.57,605.855,13.0,723.2755369399564,204.21970428543077
P07T06,Neck,838.964,368.779,556.88,558.906,1136.77,656.789,13.0,601.2064554633713,185.27954976092565
P07T06,Neck,852.713,360.945,599.985,570.668,1193.6,619.645,13.0,723.1781070247255,203.21639439862125
P07T06,Neck,899.666,382.572,600.004,572.57,1260.2,660.752,13.0,601.0550510844155,183.76955444678768
P07T06,Other,944.799,388.437,0.0,0.0,0.0,0.0,15.0,723.0785137887544,202.20014772723104
P07T06,Neck,915.422,355.078,574.569,519.665,0.0,0.0,13.0,723.0281044401187,201.68927340546298
P07T06,Neck,842.894,366.865,519.65,558.854,0.0,0.0,14.0,601.0200029710493,183.47316514951706
P07T06,Other,790.023,388.404,496.183,588.249,1219.1,697.939,13.0,722.9283327884366,200.68488718845583
P07T06,Neck,705.77,382.591,439.343,619.559,0.0,0.0,14.0,601.6121111319947,182.98724180819946
P07T06,Other,613.705,345.326,447.197,647.027,0.0,0.0,15.0,722.8254275036145,199.6581010495044
P07T06,Other,554.837,323.767,445.21,664.634,0.0,0.0,15.0,601.2728643719399,182.70112490857312
P07T06,Other,323.794,380.533,249.287,701.868,0.0,0.0,16.0,601.8063916784668,181.97753720488998
P07T06,Other,239.528,435.421,0.0,0.0,0.0,0.0,17.0,720.169898898905,197.76385323347642
P07T06,Other,216.014,431.511,0.0,0.0,525.539,694.008,15.0,602.0427828886309,182.41523171401104
P07T06,Other,178.859,417.808,0.0,0.0,0.0,0.0,16.0,720.2227915846386,196.75928263065987
P07T06,Other,129.755,466.745,0.0,0.0,0.0,0.0,16.0,602.110450270743,183.57605626243807
P07T06,Other,104.403,476.584,0.0,0.0,0.0,0.0,17.0,720.0712746724666,195.72860706208164
P07T06,Other,100.408,462.9,0.0,0.0,0.0,0.0,17.0,600.8112806084259,183.2728931264592
P07T06,Other,102.438,451.132,0.0,0.0,0.0,0.0,17.0,729.1621601236794,201.61013852081922
P07T06,Other,114.109,431.598,0.0,0.0,0.0,0.0,18.0,600.3472819937508,183.42545730734244
P07T06,Other,71.0565,413.848,0.0,0.0,0.0,0.0,17.0,728.3606825898348,200.07799443686625
P07T06,Other,53.4415,415.883,0.0,0.0,0.0,0.0,17.0,600.5274609299381,183.77788474903804
P07T06,Other,39.707,407.978,0.0,0.0,0.0,0.0,17.0,720.190909497528,200.07954926778558
P07T06,Other,41.6187,368.801,0.0,0.0,0.0,0.0,17.0,598.790722859596,184.7132803662969
P07T06,Other,121.989,302.137,0.0,0.0,0.0,0.0,16.0,720.7230348748628,199.05693134185677
P07T06,Other,131.829,257.105,0.0,0.0,0.0,0.0,16.0,598.634490134513,184.0904242598001
P07T06,LElbow,125.863,227.824,0.0,0.0,0.0,0.0,16.0,720.5801043726491,198.1089222469094
P07T06,LElbow,116.023,253.235,0.0,0.0,0.0,0.0,16.0,597.1988506596427,184.64065552580942
P07T06,LElbow,112.156,278.705,0.0,0.0,0.0,0.0,14.0,715.4183612825555,198.01215703198238
P07T06,MidHip,133.795,311.993,0.0,0.0,0.0,0.0,13.0,595.3248055238386,184.7338804438498
P07T06,Other,178.825,355.098,243.403,715.592,0.0,0.0,13.0,715.6263065007711,197.00737776206338
P07T06,Other,225.707,382.501,0.0,0.0,0.0,0.0,16.0,594.1795400845913,184.3608361420947
P07T06,Other,265.016,402.139,0.0,0.0,0.0,0.0,17.0,716.5403562515746,203.93271006433304
P07T06,Other,323.737,413.933,0.0,0.0,899.724,695.976,15.0,716.2506749487851,202.4355189505693
P07T06,Other,364.869,417.802,0.0,0.0,0.0,0.0,17.0,593.5870621980771,184.03991401489304
P07T06,Other,447.191,413.912,0.0,0.0,0.0,0.0,17.0,716.0505867170261,201.58095044059914
P07T06,Other,541.265,411.893,0.0,0.0,0.0,0.0,17.0,592.7661144037949,184.00114037002666
P07T06,Neck,592.152,345.334,0.0,0.0,0.0,0.0,16.0,715.8491187377215,200.72542521543505
P07T06,Neck,648.968,339.402,370.819,680.348,0.0,0.0,15.0,591.2618530781442,184.5773460678619
P07T06,Neck,684.244,370.753,0.0,0.0,0.0,0.0,16.0,715.6481029606125,199.87665029823447
P07T06,Neck,746.962,396.196,0.0,0.0,0.0,0.0,16.0,589.1956424479263,184.9979538220372
P07T06,Other,774.419,474.555,0.0,0.0,0.0,0.0,17.0,707.3090282369694,200.0201222649782
P07T06,Other,788.033,554.973,0.0,0.0,0.0,0.0,18.0,588.878563027065,184.38917253821566
P07T06,Other,760.698,599.939,0.0,0.0,0.0,0.0,17.0,707.6748551249532,199.0937295474828
P07T06,Other,729.307,599.948,0.0,0.0,0.0,0.0,17.0,587.9138030658324,184.8353915784994
P07T06,Other,725.333,564.701,0.0,0.0,0.0,0.0,17.0,707.3620779010498,198.2410576502746
P07T06,Other,695.928,511.871,0.0,0.0,0.0,0.0,17.0,586.9592219130371,185.3923078653145
P07T06,Neck,692.044,464.851,0.0,0.0,0.0,0.0,17.0,708.1936666974455,205.2711938238759
P07T06,Neck,838.995,331.608,0.0,0.0,0.0,0.0,16.0,586.1069920186053,184.98961087025805
P07T06,Neck,872.368,357.098,0.0,0.0,0.0,0.0,16.0,707.7973018588048,203.85971574012513
P07T06,Other,905.642,384.505,0.0,0.0,0.0,0.0,17.0,586.4270739818355,185.81034065693208
P07T06,Other,944.78,415.879,0.0,0.0,0.0,0.0,17.0,707.4958965699154,203.10575142473192
P07T06,Other,995.803,460.951,0.0,0.0,0.0,0.0,17.0,585.4913787140036,184.62124769356
P07T06,Other,1056.43,505.912,0.0,0.0,0.0,0.0,17.0,707.1897840160154,202.34379591133754
P07T06,Other,1097.63,543.182,0.0,0.0,0.0,0.0,18.0,585.0137822654826,185.15150164149443
P07T06,Other,1087.83,621.569,0.0,0.0,0.0,0.0,19.0,706.8890649311878,201.59891110801473
P07T06,Other,1027.07,680.351,0.0,0.0,0.0,0.0,18.0,584.7977597155652,184.40197211386746
P07T06,Other,nan,nan,nan,nan,nan,nan,nan,706.5806915986753,200.83875113203547
P07T06,Other,903.644,684.222,0.0,0.0,0.0,0.0,20.0,585.0221800028968,185.0523140374594
P07T06,Other,874.318,715.626,0.0,0.0,0.0,0.0,21.0,706.2690940533607,200.0743646978159
P07T06,Other,864.445,715.622,0.0,0.0,0.0,0.0,21.0,585.1831786502855,184.77495777747504
P07T06,Other,790.065,682.245,0.0,0.0,0.0,0.0,20.0,705.9579193296472,199.31468169587853
P07T06,Other,750.831,652.941,0.0,0.0,0.0,0.0,20.0,584.4771222526547,185.532990891067
P07T06,Other,748.882,635.264,0.0,0.0,0.0,0.0,21.0,705.6433212581048,198.55029910953644
P07T06,Other,741.066,607.846,0.0,0.0,0.0,0.0,19.0,584.4552606923362,184.91945855055155
P07T06,Other,805.626,588.249,0.0,0.0,0.0,0.0,19.0,705.331679122489,197.79666102078184
P07T06,Other,848.805,582.352,0.0,0.0,0.0,0.0,17.0,583.7473266126021,184.2148178024945
P07T06,Other,856.671,547.094,0.0,0.0,0.0,0.0,17.0,705.0115431020548,197.02610937557503
P07T06,Other,876.21,511.831,0.0,0.0,0.0,0.0,16.0,583.9551794219759,183.54645121758983
P07T06,Other,909.537,478.57,0.0,0.0,0.0,0.0,16.0,704.6931219377484,196.2632681108121
P07T06,Other,944.778,472.644,0.0,0.0,0.0,0.0,16.0,582.4290335077761,184.1396124798355
P07T06,Other,978.045,478.558,0.0,0.0,0.0,0.0,16.0,704.369432539079,195.4914042808786
P07T06,Other,999.629,507.836,0.0,0.0,0.0,0.0,16.0,582.3656714209317,183.3366264005554
P07T06,Other,1007.51,507.867,0.0,0.0,0.0,0.0,16.0,704.0479944665378,194.7284373394517
P07T06,Other,1019.22,507.863,650.969,590.177,0.0,0.0,15.0,582.3510485840133,183.69172371055424
P07T06,Other,1042.8,478.503,0.0,0.0,0.0,0.0,16.0,703.7239902650099,193.96287679852932
P07T06,Other,1074.16,462.8,725.349,605.874,0.0,0.0,15.0,582.3213851848383,182.9084219573746
P07T06,Other,1080.01,445.186,0.0,0.0,0.0,0.0,16.0,703.3940433269362,193.18682171927253
P07T06,Other,1117.21,447.145,0.0,0.0,0.0,0.0,17.0,581.2080274732056,182.16268752651774
P07T06,Other,1119.09,492.193,0.0,0.0,0.0,0.0,17.0,703.0675758115467,192.42241370083477
P07T06,Other,1115.24,458.915,819.382,715.591,0.0,0.0,16.0,579.9165093413555,181.6206191244238
P07T06,Other,1150.56,423.692,821.404,697.969,0.0,0.0,16.0,702.7340126897907,191.64488962875382
P07T06,Other,1150.44,427.621,807.607,715.593,0.0,0.0,16.0,579.5928776661256,181.21245459567137
P07T06,Other,1134.78,447.23,0.0,0.0,0.0,0.0,18.0,702.4039560702981,190.87896106276006
P07T06,Other,1119.17,451.089,882.081,715.599,0.0,0.0,16.0,577.64499341256,181.08425881517962
P07T06,Other,1085.79,474.645,878.174,715.599,0.0,0.0,16.0,693.8967138668252,191.1057012200267
P07T06,Other,1042.72,474.548,0.0,0.0,0.0,0.0,17.0,585.3634873372661,188.26029963133234
P07T06,Other,335.508,5.35329,310.038,57.3307,345.271,69.0117,1.0,694.1471296790078,190.29536332551118
P07T06,Other,353.175,31.8209,335.498,112.183,355.152,112.156,0.0,576.5507635711318,181.5957391449091
P07T06,Other,917.311,494.217,692.104,715.615,0.0,0.0,16.0,693.6990873674456,189.5336259915954
P07T06,Other,929.079,494.192,0.0,0.0,0.0,0.0,17.0,584.8011709461566,189.3228696324144
P07T06,Other,280.677,49.4451,255.189,116.088,304.1,133.713,0.0,693.248651275437,188.77103096811186
P07T06,Other,304.06,33.7808,247.342,118.08,323.748,100.418,0.0,575.6827582675236,181.49056741865078
P07T06,LElbow,331.587,24.0685,310.05,86.7328,349.211,90.6644,0.0,693.9670687787677,195.85800860648223
P07T06,Other,0.0,0.0,345.301,84.7244,380.535,72.9977,1.0,575.9145987413584,189.3707165806059
P07T06,Other,0.0,0.0,0.0,0.0,0.0,0.0,12.0,693.4290110768252,194.53807650430755
P07T06,LElbow,0.0,0.0,421.738,45.5813,476.587,37.7671,5.0,574.3473971315921,181.86730737616995
P07T06,Other,98.4612,5.34592,86.6298,29.9073,106.292,92.583,0.0,692.9881997381485,193.87214730463927
P07T06,Other,0.0,0.0,517.739,49.4307,552.933,37.8099,5.0,573.3941153253252,182.4622922892754
P07T06,Other,0.0,0.0,570.619,23.9527,0.0,0.0,9.0,692.5409154655728,193.1994857301229
P07T06,Other,nan,nan,nan,nan,nan,nan,nan,572.4704156757075,181.9424766990959
P07T06,Other,nan,nan,nan,nan,nan,nan,nan,692.0979681351241,192.53632421955675
P07T06,Other,0.0,0.0,0.0,0.0,0.0,0.0,20.0,571.8814345730317,182.26679493861636
P07T06,Other,0.0,0.0,0.0,0.0,0.0,0.0,20.0,691.6469535074572,191.8640831874926
P07T06,Other,0.0,0.0,0.0,0.0,0.0,0.0,20.0,571.512487108199,181.88146123377373
P07T06,Other,0.0,0.0,0.0,0.0,0.0,0.0,21.0,691.1927096455802,191.1900408506946
P07T06,Other,nan,nan,nan,nan,nan,nan,nan,572.2427857721547,181.46845082125935
P07T06,Other,nan,nan,nan,nan,nan,nan,nan,690.7405788686074,190.52209046651694
P07T06,Other,nan,nan,nan,nan,nan,nan,nan,570.631068763911,182.73938320638203
P07T06,Other,nan,nan,nan,nan,nan,nan,nan,690.2816410649414,189.84705505242846
P07T06,Other,nan,nan,nan,nan,nan,nan,nan,570.1217897983197,182.49300392302504
P07T06,Other,nan,nan,nan,nan,nan,nan,nan,689.8222746587976,189.17434227461527
P07T06,Other,nan,nan,nan,nan,nan,nan,nan,569.724100260467,183.8593809194393
P07T06,Other,nan,nan,nan,nan,nan,nan,nan,570.3867357743756,182.1818922955349
P07T06,Other,nan,nan,nan,nan,nan,nan,nan,689.1292909923104,188.1650057552736
P07T06,Other,nan,nan,nan,nan,nan,nan,nan,569.190478899159,182.07888371076172
P07T06,Other,nan,nan,nan,nan,nan,nan,nan,689.8429422751093,195.3385319040074
P07T06,Other,nan,nan,nan,nan,nan,nan,nan,569.1252743940728,182.81502327988665
P07T06,Other,nan,nan,nan,nan,nan,nan,nan,689.2924977759892,194.1125641479864
P07T06,Other,nan,nan,nan,nan,nan,nan,nan,568.5746381200951,190.1156253130173
P07T06,Other,nan,nan,nan,nan,nan,nan,nan,688.8364811185963,193.53513833219787
P07T06,Other,nan,nan,nan,nan,nan,nan,nan,569.5870076491942,184.13400994802024
P07T06,Other,nan,nan,nan,nan,nan,nan,nan,688.3798283277422,192.95969049370726
P07T06,Other,482.433,288.522,0.0,0.0,0.0,0.0,17.0,569.1899945609443,184.07223635239836
P07T06,Other,478.578,294.387,0.0,0.0,0.0,0.0,17.0,687.9250379698126,192.38931791357606
P07T06,Other,nan,nan,nan,nan,nan,nan,nan,568.5994130183533,183.05661914747344
P07T06,Other,nan,nan,nan,nan,nan,nan,nan,687.45916960773,191.80783423067075
P07T06,Other,nan,nan,nan,nan,nan,nan,nan,568.8711601157421,184.09102076600462
P07T06,Other,nan,nan,nan,nan,nan,nan,nan,686.996902197616,191.23358846592387
P07T06,Other,nan,nan,nan,nan,nan,nan,nan,569.1940005939118,184.54346700171723
P07T06,Other,nan,nan,nan,nan,nan,nan,nan,686.5319622140322,190.65873972754935
P07T06,Other,nan,nan,nan,nan,nan,nan,nan,568.5869302439487,184.81389242122103
P07T06,Other,nan,nan,nan,nan,nan,nan,nan,686.0656348818939,190.08487395892527
P07T06,Other,nan,nan,nan,nan,nan,nan,nan,568.8505272166158,185.10860134816173
P07T06,Other,nan,nan,nan,nan,nan,nan,nan,686.778859468004,197.35686374484104
P07T06,Other,nan,nan,nan,nan,nan,nan,nan,569.9481090681351,185.57472050741546
P07T06,Other,nan,nan,nan,nan,nan,nan,nan,686.2214133014156,196.22463828572248
P07T06,Other,nan,nan,nan,nan,nan,nan,nan,569.0304567355082,185.57584940352646
P07T06,Other,nan,nan,nan,nan,nan,nan,nan,685.7621748539066,195.74555554695883
P07T06,Other,nan,nan,nan,nan,nan,nan,nan,569.936689116892,185.98616622818966
P07T06,Other,nan,nan,nan,nan,nan,nan,nan,685.2983192813211,195.26427321584706
P07T06,Other,nan,nan,nan,nan,nan,nan,nan,570.0925750210635,185.7250666165946
P07T06,Other,0.0,0.0,0.0,0.0,0.0,0.0,20.0,684.8374867661742,194.78869577764647
P07T06,Other,nan,nan,nan,nan,nan,nan,nan,575.2971904071098,189.20941964785038
