P07T23,Other,701.86,284.56,601.903,478.551,770.396,476.478,8.0,771.504699738128,269.11221650331447
P07T23,Other,696.07,284.576,601.877,482.441,760.712,478.553,8.0,760.3534874829505,268.45237300583153
P07T23,Other,693.975,286.457,588.205,476.496,760.706,476.517,8.0,771.2547779307276,269.06309581104455
P07T23,Other,684.3,280.679,588.248,476.544,758.607,476.525,8.0,759.1974728843732,268.3760646909599
P07T23,Other,680.336,278.684,586.235,474.627,746.906,478.589,8.0,771.7462345671935,269.3323620352426
P07T23,Other,674.459,276.698,574.597,466.792,743.062,478.565,8.0,758.5258403649943,267.73286262014994
P07T23,Other,668.586,274.8,572.641,464.797,743.048,476.632,8.0,771.6487649573505,270.08181750247155
P07T23,Other,664.552,274.771,568.572,460.82,735.2,478.492,8.0,757.3279567953982,267.3890234929474
P07T23,Other,656.819,274.749,558.879,456.998,729.313,478.578,8.0,770.3443675215615,269.2493057956117
P07T23,Other,652.941,272.893,556.865,455.007,727.407,476.631,8.0,756.858483220984,266.73932572629917
P07T23,Other,650.875,272.865,550.973,447.267,725.366,476.638,8.0,757.2596739720632,270.2643825077061
P07T23,Other,648.934,272.756,549.043,447.27,719.481,476.603,8.0,755.6662225346564,266.44875279526207
P07T23,Other,647.035,270.888,554.834,464.828,713.717,474.563,6.0,755.1170368930091,269.5394638378492
P07T23,Other,644.997,270.867,547.074,462.814,711.607,478.466,7.0,754.6230370732799,265.60860996757435
P07T23,Other,641.1,268.924,543.168,458.925,699.939,478.572,6.0,755.0832923717733,269.72376923078315
P07T23,Other,639.173,266.916,539.315,458.921,699.911,478.471,7.0,753.8325028264467,265.34966819115334
P07T23,Other,635.339,266.908,541.195,462.82,699.889,480.484,5.0,754.7208763912863,269.4106549447028
P07T23,Other,635.26,266.954,533.362,447.199,699.895,478.496,5.0,752.6852110619307,264.4523769257133
P07T23,Other,633.373,266.938,535.31,447.25,697.891,476.59,5.0,752.6460968921185,269.48862119871364
P07T23,Other,633.218,263.03,535.31,449.143,697.948,474.609,5.0,750.509414891035,265.18196862572006
P07T23,Other,627.435,263.041,533.356,447.195,697.926,476.508,5.0,752.7752329700293,269.18390925686117
P07T23,Other,623.553,261.06,529.447,447.152,693.966,474.547,5.0,750.1593026013462,264.8445866697001
P07T23,Other,619.629,259.177,527.512,447.165,688.139,470.683,7.0,751.9670096777851,268.5428563556908
P07T23,Other,617.65,259.19,527.485,447.158,688.123,468.702,6.0,748.9410227554772,265.1395881288915
P07T23,Other,613.734,259.118,523.623,447.161,697.975,464.817,5.0,752.0058618914188,269.0720418308129
P07T23,Other,609.758,259.119,521.633,445.186,692.078,466.755,5.0,748.3662789078053,265.6631231028716
P07T23,Other,684.292,259.048,460.864,429.519,903.719,447.287,8.0,750.3526801812193,268.8199054046212
P07T23,Other,693.984,259.088,466.754,431.618,909.531,453.049,8.0,747.3264752974076,264.87371210778474
P07T23,Other,696.061,259.172,480.47,443.188,907.545,460.886,8.0,749.2772381350312,269.44665405321996
P07T23,Other,697.989,259.135,480.498,449.124,897.791,462.85,8.0,746.0047990373279,265.780009424748
P07T23,Other,701.867,259.196,502.035,460.844,886.028,466.782,8.0,749.2447174371028,269.7215529985175
P07T23,Other,703.867,261.055,527.523,462.824,868.335,466.808,8.0,746.0956171431485,265.52695876781854
P07T23,Other,707.743,261.13,545.124,462.835,872.328,478.563,8.0,748.9256092069113,269.4855650033546
P07T23,Other,709.743,263.026,594.124,464.799,827.247,472.626,8.0,745.3290254992193,265.9617074570954
P07T23,Other,711.678,263.064,617.595,413.888,791.978,476.607,8.0,748.9764496929783,269.2079797691942
P07T23,Other,711.749,264.973,674.469,447.125,758.646,449.189,8.0,745.1856337721874,265.8964969214543
P07T23,Other,713.654,263.042,678.354,441.311,739.095,447.226,8.0,747.7268156601237,269.7747878792163
P07T23,Other,713.741,263.023,682.252,449.153,745.045,451.108,8.0,744.1908930668135,265.7253787497384
P07T23,Other,713.731,263.039,688.149,457.01,752.82,468.76,8.0,747.1735180855396,269.62388624091477
P07T23,Other,715.548,265.019,654.845,462.874,760.702,478.546,8.0,744.1616899633635,265.72907865858326
P07T23,Other,715.62,270.814,645.057,476.588,762.62,507.904,8.0,747.4244876269515,269.52842004029606
P07T23,Other,717.505,272.746,635.307,490.264,791.944,515.762,8.0,742.847311050517,265.83479495587903
P07T23,Other,717.523,272.827,637.268,537.243,809.658,523.538,8.0,745.9969652509803,269.21154227076147
P07T23,Other,717.514,272.888,619.543,525.574,821.42,541.294,8.0,742.4301856804104,265.1353073465422
P07T23,Other,713.57,272.738,586.216,535.333,850.71,537.252,8.0,745.1494927829457,268.4319969028315
P07T23,Other,711.693,272.776,572.594,535.365,852.713,531.404,5.0,742.7677098852516,266.284028025303
P07T23,LKnee,711.561,272.797,564.742,519.658,856.627,513.827,5.0,745.131956916407,269.4044627199547
P07T23,Other,707.724,272.787,551.036,492.244,856.69,494.285,8.0,741.2225542090378,265.52692372447353
P07T23,Other,699.905,274.694,554.875,492.23,856.705,492.283,8.0,744.0720363334513,269.33005033248844
P07T23,Other,696.03,274.849,549.073,494.153,841.008,484.408,7.0,741.0663404010222,264.70427168388045
P07T23,Other,690.14,276.751,547.133,496.162,839.082,488.318,7.0,744.1219676964406,268.61964187357114
P07T23,Other,682.285,278.732,545.179,496.161,835.099,478.488,8.0,740.0979754390235,265.4761557748709
P07T23,Other,678.322,286.537,545.115,498.117,819.375,480.503,7.0,743.8538188427108,268.35432258732044
P07T23,RKnee,662.65,290.424,539.302,505.97,809.598,509.892,8.0,740.5155142525297,266.3086029712689
P07T23,Other,650.968,292.397,537.337,507.879,799.851,509.842,8.0,743.6195905390769,269.42520451055634
P07T23,Other,646.937,298.315,537.269,511.898,782.18,523.631,7.0,739.403049362892,264.829457844684
P07T23,Other,635.281,302.19,539.143,539.226,774.311,531.415,7.0,742.5898847511645,268.5757318819467
P07T23,LKnee,631.359,304.247,537.325,541.217,754.769,539.237,6.0,738.8147273246045,265.5553587517921
P07T23,Other,623.484,306.138,539.177,545.145,729.403,554.848,6.0,743.4945916867905,268.5015995024883
P07T23,Other,619.498,308.086,537.296,539.255,713.546,543.158,6.0,738.2368421689238,265.68398259092504
P07T23,Other,615.596,306.21,537.27,539.212,690.134,545.146,6.0,743.2797082208854,269.853579795855
P07T23,Other,609.756,306.113,533.396,535.323,680.358,533.391,6.0,737.7326889747478,264.95233792561186
P07T23,Other,603.998,304.223,529.501,527.538,660.744,537.315,4.0,742.3747427369063,269.3117395309241
P07T23,Other,601.977,302.194,527.531,517.708,635.232,523.61,4.0,736.9079538245423,265.5741862305556
P07T23,Other,600.008,302.168,527.501,517.734,633.314,513.762,4.0,741.7064714786562,269.1408972278836
P07T23,Other,597.994,300.262,525.635,521.603,633.259,509.867,3.0,736.2484850516767,265.79957468534786
P07T23,Other,590.245,302.187,523.665,523.651,635.269,517.67,3.0,740.70138028477,270.1079432961963
P07T23,Other,588.308,304.066,523.604,535.349,650.847,529.463,4.0,735.601169227401,265.0565693652984
P07T23,Other,588.268,302.236,521.65,535.317,656.81,533.371,3.0,734.612969644679,265.52417013599626
P07T23,Other,588.247,302.199,517.739,529.503,678.395,523.541,4.0,739.8205061052865,269.2500791481067
P07T23,Other,588.22,302.151,513.776,525.609,682.272,531.423,4.0,734.3014354405592,265.5806709192066
P07T23,Other,588.239,302.143,511.825,525.557,697.905,527.511,5.0,740.330418524125,269.5696825418257
P07T23,Other,588.294,300.213,509.941,523.623,713.568,521.598,4.0,733.9455439907944,265.5444582799641
P07T23,Other,588.294,298.256,507.974,519.625,723.443,527.478,8.0,738.0474918101014,268.7520551495228
P07T23,Other,590.171,296.348,507.879,519.627,729.322,521.663,8.0,733.2440334864325,265.05826405093853
P07T23,Other,592.168,298.267,507.805,519.63,743.003,513.791,8.0,737.5066166977637,268.872386308036
P07T23,Other,596.096,300.25,505.978,521.567,745.028,511.862,8.0,731.7915523924233,265.0911744830916
P07T23,Other,601.865,302.206,505.942,521.628,746.918,519.692,4.0,737.3145302009323,268.0113811995387
P07T23,Other,602.022,302.218,505.977,523.56,746.951,521.582,4.0,731.8092813041992,265.0395500040211
P07T23,Other,603.933,302.166,507.895,531.392,756.659,515.77,4.0,735.7333047673427,268.8563623011792
P07T23,Other,607.88,298.291,509.824,535.373,750.872,521.559,6.0,730.6635054527326,265.02257253185417
P07T23,Other,615.678,300.215,511.815,537.238,754.736,523.527,6.0,735.7798075273067,268.99072044475446
P07T23,Other,619.493,294.343,515.731,535.33,746.917,525.582,6.0,730.1288739305337,265.1604198868416
P07T23,Other,621.62,290.521,523.573,543.245,754.722,525.553,6.0,735.270563339152,268.4620439543137
P07T23,Other,631.29,290.544,525.58,539.205,746.933,539.241,7.0,729.4480587885091,265.27947544764424
P07T23,Other,635.195,290.433,535.331,541.258,750.832,539.178,7.0,735.1393504741252,270.3011384997923
P07T23,Other,639.2,290.382,539.179,541.203,762.66,525.564,8.0,728.7787755359399,265.14806883257137
P07T23,Other,646.987,290.373,541.286,556.835,758.588,541.206,8.0,734.1360465004725,269.9175197701074
P07T23,Other,650.845,290.446,547.093,556.922,772.397,541.284,8.0,728.1001740222425,265.1977302096162
P07T23,Other,652.849,290.381,552.944,556.965,764.6,554.967,8.0,733.938274528128,269.803880631708
P07T23,Other,658.742,290.431,552.969,556.961,774.245,558.855,8.0,727.3880648295392,265.90563240508084
P07T23,Other,662.683,290.39,554.879,560.805,776.373,556.968,8.0,733.2690078924288,270.3439049977919
P07T23,Other,664.617,290.427,554.902,562.767,780.28,556.888,8.0,726.8819657200534,266.3052398075686
P07T23,Other,666.522,288.555,554.893,560.839,788.096,558.842,8.0,732.3971713201722,270.2211272321762
P07T23,Other,666.686,288.493,554.855,558.911,791.923,558.838,8.0,726.106206849453,266.3521191575547
P07T23,Other,670.535,288.558,552.97,570.56,793.913,560.815,8.0,732.6342492444533,269.8240706836201
P07T23,Other,676.433,288.512,552.994,570.557,793.945,564.698,8.0,725.3303550577043,266.74349032711774
P07T23,Other,678.389,288.484,551.023,568.602,794.021,564.738,8.0,731.5282170308071,270.4390491479285
P07T23,Other,680.261,288.542,539.343,580.416,792.026,572.548,8.0,724.8814341364267,266.8211273039785
P07T23,Other,680.25,290.397,539.191,582.323,790.1,572.616,8.0,730.9040895644443,270.56759770196953
P07T23,Other,678.366,290.457,535.328,584.269,790.038,574.553,9.0,724.7880191048514,266.785290867336
P07T23,Other,674.471,290.5,525.651,586.337,788.078,572.643,8.0,730.8617743579534,270.26687912539927
P07T23,Other,670.541,290.545,523.674,586.298,778.328,580.4,10.0,724.0022768560557,267.0416519715564
P07T23,Other,666.634,290.52,523.533,590.198,776.345,578.411,10.0,729.6728515999627,270.89026156401354
P07T23,Other,664.702,292.463,519.66,590.219,776.321,578.438,10.0,724.2106061391971,267.1688264302605
P07T23,Other,662.646,292.384,511.891,601.922,774.291,584.339,10.0,728.3321669555662,271.11964004173376
P07T23,Other,654.898,292.45,509.914,603.956,766.539,586.202,10.0,723.4050486275453,267.3886989954709
P07T23,Other,635.221,290.551,494.164,619.539,746.911,590.185,10.0,727.9312082396,270.9277576514858
P07T23,Other,625.473,292.396,490.275,621.588,742.984,594.086,10.0,722.5053536297553,267.21097805204624
P07T23,Other,619.688,290.549,484.414,619.56,741.042,598.035,10.0,728.7824200728268,271.46506862254336
P07T23,Other,619.52,292.424,480.504,617.565,740.992,599.989,10.0,721.80381064368,267.6160731555404
P07T23,Other,617.673,294.403,478.62,617.622,742.902,601.885,10.0,727.8662975648408,270.6824529066029
P07T23,Other,617.669,296.365,478.603,619.569,743.061,598.019,10.0,721.284002247344,267.01130045273203
P07T23,Other,619.508,296.305,480.449,619.64,746.925,599.953,10.0,727.234317074629,271.013636432207
P07T23,Other,619.619,294.403,480.479,617.586,752.803,599.929,10.0,720.6828035054241,267.3995292583641
P07T23,Other,621.553,294.344,480.546,619.522,758.593,598.023,10.0,727.39108521245,271.34160585526325
P07T23,Other,623.545,292.471,486.376,617.654,760.671,599.945,10.0,719.8350834311273,267.81093705081844
P07T23,Other,631.259,296.293,492.177,619.642,768.511,600.022,10.0,726.5946762697785,272.3676841730422
P07T23,Other,633.38,296.316,492.327,617.672,774.395,600.024,10.0,726.589383786196,272.13774083087316
P07T23,Other,637.275,294.372,494.225,617.632,776.337,601.995,10.0,718.5416815356483,267.2332811854039
P07T23,Other,646.984,298.273,505.898,613.693,778.303,601.984,10.0,726.1469479904836,272.46762061802053
P07T23,Other,649.059,296.341,507.944,605.882,786.117,601.904,10.0,718.3640402277922,266.43110912029306
P07T23,Other,654.891,298.305,513.8,607.84,789.93,601.881,10.0,726.2069304472037,272.709017473819
P07T23,Other,664.643,304.062,523.639,603.876,792.09,600.005,10.0,718.5517675014598,267.9457529994419
P07T23,Other,670.527,304.133,535.308,598.061,797.862,596.059,10.0,725.85365741428,271.9018815696832
P07T23,Other,686.171,300.224,556.983,586.205,807.727,586.198,8.0,717.9224635515864,267.21483385033383
P07T23,Other,690.141,300.211,562.75,576.459,809.699,574.568,9.0,725.7901319090251,272.0059142351936
P07T23,Other,695.976,290.53,568.631,568.674,811.553,570.526,8.0,717.74289809995,267.08240114326793
P07T23,Other,696.064,290.393,564.707,566.645,809.688,566.708,8.0,725.3929525817375,272.5804666066333
P07T23,Other,696.039,288.535,556.937,560.82,807.77,558.841,8.0,717.9709532948073,267.2138852484995
P07T23,Other,688.163,288.391,550.963,547.096,801.743,556.823,8.0,724.1274070408758,272.20404724595
P07T23,Other,678.36,288.445,547.134,549.071,789.941,554.891,8.0,716.9925985391957,266.9219438928593
P07T23,Other,670.496,286.56,543.223,541.265,780.248,550.993,8.0,724.9912420160424,272.74564603454024
P07T23,Other,654.873,284.57,541.292,539.244,768.457,550.976,8.0,716.8628954821207,266.98534523658134
P07T23,Other,648.935,288.383,541.25,539.27,758.714,543.235,8.0,724.8474191441151,273.128099176547
P07T23,Other,639.221,288.482,541.144,541.238,754.797,541.301,8.0,716.6364288929914,266.52979380842845
P07T23,Other,623.487,290.46,535.356,541.186,742.951,533.403,8.0,725.5331619593405,271.78334790463003
P07T23,Other,617.547,292.389,527.555,539.289,723.383,541.247,8.0,716.083118546606,267.1573800138573
P07T23,Other,607.822,292.393,525.581,549.041,711.602,541.205,7.0,723.9454752095337,271.7989663053478
P07T23,Other,601.978,294.39,519.667,539.284,697.961,543.18,6.0,716.8936915486577,267.5466029986971
P07T23,Other,598.059,292.447,511.818,539.217,697.91,539.28,6.0,724.5518232776128,272.5119563740227
P07T23,Other,592.158,290.543,507.846,537.252,694.01,533.404,6.0,716.1733552411584,266.893660470334
P07T23,Other,588.224,290.478,502.008,537.326,684.197,535.366,7.0,723.4811516919119,272.67657727876417
P07T23,Other,586.297,290.406,494.232,527.534,682.263,533.404,6.0,716.1127885396046,267.176831112632
P07T23,Other,584.291,288.555,492.311,525.578,682.295,535.348,5.0,723.6128439007157,273.02967297366024
P07T23,Other,582.315,288.534,490.234,523.639,686.187,537.321,5.0,716.1479635705598,267.28174246629027
P07T23,Other,578.467,290.366,482.494,523.586,686.245,539.269,5.0,723.7512881655772,274.0509771309729
P07T23,Other,576.456,290.364,480.48,523.514,692.054,537.316,4.0,716.044597375608,267.8185894980849
P07T23,Other,572.677,290.396,478.617,521.621,692.088,537.318,4.0,723.1363827395446,273.86939638107236
P07T23,Other,572.573,290.402,478.593,523.554,694.011,539.231,7.0,715.2912043904857,267.85133083466144
P07T23,Other,572.519,290.418,478.592,525.495,694.055,541.178,7.0,722.9943123312032,273.2938508085141
P07T23,Other,570.679,290.425,480.452,525.58,695.915,539.217,6.0,715.3412270954461,268.2355160798577
P07T23,Other,570.652,290.433,482.416,525.584,696.03,535.338,6.0,724.1556295578025,273.7149470885096
P07T23,Other,570.68,290.393,490.24,529.437,697.864,529.503,8.0,715.0889186526911,268.1285587259613
P07T23,Other,572.489,290.39,492.241,537.254,697.865,531.394,8.0,722.871051100729,273.23681271547923
P07T23,Other,572.548,290.417,494.294,539.178,697.933,525.553,8.0,715.7332624271414,268.88528330633926
P07T23,Other,572.602,290.465,498.137,539.291,699.951,525.611,8.0,723.3757292717586,273.92495635567
P07T23,Other,574.605,290.533,507.891,541.167,701.857,537.236,8.0,715.9223346199025,268.7076348293031
P07T23,Other,580.393,292.441,509.942,543.155,703.816,539.267,8.0,722.4769783796644,274.3473415696569
P07T23,Other,586.192,298.279,511.888,539.185,709.67,541.184,8.0,715.6136469352409,269.17182504328935
P07T23,Other,588.18,300.223,515.748,539.232,711.615,541.231,8.0,722.1269695585033,274.36979738834987
P07T23,Other,592.135,298.297,521.644,541.232,711.723,543.199,8.0,715.2864608585182,269.30001135556216
P07T23,Other,600.032,302.213,525.502,551.024,717.532,554.861,8.0,722.4646423817295,274.2266796191553
P07T23,Other,603.999,302.14,525.645,549.077,725.343,554.899,8.0,715.0368643939773,269.5599034033058
P07T23,Other,617.544,302.132,529.495,552.937,729.381,556.922,8.0,721.8752740886447,274.4269979170983
P07T23,LKnee,621.619,294.408,537.226,553.005,741.083,556.882,8.0,714.5139834779984,269.87253754062885
P07T23,Other,633.249,296.316,537.341,554.979,744.951,558.879,8.0,722.3010217440183,275.3390309380806
P07T23,Other,637.199,292.43,539.228,556.924,750.835,556.909,8.0,714.723529583084,270.9372457828317
P07T23,Other,645.085,292.381,541.148,556.877,758.676,556.89,8.0,722.6002623157966,274.81332724279787
P07T23,Other,650.84,292.391,541.25,560.807,762.616,554.976,8.0,714.6348770489674,270.60808669600374
P07T23,Other,654.836,290.552,541.287,556.954,772.361,554.95,8.0,722.257433187492,275.19194072225395
P07T23,Other,658.793,292.371,543.257,558.886,776.423,556.877,8.0,714.3226116577217,270.2585968449052
P07T23,Other,664.571,292.388,549.085,556.921,788.003,556.865,8.0,722.6177609936806,275.69281807629284
P07T23,Other,666.562,292.393,554.835,556.917,792.085,556.958,8.0,714.998836117476,270.0313583599105
P07T23,Other,670.548,292.375,556.849,560.824,805.595,560.784,8.0,722.4347801177578,276.5095218800198
P07T23,Other,676.367,292.385,556.992,558.842,807.665,564.741,8.0,713.2719314424676,269.93184153113066
P07T23,Other,680.232,290.472,562.766,562.749,811.596,558.853,8.0,721.9306939292705,276.2157625642773
P07T23,LElbow,680.33,290.38,564.761,560.818,817.484,560.816,8.0,713.0425573536868,270.85150078812825
P07T23,MidHip,680.384,288.44,568.577,558.878,819.441,560.811,8.0,722.559125098689,276.4776929368911
P07T23,Other,682.211,286.502,566.7,560.825,821.376,562.754,8.0,713.5242374860413,271.4437792891069
P07T23,Other,682.244,284.594,568.575,556.915,821.336,558.852,8.0,720.4590818830334,277.64844930592164
P07T23,Other,682.215,284.587,566.691,554.857,821.29,556.977,8.0,713.0137716490301,271.92595354306195
P07T23,Other,680.399,286.536,564.729,554.961,817.446,556.935,8.0,720.5754694323425,277.8091421783929
P07T23,Other,680.253,288.522,564.737,552.927,811.604,554.848,8.0,710.6415786909693,271.4117322308566
P07T23,Other,676.423,290.474,560.803,545.164,807.592,552.965,8.0,720.211692436045,278.17221454665724
P07T23,Other,666.548,290.519,556.963,543.205,801.796,539.187,8.0,710.8155182544638,271.1732828535377
P07T23,Other,660.758,288.43,556.824,537.295,791.98,525.57,8.0,720.6076016119529,277.85656991769423
P07T23,Other,651.031,276.751,552.99,521.638,786.11,519.676,7.0,710.2761144158078,271.61198564378293
P07T23,Other,649.013,268.903,547.132,507.926,776.3,507.849,8.0,720.0776291681366,278.4834122550333
P07T23,LElbow,646.945,255.224,545.153,503.977,774.358,496.168,8.0,710.115750878855,272.46518317136196
P07T23,LElbow,641.104,241.532,539.281,492.177,772.352,488.307,8.0,719.7696491483628,277.72707545726183
P07T23,LElbow,627.384,204.222,517.674,445.217,776.247,478.515,1.0,710.2511641070112,272.32257750809595
P07T23,LElbow,625.453,194.377,511.798,439.334,788.024,480.504,7.0,709.605001718837,272.5162454898111
P07T23,MidHip,625.493,194.36,505.955,443.212,795.875,492.211,8.0,720.0951383714337,277.99409410159427
P07T23,MidHip,621.603,182.779,494.211,415.911,807.637,490.258,6.0,709.5541875327104,272.21057951287924
P07T23,MidHip,619.609,167.088,492.258,384.511,815.49,466.774,4.0,719.7416060655794,278.12546865385787
P07T23,MidHip,617.667,151.41,478.54,355.128,823.301,413.846,4.0,709.0996143687378,272.1322114272929
P07T23,MidHip,617.586,143.471,474.622,349.221,840.96,398.196,4.0,719.857309919713,278.2129916911462
P07T23,MidHip,619.524,133.73,476.494,327.657,817.478,357.064,4.0,709.5961831262496,272.2855897114642
P07T23,MidHip,621.508,125.906,507.836,259.156,795.912,298.291,4.0,720.1912065456158,278.89160165197524
P07T23,MidHip,633.386,114.135,492.251,272.772,811.596,290.521,4.0,708.8766951021084,272.37549659610283
P07T23,MidHip,641.145,108.271,472.633,331.586,815.51,302.154,8.0,719.2821873196535,278.62039989742146
P07T23,MidHip,652.875,104.298,0.0,0.0,0.0,0.0,10.0,709.184904388088,272.3194053093016
P07T23,MidHip,666.605,98.4838,541.238,243.395,833.105,274.807,8.0,719.4683933358872,278.4756073447836
P07T23,MidHip,682.292,88.6939,580.41,212.151,850.78,270.825,4.0,709.3911709259296,272.5411321185403
P07T23,MidHip,697.904,86.7038,594.141,212.059,852.67,245.411,8.0,719.7884570685442,278.32167391674795
P07T23,MidHip,711.749,84.6959,601.929,231.715,888.036,308.125,8.0,708.8617762032374,272.59316015948946
P07T23,MidHip,727.394,74.9581,554.864,304.165,909.55,319.777,7.0,719.2248597321541,278.55008162724255
P07T23,MidHip,743.01,71.0545,621.567,243.486,919.318,311.984,7.0,708.6369487763798,272.00064115837444
P07T23,MidHip,754.726,69.1416,652.858,212.104,917.442,237.563,3.0,717.661831020811,278.6812395263362
P07T23,MidHip,758.677,73.0008,666.557,210.091,921.321,247.35,4.0,708.6231052233882,272.4495462198922
P07T23,MidHip,758.671,84.6406,670.514,223.813,932.986,247.348,4.0,719.1369152801365,278.8602857263585
P07T23,MidHip,750.813,90.6561,643.081,259.146,944.801,319.789,4.0,708.7637520405437,271.77648887233806
P07T23,MidHip,750.862,98.4812,664.634,257.068,958.478,321.826,4.0,718.5273524536651,278.73329444526365
P07T23,MidHip,758.76,96.4607,670.548,255.149,0.0,0.0,5.0,708.0800342532573,271.8835306809459
P07T23,MidHip,770.422,98.3863,654.868,268.926,960.399,335.512,4.0,717.1914393021068,279.3957531538993
P07T23,MidHip,774.328,100.406,670.53,270.816,962.504,351.244,4.0,708.0061744175159,271.6499754250262
P07T23,MidHip,776.424,114.08,668.548,294.342,950.697,355.126,4.0,717.9127963279191,278.34916636855786
P07T23,LElbow,789.966,125.907,656.82,321.748,964.436,388.397,4.0,708.0641003007893,271.3136431830254
P07T23,MidHip,801.807,147.416,680.358,321.833,0.0,0.0,5.0,718.4900449617444,278.62329480167205
P07T23,MidHip,817.47,192.51,696.047,382.486,1009.48,429.53,4.0,708.2099442601291,272.3092537320403
P07T23,MidHip,819.377,208.171,707.716,462.864,1025.09,413.894,6.0,717.5625625103064,278.13885902616374
P07T23,MidHip,827.243,223.846,697.959,476.578,1027.07,564.713,7.0,708.0939095298224,272.1088087113563
P07T23,Neck,838.944,227.773,709.684,456.995,1056.44,550.996,9.0,717.5235406419383,277.106241613954
P07T23,Neck,854.661,225.728,684.262,474.61,0.0,0.0,10.0,707.7505823591084,271.790585948231
P07T23,Neck,868.371,208.116,717.551,445.193,1103.54,445.281,9.0,717.8422892376442,278.33559199257587
P07T23,LElbow,874.288,176.812,621.532,460.9,1144.6,525.522,5.0,708.5197984760946,271.0157988119949
P07T23,LElbow,886.066,147.468,650.907,476.556,0.0,0.0,11.0,717.1848466548606,277.97030815215714
P07T23,MidHip,907.61,133.81,662.666,482.463,1154.44,425.626,10.0,707.8098099541063,270.13870958573574
P07T23,Neck,933.007,133.747,617.612,451.107,0.0,0.0,11.0,717.3992137103779,277.7175026889798
P07T23,Neck,950.662,133.796,664.646,462.811,0.0,0.0,11.0,707.3121102510518,269.90633495181197
P07T23,LElbow,972.22,135.695,656.821,455.023,0.0,0.0,11.0,717.1340312727243,277.1630093403228
P07T23,Neck,985.963,147.355,694.04,462.8,0.0,0.0,11.0,707.5829652020334,270.2410108652134
P07T23,Neck,993.718,159.179,709.708,476.634,1209.28,415.839,10.0,716.2826460886903,276.5075325306183
P07T23,Neck,980.014,163.059,731.272,480.526,1074.1,478.541,10.0,716.0632761905467,276.9329025535129
P07T23,Neck,962.5,161.111,739.071,484.422,1089.79,594.138,10.0,707.3245480132753,269.739624518049
P07T23,MidHip,962.385,163.044,739.093,492.187,1130.91,682.275,10.0,716.7779308783673,276.210586746438
P07T23,Neck,956.523,157.258,739.098,484.424,1162.25,680.356,10.0,707.5497277030978,269.774360022878
P07T23,Neck,946.753,147.475,727.365,470.715,0.0,0.0,11.0,716.9699628435772,276.69603006080564
P07T23,MidHip,931.008,133.772,666.646,437.409,0.0,0.0,9.0,707.5532720688238,270.07520613768816
P07T23,MidHip,909.559,129.768,650.949,417.854,0.0,0.0,10.0,716.7366353176606,276.7338612851707
P07T23,Neck,886.126,125.851,650.949,417.788,0.0,0.0,11.0,707.3475354230554,269.698289387884
P07T23,Neck,886.128,116.108,637.209,413.849,0.0,0.0,10.0,716.6362225268292,275.9205129722401
P07T23,MidHip,878.19,106.334,623.5,415.785,0.0,0.0,11.0,708.0279099165865,270.11671484988983
P07T23,MidHip,854.751,104.364,627.389,427.56,0.0,0.0,10.0,717.4960145199473,277.09247070685274
P07T23,MidHip,836.952,112.145,605.864,423.704,0.0,0.0,10.0,708.134028788897,269.0291504737762
P07T23,MidHip,821.299,114.126,625.441,429.555,1181.85,413.844,9.0,718.0515035650931,276.8003238354245
P07T23,MidHip,807.73,108.251,619.567,425.586,0.0,0.0,10.0,708.4882455359842,267.91250301497
P07T23,MidHip,805.741,102.371,635.223,425.652,1162.27,384.476,9.0,717.3964879854079,275.75493964994723
P07T23,MidHip,805.612,100.429,641.117,427.558,1223.0,388.403,5.0,708.7201691234325,268.1118700804269
P07T23,MidHip,803.683,98.4731,635.232,427.577,1177.95,366.904,4.0,713.7560379600535,274.21858430267065
P07T23,MidHip,791.991,96.4703,643.107,429.467,1201.45,366.818,4.0,705.9154227713924,268.68477847559853
P07T23,Neck,784.171,88.6344,631.308,439.353,1230.82,433.443,5.0,704.7991444771754,275.80071298037143
P07T23,Neck,789.998,84.7398,633.288,443.289,0.0,0.0,5.0,693.6317588251445,265.3422190299542
P07T23,Neck,790.06,71.0477,617.635,429.501,0.0,0.0,5.0,703.1040233390174,275.457621917761
P07T23,Neck,792.015,57.3697,627.414,433.519,0.0,0.0,5.0,689.8460021239957,266.11832445540335
P07T23,MidHip,801.804,69.0948,641.134,445.272,1011.45,605.883,9.0,706.0684209329763,274.60405890590755
P07T23,Neck,825.284,73.0515,654.838,443.288,0.0,0.0,11.0,694.5531863287849,267.9646003717338
P07T23,MidHip,833.13,61.2128,639.16,413.866,0.0,0.0,11.0,706.5054060126402,274.93997415290244
P07T23,LElbow,795.909,43.6127,645.046,402.098,0.0,0.0,6.0,696.6492965212299,266.5543112880279
P07T23,MidHip,758.758,57.2976,601.974,404.072,0.0,0.0,7.0,706.2021771901192,274.52955933633405
P07T23,Neck,756.69,88.6841,586.253,419.755,790.065,715.606,8.0,696.2810387628424,266.798120606185
P07T23,LElbow,760.629,116.067,574.519,433.524,837.069,682.286,5.0,706.0943667950587,274.9171448429335
P07T23,LElbow,774.252,125.857,588.219,462.89,905.618,664.594,5.0,696.1911626702872,267.3903067224077
P07T23,LElbow,774.326,121.992,584.322,460.832,954.616,643.093,9.0,705.7516263853803,273.71922664256005
P07T23,LElbow,778.313,120.006,588.22,449.138,989.868,627.419,5.0,696.4023932759455,266.20405667729904
P07T23,Neck,795.903,118.085,601.99,447.226,1029.07,648.966,7.0,706.4368282425241,274.5861221780803
P07T23,Neck,819.359,118.041,615.645,445.196,1091.78,603.96,9.0,696.4004468881417,266.0540693078725
P07T23,Neck,838.964,117.986,621.556,447.169,1140.73,635.266,10.0,706.1725401010807,274.80531299146855
P07T23,MidHip,868.338,120.029,633.304,458.897,1062.33,590.17,12.0,696.6803306937117,266.48761096241196
P07T23,Neck,893.873,123.947,637.265,453.036,1062.38,607.85,11.0,706.6631957072946,273.5977930295005
P07T23,Neck,901.617,123.894,645.067,449.173,0.0,0.0,12.0,696.679768543032,266.691438790108
P07T23,MidHip,901.797,127.834,647.007,447.188,0.0,0.0,11.0,707.0502510973835,273.7519520992904
P07T23,Neck,909.509,137.642,666.593,437.374,0.0,0.0,6.0,697.2895500254028,266.4012345124874
P07T23,Neck,903.645,257.172,645.074,464.816,933.086,678.347,5.0,706.0887596948467,274.73997395844043
P07T23,LElbow,819.411,272.775,680.337,511.885,964.432,576.488,5.0,697.2662804342906,266.1257347023042
P07T23,LElbow,831.147,264.99,680.36,505.938,993.792,539.288,5.0,707.1028885990806,273.15215235476705
P07T23,LElbow,831.148,257.196,692.061,496.132,1013.38,539.294,6.0,697.4212729065181,266.4925500566206
P07T23,Neck,836.963,272.899,697.938,523.558,1040.74,527.546,11.0,706.9880054056442,274.07216468874697
P07T23,Neck,839.056,272.895,701.864,519.641,1085.86,494.26,10.0,696.6916894324726,265.57297865504034
P07T23,Neck,837.032,264.999,697.978,511.849,1054.52,441.299,10.0,705.9969179678169,273.64647259065066
P07T23,Neck,835.091,253.256,711.698,502.008,1070.13,449.151,10.0,697.027609331966,266.699273574236
P07T23,Neck,840.934,255.112,739.063,505.965,1093.68,492.264,10.0,706.778168475891,273.1804250975903
P07T23,Neck,870.387,282.646,715.602,558.868,1103.53,552.985,11.0,696.9212887335674,265.8391388279315
P07T23,Neck,882.13,280.625,682.273,543.156,995.74,603.972,11.0,706.7964467714194,273.45726674491436
P07T23,Neck,862.51,272.719,664.673,541.17,0.0,0.0,11.0,697.3410148187818,265.6136421265322
P07T23,Neck,836.98,257.192,631.348,539.292,1172.05,680.329,10.0,707.2138731862344,272.5820977939444
P07T23,Neck,821.282,245.457,646.989,537.319,0.0,0.0,11.0,697.1158869008133,265.45803402182514
P07T23,Neck,821.352,233.617,650.943,525.593,1142.67,619.582,10.0,707.0808230091474,273.2201519141365
P07T23,Neck,831.174,216.05,688.156,513.829,1070.2,545.163,10.0,697.015016251939,265.216196806923
P07T23,Neck,837.013,212.056,654.867,509.934,1158.36,537.301,10.0,706.5412207939696,272.8452992279848
P07T23,Neck,842.946,198.39,692.088,498.111,1101.48,637.195,10.0,697.6799430074543,264.7653090768695
P07T23,Neck,866.366,186.596,729.296,478.504,1027.11,668.573,10.0,706.6320274543389,272.5748436168257
P07T23,Neck,884.122,176.747,795.909,445.151,1005.54,676.391,10.0,697.6529671245544,265.347594250364
P07T23,LElbow,899.788,165.038,821.371,435.453,993.829,666.587,10.0,707.8798991197641,271.85578475808734
P07T23,Neck,903.712,184.649,872.351,433.52,1011.37,635.291,9.0,698.012776671835,263.93032747848173
P07T23,Neck,915.454,204.264,788.074,472.619,1007.49,625.455,10.0,706.85773770929,272.6441795313731
P07T23,Neck,940.899,225.766,823.351,480.481,1070.19,662.685,10.0,698.1556963604122,264.52502049635376
P07T23,Neck,962.385,241.44,840.963,494.239,0.0,0.0,11.0,707.459173728659,271.5460539691022
P07T23,Neck,976.085,247.368,848.821,509.855,0.0,0.0,11.0,698.33202730931,264.18518478888984
P07T23,Neck,976.117,257.064,844.887,519.652,0.0,0.0,12.0,707.9333396156813,271.1943711978126
P07T23,Neck,976.158,257.151,837.044,527.475,0.0,0.0,12.0,699.1884859359278,263.51177135638875
P07T23,Neck,982.004,257.154,840.963,523.539,0.0,0.0,11.0,707.7839895833393,270.3133022777367
P07T23,Neck,989.826,241.508,852.71,505.9,1146.6,697.963,10.0,699.5949636029417,264.2684879026703
P07T23,Neck,978.113,223.817,821.394,480.504,0.0,0.0,10.0,708.0141841327172,269.98301239610265
P07T23,Neck,948.786,212.056,852.712,480.468,0.0,0.0,11.0,700.1142477743995,264.4702833874677
P07T23,Neck,931.015,214.042,815.486,488.317,0.0,0.0,11.0,699.8654905168804,263.6988728617182
P07T23,Neck,917.407,225.744,793.949,498.14,0.0,0.0,11.0,709.4017393544434,271.0929745779427
P07T23,Neck,913.397,227.735,772.385,509.879,0.0,0.0,11.0,700.2596705474277,263.38918249800486
P07T23,Neck,899.805,225.709,715.607,531.457,0.0,0.0,12.0,709.5668523609384,270.73391574430264
P07T23,Neck,891.885,227.723,762.627,570.613,0.0,0.0,14.0,700.7969922122923,264.3427530528857
P07T23,Neck,897.805,239.545,0.0,0.0,0.0,0.0,13.0,709.4369169140965,270.8961500269407
P07T23,Neck,903.67,229.753,729.263,641.12,1189.67,462.827,10.0,700.9918052874185,263.3669191278485
P07T23,Neck,907.558,214.016,774.32,666.619,0.0,0.0,11.0,710.6481629827758,270.8325698714448
P07T23,RElbow,903.66,198.412,850.763,701.871,1103.46,270.847,11.0,701.7971950586436,264.5378640781248
P07T23,Neck,915.383,186.632,940.869,676.409,1146.61,553.0,10.0,711.1518369292914,269.7796372626172
P07T23,RElbow,925.238,180.788,917.382,617.598,1087.8,682.312,9.0,702.0672148674523,264.45233895676694
P07T23,Neck,931.156,192.422,0.0,0.0,1085.82,670.533,11.0,711.3426957266236,270.5355344123016
P07T23,Neck,932.967,225.802,0.0,0.0,1062.36,692.071,14.0,702.2698735601894,264.4353563969363
P07T23,Neck,948.671,274.751,0.0,0.0,1076.13,715.61,15.0,711.1295162810198,269.70489315082136
P07T23,Neck,993.802,319.881,0.0,0.0,1087.87,715.588,15.0,703.0938598214158,264.80389504321624
P07T23,Neck,999.681,337.418,0.0,0.0,1076.09,654.851,15.0,711.9765107741787,269.72054672675006
P07T23,Neck,972.231,310.015,0.0,0.0,1070.2,645.041,15.0,704.8223508478613,263.9578123576689
P07T23,Neck,936.976,294.348,0.0,0.0,1050.61,637.238,15.0,713.4790435241518,269.7409603946454
P07T23,Neck,913.428,288.388,784.142,715.603,1046.69,635.25,12.0,704.7007226354096,264.71009151773177
P07T23,Neck,899.747,264.997,762.575,682.328,1040.8,619.58,11.0,714.1856183647346,270.0891519577933
P07T23,Neck,885.967,245.39,744.948,666.586,1019.24,609.804,11.0,705.867104906112,264.14758783891335
P07T23,LElbow,874.237,241.473,721.448,650.877,1003.55,586.251,11.0,715.1265874415387,269.7751575336456
P07T23,LElbow,858.577,241.392,695.95,623.498,982.048,572.61,10.0,706.2516441816797,264.7915982846267
P07T23,LElbow,839.112,233.622,729.314,607.808,948.701,558.844,10.0,715.4176015971153,269.99065778689305
P07T23,Neck,825.356,225.853,648.956,568.606,1038.85,539.257,9.0,707.1829841266275,264.86788256264276
P07T23,LElbow,821.332,214.031,652.911,541.253,0.0,0.0,10.0,715.7088698357584,269.1294378848697
P07T23,LElbow,838.952,208.169,699.925,552.929,1011.48,568.599,10.0,717.4627180927719,270.1604177008668
P07T23,Neck,840.942,212.084,633.307,539.279,1072.14,609.766,10.0,707.5785795352556,265.48242511096055
P07T23,Neck,850.712,225.869,678.348,556.869,1136.8,592.148,10.0,708.2887550460389,265.24564287586827
P07T23,Neck,852.728,241.42,686.205,582.382,1181.86,611.736,11.0,717.6471428354226,270.4869033225586
P07T23,Neck,852.761,259.193,666.602,603.922,0.0,0.0,12.0,718.1704757429143,269.87762351887864
P07T23,Neck,852.697,274.822,666.594,621.546,0.0,0.0,14.0,709.6191639686248,265.21069538650056
P07T23,Neck,852.648,280.679,664.632,621.576,0.0,0.0,14.0,710.4708301087871,265.36965218774986
P07T23,Neck,840.956,274.713,654.839,603.972,962.446,715.613,13.0,719.4332441574112,271.06128972773166
P07T23,Neck,833.13,264.953,648.942,601.902,925.194,715.625,12.0,720.4226678281966,270.6064189417528
P07T23,Neck,819.365,261.101,603.939,584.288,901.664,715.622,11.0,710.801198435815,266.24975972213304
P07T23,Neck,819.413,272.882,619.563,617.633,0.0,0.0,13.0,721.4953865119148,270.67093365237315
P07T23,Neck,819.442,280.66,601.987,639.158,0.0,0.0,11.0,712.6240753881494,266.2351944835752
P07T23,Neck,807.591,302.193,539.237,652.895,1136.78,572.554,10.0,723.0277289495073,271.39084596709426
P07T23,LElbow,799.797,294.391,543.172,654.835,1056.51,570.66,10.0,713.7059218072854,266.1486727606617
P07T23,LElbow,813.574,302.215,527.552,619.535,1103.53,566.666,12.0,714.5772535086377,266.3566674838267
P07T23,LElbow,848.821,311.975,543.232,664.603,1115.21,599.997,13.0,721.8749808660134,271.1574237804326
P07T23,Neck,874.28,308.149,554.915,678.36,1062.36,572.516,13.0,715.7934703592978,267.70861600544436
P07T23,Nose,897.769,306.113,576.463,674.434,1027.07,570.674,13.0,722.5946661305205,270.3316000394656
P07T23,Neck,915.312,274.793,607.815,678.354,1074.06,507.956,11.0,724.361222626592,271.36734100621516
P07T23,Neck,919.37,241.471,660.728,662.691,1117.2,643.084,12.0,716.9169457104515,267.8832464273588
P07T23,Neck,946.786,264.967,690.105,694.012,1040.72,694.04,13.0,725.0122171927331,270.28113877147905
P07T23,Neck,970.238,304.216,705.777,666.614,991.848,698.005,10.0,716.2782792357675,268.30746186918486
P07T23,Neck,976.176,310.023,0.0,0.0,978.169,662.714,12.0,725.3344371897608,271.19134560223085
P07T23,LElbow,968.303,315.922,817.437,682.255,964.327,633.318,11.0,718.4732038857726,268.1093182046303
P07T23,LElbow,936.958,286.553,854.647,662.634,966.319,588.266,10.0,725.2175730266595,270.81565284226593
P07T23,LElbow,905.655,261.046,860.547,637.244,991.82,558.855,10.0,718.8016569013209,268.4984761011767
P07T23,Neck,895.85,259.09,862.506,619.604,1011.41,541.198,5.0,727.6869100491535,271.10614069245446
P07T23,Neck,899.644,257.114,856.638,603.99,1027.11,498.121,5.0,719.5216882451018,267.8936418012688
P07T23,Neck,899.634,249.339,837.035,601.965,1031.03,590.219,5.0,727.4251375938504,270.98103042823413
P07T23,Neck,899.683,255.129,776.301,598.057,1115.25,539.242,10.0,720.18371031294,269.0187742941147
P07T23,Neck,899.81,255.165,725.358,594.121,1150.49,547.084,11.0,728.6791424936305,271.9269504529358
P07T23,Neck,901.72,257.141,739.084,633.305,1174.0,527.554,10.0,721.0700193050357,269.32120130244596
P07T23,Neck,901.614,261.081,682.316,625.44,1189.71,576.468,11.0,729.2887387451103,270.9004324318464
P07T23,Neck,895.784,272.728,637.188,619.607,1048.66,603.91,10.0,722.1670934670572,268.2871236446117
P07T23,Neck,885.959,276.791,0.0,0.0,1168.21,588.219,10.0,730.5565972253667,270.8783537678217
P07T23,Neck,891.867,288.44,580.394,533.385,1152.53,570.548,10.0,723.0766802323939,269.836541657297
P07T23,Neck,876.21,284.55,568.61,525.546,1183.79,635.278,7.0,731.8033088123583,271.740464385119
P07T23,Neck,829.231,257.156,564.751,551.018,952.674,529.45,10.0,723.608360952763,269.9925758422103
P07T23,Neck,841.02,249.327,556.851,507.921,968.289,539.272,6.0,731.9905529013838,270.9001791273084
P07T23,Neck,868.386,247.383,617.574,558.855,995.681,556.903,5.0,724.4983144627283,269.2457415823413
P07T23,MidHip,897.778,243.371,635.289,564.717,1021.17,586.184,7.0,732.5182157463108,270.26526063179585
P07T23,MidHip,911.495,241.452,656.801,582.38,0.0,0.0,8.0,725.9002652154601,269.49138453551643
P07T23,Neck,915.488,237.581,0.0,0.0,1164.23,566.707,9.0,732.9492331129386,270.8768212889162
P07T23,Neck,917.318,241.379,650.898,601.921,1123.09,695.94,8.0,726.9997132108758,269.0243339816351
P07T23,Neck,899.733,241.487,592.162,558.892,0.0,0.0,11.0,735.0139231483813,271.09415617076706
P07T23,Neck,889.991,272.731,633.307,680.272,0.0,0.0,14.0,727.6450069655882,269.26134637289306
P07T23,Neck,950.738,359.047,0.0,0.0,0.0,0.0,16.0,735.5173929616133,272.54899600583883
P07T23,Neck,932.983,382.55,601.963,715.597,0.0,0.0,15.0,728.4595611209372,269.24105699240215
P07T23,Neck,917.326,425.644,588.208,715.582,0.0,0.0,15.0,736.2941468545412,271.4217942477054
P07T23,Neck,868.396,353.185,629.367,676.406,0.0,0.0,15.0,729.6567060917045,270.46444162280534
P07T23,Neck,850.729,315.899,664.659,680.31,1107.44,668.549,14.0,736.6843554319285,270.91369312708525
P07T23,Neck,813.553,274.74,670.543,625.461,1091.73,698.049,14.0,730.9454234866485,270.5960104848446
P07T23,Neck,786.116,270.79,674.465,621.571,1091.71,695.921,14.0,737.5072787596205,271.42337075146906
P07T23,Neck,748.866,249.31,680.31,586.236,1152.46,715.591,14.0,732.324248057945,270.39130468908695
P07T23,LElbow,750.872,243.476,697.996,564.741,1068.23,572.551,14.0,737.7120855114729,271.67221155165197
P07T23,Neck,766.509,243.433,695.985,541.227,1042.82,529.489,14.0,733.0279506622566,270.40587306775353
P07T23,Neck,766.485,241.466,678.35,541.264,0.0,0.0,13.0,739.3300718347095,271.22466461596053
P07T23,Other,776.345,245.415,674.431,554.913,1134.81,498.136,11.0,733.8551198880375,270.145718885415
P07T23,Neck,792.028,243.394,664.636,558.911,0.0,0.0,11.0,740.1887160075013,270.955236717119
P07T23,Neck,792.013,241.408,662.685,572.562,1152.48,413.86,10.0,734.5142766021224,270.6625109268215
P07T23,Neck,774.396,217.927,615.686,535.342,1168.1,415.806,10.0,741.9449047098517,270.73056284719814
P07T23,MidHip,756.695,186.591,592.151,525.538,0.0,0.0,11.0,735.5389811952173,271.0164957919344
P07T23,MidHip,746.974,163.084,601.945,517.679,1181.81,368.895,9.0,741.7018677382849,271.2357680078677
P07T23,MidHip,754.753,145.433,600.024,494.246,1201.49,427.57,8.0,736.5665678110634,271.35642664052654
P07T23,MidHip,758.632,135.654,619.54,492.18,1168.11,445.208,9.0,743.100720525324,270.87129168209725
P07T23,MidHip,760.667,131.764,633.248,492.267,1132.84,458.947,8.0,737.3023248478969,272.39715977781026
P07T23,MidHip,772.346,145.466,646.994,500.043,1089.84,458.921,9.0,743.86027769948,272.2140782000494
P07T23,Neck,786.125,167.026,674.408,521.64,1085.85,545.125,9.0,738.4003900065809,272.3251440367537
P07T23,Neck,813.572,196.498,688.141,541.217,1050.59,523.595,9.0,744.026615227091,272.4398448152624
P07T23,Neck,821.417,225.785,688.138,554.839,1013.41,556.949,9.0,739.2834535195935,272.10598086962494
P07T23,Neck,815.504,237.565,688.148,556.944,995.768,558.881,9.0,744.4658697853048,271.4314555857724
P07T23,Neck,817.438,253.209,696.005,572.57,995.815,572.57,10.0,739.8192746388595,272.1926785374867
P07T23,Neck,825.277,272.748,703.821,586.24,1017.31,564.754,10.0,744.9600216431912,272.0483561668937
P07T23,Neck,850.693,304.22,682.324,619.666,1132.88,605.871,13.0,740.9975245584999,272.6310178503263
P07T23,Neck,846.857,302.216,650.974,617.559,1164.2,680.325,11.0,745.3196330832841,271.88343317702726
P07T23,Neck,844.903,308.07,635.289,633.303,1152.48,715.594,13.0,741.4813955433998,272.76998645864967
P07T23,Neck,852.673,339.442,654.842,635.319,0.0,0.0,14.0,747.878231750007,273.0345932449203
P07T23,Neck,850.758,351.119,648.956,619.651,0.0,0.0,14.0,743.0778659361549,273.1261684873104
P07T23,Neck,821.287,361.005,645.027,641.141,0.0,0.0,15.0,748.6086661149627,272.32517977784636
P07T23,Nose,809.591,384.499,641.12,637.229,0.0,0.0,15.0,744.445207311356,273.4960733486273
P07T23,Nose,821.277,386.462,649.006,648.933,0.0,0.0,15.0,749.7008938887936,272.2346350194703
P07T23,Neck,821.335,384.496,654.834,650.923,0.0,0.0,15.0,745.9778440079608,274.2738995633997
P07T23,Neck,823.333,368.846,660.735,648.998,0.0,0.0,14.0,745.8453552117278,273.9429602671339
P07T23,Neck,848.823,306.142,650.939,633.32,0.0,0.0,14.0,749.9148703521381,271.97706338955163
P07T23,Neck,858.591,286.567,652.884,639.205,0.0,0.0,14.0,746.6122499562739,274.3596771793842
P07T23,Neck,883.975,290.379,648.999,643.102,0.0,0.0,14.0,751.024126407247,272.3175154207063
P07T23,Neck,899.653,292.435,635.222,631.358,0.0,0.0,14.0,748.4977938491083,273.9151823560549
P07T23,Neck,903.665,282.591,603.93,605.861,0.0,0.0,11.0,752.1809520853429,272.13326052679906
P07T23,Neck,901.726,268.881,645.04,523.602,0.0,0.0,11.0,753.4551367585575,271.65743851020454
P07T23,Neck,917.416,261.078,603.921,552.94,1183.84,715.597,12.0,749.2531200748087,274.0802974224447
P07T23,Neck,958.507,261.059,0.0,0.0,0.0,0.0,12.0,750.1901859142276,274.05420770661385
P07T23,Neck,995.804,259.124,0.0,0.0,0.0,0.0,12.0,753.6950593496595,272.00166937504696
P07T23,Neck,976.182,245.443,0.0,0.0,0.0,0.0,15.0,751.571395305183,275.54415227864155
P07T23,Neck,907.581,233.613,695.964,531.431,0.0,0.0,11.0,754.7227806494116,271.9098529107914
P07T23,Neck,866.403,239.539,664.646,549.055,0.0,0.0,12.0,752.6762380667565,273.4885425066973
P07T23,Neck,817.456,257.081,654.869,601.91,0.0,0.0,15.0,755.8256176191239,272.11134866986066
P07T23,Neck,805.611,288.485,648.903,600.015,0.0,0.0,16.0,753.7597559139301,274.9215638397625
P07T23,Neck,786.095,321.865,635.311,617.619,0.0,0.0,16.0,756.5294627670492,271.0960615158233
P07T23,Neck,805.702,351.25,637.216,650.961,0.0,0.0,16.0,755.3829006682465,274.56277168049655
P07T23,Neck,811.551,364.897,633.232,668.561,0.0,0.0,15.0,757.9800054958255,270.88160246375884
P07T23,Neck,803.713,384.485,603.931,715.6,0.0,0.0,15.0,756.1260389466352,274.51587517696623
P07T23,Neck,790.049,353.094,0.0,0.0,0.0,0.0,16.0,758.9316272085214,269.7276768779589
P07T23,Neck,772.354,333.553,0.0,0.0,0.0,0.0,16.0,756.8525551311889,274.39471199863584
P07T23,Neck,696.038,308.085,0.0,0.0,0.0,0.0,16.0,760.8033090828498,271.52076580027654
P07T23,Neck,596.072,304.159,0.0,0.0,0.0,0.0,17.0,757.6592107987515,273.9723960508014
P07T23,Other,494.255,321.832,0.0,0.0,0.0,0.0,17.0,761.0969489354948,271.26485282653806
P07T23,Other,178.715,417.783,0.0,0.0,0.0,0.0,19.0,759.1873172633789,274.2466915423884
P07T23,Other,82.7594,445.16,0.0,0.0,0.0,0.0,16.0,761.5516605214966,271.52481193084105
P07T23,Other,23.947,476.556,0.0,0.0,0.0,0.0,19.0,759.8039512687117,273.9307008643693
P07T23,Other,0.0,0.0,0.0,0.0,0.0,0.0,20.0,762.9015237740102,270.29936974511475
P07T23,Other,4.39,572.578,0.0,0.0,0.0,0.0,18.0,760.4232445022926,275.16153393265427
P07T23,Other,0.0,0.0,0.0,0.0,0.0,0.0,21.0,763.8255234744821,270.3088195687749
P07T23,Other,nan,nan,nan,nan,nan,nan,nan,762.3319782808585,273.886624656964
P07T23,Other,nan,nan,nan,nan,nan,nan,nan,763.4610230078588,270.0302090937576
P07T23,Other,nan,nan,nan,nan,nan,nan,nan,762.5068533647393,273.63975614724285
P07T23,Other,nan,nan,nan,nan,nan,nan,nan,765.2823388344611,270.62151305359123
P07T23,Other,382.59,270.898,372.716,321.75,390.404,321.771,2.0,766.698240239162,270.64527341502816
P07T23,Other,396.267,241.464,0.0,0.0,427.59,302.196,2.0,763.4072510275809,274.13095173492326
P07T23,Other,nan,nan,nan,nan,nan,nan,nan,763.4549392735362,273.16884456959156
P07T23,RKnee,439.37,167.055,421.746,180.784,470.692,223.838,1.0,768.1129552413422,271.5968853484432
P07T23,Other,486.329,151.316,468.776,163.152,511.822,208.189,0.0,767.1160175931434,270.9338594656369
P07T23,Other,nan,nan,nan,nan,nan,nan,nan,765.1475158378307,273.02416996123566
P07T23,Other,nan,nan,nan,nan,nan,nan,nan,767.8620810658165,270.80181264050236
P07T23,Other,nan,nan,nan,nan,nan,nan,nan,765.4347640533307,272.9459688938712
P07T23,Other,nan,nan,nan,nan,nan,nan,nan,768.4452694625014,271.0177170692137
P07T23,Other,nan,nan,nan,nan,nan,nan,nan,765.9578017311902,273.13496351594824
P07T23,Other,nan,nan,nan,nan,nan,nan,nan,768.7196298228502,271.0337917442538
P07T23,Other,nan,nan,nan,nan,nan,nan,nan,767.1327639768118,273.00852080380093
P07T23,Other,nan,nan,nan,nan,nan,nan,nan,769.5741918083299,270.55625624447157
P07T23,Other,nan,nan,nan,nan,nan,nan,nan,766.1677454602686,272.64530804102804
P07T23,Other,178.785,257.109,0.0,0.0,0.0,0.0,8.0,769.2376853566764,270.1129698925003
P07T23,Other,nan,nan,nan,nan,nan,nan,nan,767.2804249440433,272.92263594547086
P07T23,Other,0.0,0.0,0.0,0.0,0.0,0.0,20.0,770.5178501117387,270.376066854696
P07T23,Other,0.0,0.0,0.0,0.0,0.0,0.0,13.0,768.0214838425943,272.6805474645018
P07T23,Other,nan,nan,nan,nan,nan,nan,nan,771.3520724210969,270.0830374216116
P07T23,MidHip,0.0,0.0,0.0,0.0,0.0,0.0,19.0,767.6184620302552,271.9744283062749
P07T23,Other,0.0,0.0,0.0,0.0,0.0,0.0,19.0,770.6181018438347,270.0500156701785
P07T23,Nose,nan,nan,nan,nan,nan,nan,nan,768.1646033988942,272.762357979498
P07T23,MidHip,0.0,0.0,0.0,0.0,0.0,0.0,16.0,769.5491441141037,268.81545638432283
P07T23,LKnee,0.0,0.0,0.0,0.0,0.0,0.0,22.0,768.443227393029,272.26281793472765
P07T23,Other,nan,nan,nan,nan,nan,nan,nan,771.421191178019,269.2189053949607
P07T23,Other,nan,nan,nan,nan,nan,nan,nan,768.7989145540099,273.1564197327644
P07T23,Other,0.0,0.0,0.0,0.0,0.0,0.0,22.0,771.2051955103386,269.07393970602385
P07T23,Other,nan,nan,nan,nan,nan,nan,nan,769.3344415784219,272.69650885533764
P07T23,Neck,0.0,0.0,0.0,0.0,0.0,0.0,20.0,770.4125792878813,267.5136864560544
P07T23,Nose,nan,nan,nan,nan,nan,nan,nan,769.552259971686,271.9917674825123
P07T23,Other,nan,nan,nan,nan,nan,nan,nan,770.5793054507665,267.07624434414964
P07T23,LElbow,5.36089,276.767,0.0,0.0,0.0,0.0,17.0,769.2217006265038,272.3816257968555
P07T23,Other,0.0,0.0,0.0,0.0,0.0,0.0,19.0,770.1463736456669,267.43268506284
P07T23,Other,nan,nan,nan,nan,nan,nan,nan,769.3117402599662,271.04894430086256
P07T23,Other,0.0,0.0,223.844,682.23,0.0,0.0,19.0,769.9561679809563,266.58639783214875
P07T23,Other,0.0,0.0,793.933,615.694,0.0,0.0,22.0,770.0337764321047,270.7885959076492
P07T23,Other,0.0,0.0,756.659,605.881,0.0,0.0,22.0,770.423772519541,266.2514362003981
P07T23,Other,nan,nan,nan,nan,nan,nan,nan,769.5850064336436,270.9222039076942
P07T23,Other,0.0,0.0,652.877,601.909,0.0,0.0,19.0,769.4352104168856,265.62211762754475
P07T23,Other,0.0,0.0,603.931,602.008,0.0,0.0,22.0,769.6112231180618,270.96788525548874
P07T23,Other,nan,nan,nan,nan,nan,nan,nan,769.2520913767886,265.3093224363891
P07T23,Other,0.0,0.0,523.634,619.649,0.0,0.0,22.0,769.744437290705,270.88418553537855
P07T23,Other,nan,nan,nan,nan,nan,nan,nan,768.7532590576698,266.03933289402255
P07T23,Other,0.0,0.0,480.527,635.263,0.0,0.0,19.0,770.2106433294459,270.6700947179324
P07T23,Other,nan,nan,nan,nan,nan,nan,nan,769.0526887163701,265.8431404027985
P07T23,Other,nan,nan,nan,nan,nan,nan,nan,770.4612435639342,270.4613250087427
P07T23,Other,0.0,0.0,476.537,617.558,0.0,0.0,19.0,769.8163387377028,266.16012416017315
P07T23,Other,nan,nan,nan,nan,nan,nan,nan,770.0098389261273,269.8772903263713
P07T23,Other,nan,nan,nan,nan,nan,nan,nan,769.9101683631438,264.76520615838876
P07T23,Other,0.0,0.0,0.0,0.0,0.0,0.0,19.0,769.9483991081704,269.9274056289125
P07T23,Other,nan,nan,nan,nan,nan,nan,nan,769.5422616936348,265.5229425608455
P07T23,Other,nan,nan,nan,nan,nan,nan,nan,769.3974247248992,269.29279639831196
P07T23,Other,nan,nan,nan,nan,nan,nan,nan,771.5819237860093,265.5274557133844
P07T23,Other,nan,nan,nan,nan,nan,nan,nan,769.3695664655105,269.4391680614597
P07T23,Other,nan,nan,nan,nan,nan,nan,nan,770.6524660095089,265.9297184003347
P07T23,Other,nan,nan,nan,nan,nan,nan,nan,770.3164679004303,268.617014752602
P07T23,Other,nan,nan,nan,nan,nan,nan,nan,770.4310385341762,264.80262376995023
P07T23,Other,nan,nan,nan,nan,nan,nan,nan,770.3046167509183,268.63291548657725
P07T23,Other,nan,nan,nan,nan,nan,nan,nan,769.3442198813746,264.95040021382147
P07T23,Other,nan,nan,nan,nan,nan,nan,nan,770.7633742173648,268.6003734579
P07T23,Other,0.0,0.0,0.0,0.0,0.0,0.0,7.0,770.0618129667885,263.3876675569844
P07T23,Other,nan,nan,nan,nan,nan,nan,nan,770.4562811211858,267.8945273819535
P07T23,Other,nan,nan,nan,nan,nan,nan,nan,771.5167719919624,264.85280382117
P07T23,Other,nan,nan,nan,nan,nan,nan,nan,770.642380918295,267.36356224999537
P07T23,Other,71.0126,137.647,100.402,194.42,112.142,180.79,2.0,771.8232339272173,264.7350330792826
P07T23,Other,nan,nan,nan,nan,nan,nan,nan,770.813721318733,267.65807384929457
P07T23,Other,nan,nan,nan,nan,nan,nan,nan,771.293285047411,264.3968226875926
P07T23,Other,0.0,0.0,265.009,35.7162,0.0,0.0,7.0,770.550937148188,267.333340481378
P07T23,Other,0.0,0.0,0.0,0.0,0.0,0.0,12.0,770.6206301681904,263.33417311529536
P07T23,Other,nan,nan,nan,nan,nan,nan,nan,770.7220080343141,266.99512014364564
P07T23,Other,nan,nan,nan,nan,nan,nan,nan,770.2774760859022,262.9228718421085
P07T23,Other,nan,nan,nan,nan,nan,nan,nan,770.9228576330975,266.99917930138326
P07T23,Other,229.745,186.632,0.0,0.0,0.0,0.0,17.0,771.2348389808542,263.8809901038198
P07T23,Other,nan,nan,nan,nan,nan,nan,nan,770.9859814998237,266.60423593869206
P07T23,Other,413.866,78.8377,0.0,0.0,0.0,0.0,18.0,771.1447734701915,262.1431011850623
P07T23,Other,525.543,35.7276,0.0,0.0,0.0,0.0,19.0,770.5456413941024,266.4560614951695
P07T23,Other,nan,nan,nan,nan,nan,nan,nan,772.7552842339804,263.83187813151756
P07T23,Other,nan,nan,nan,nan,nan,nan,nan,770.577903861789,266.6701082451673
P07T23,Other,0.0,0.0,0.0,0.0,0.0,0.0,13.0,771.0155183903578,263.74585606013443
P07T23,Other,nan,nan,nan,nan,nan,nan,nan,770.5048459022803,266.4503335461346
P07T23,Other,nan,nan,nan,nan,nan,nan,nan,770.2152825531132,267.14862392760506
P07T23,Other,nan,nan,nan,nan,nan,nan,nan,770.3873593672104,262.54618267053934
P07T23,Nose,nan,nan,nan,nan,nan,nan,nan,770.0059607532646,267.18579316723196
P07T23,MidHip,0.0,0.0,0.0,0.0,0.0,0.0,17.0,770.6427929448207,262.78583364230286
P07T23,MidHip,20.0523,214.041,0.0,0.0,0.0,0.0,15.0,770.1264204554761,266.8685773614902
P07T23,MidHip,39.6917,161.151,0.0,0.0,0.0,0.0,16.0,770.7899402862632,263.86534724912707
P07T23,MidHip,57.3481,88.655,0.0,0.0,0.0,0.0,14.0,769.9839048377535,266.59410746334527
P07T23,MidHip,51.4384,78.8671,0.0,0.0,0.0,0.0,14.0,770.0205724283677,263.3245688860538
P07T23,Other,72.9569,47.5193,0.0,0.0,0.0,0.0,16.0,769.7983864626758,266.8673693003375
P07T23,Other,76.9123,22.0727,0.0,0.0,0.0,0.0,17.0,770.3667060394281,262.8546293757475
P07T23,Other,102.4,5.35857,0.0,0.0,0.0,0.0,20.0,770.5315689856277,266.5359834658463
P07T23,Other,71.0603,88.6596,0.0,0.0,0.0,0.0,19.0,768.7975537510586,262.7551727521561
P07T23,Other,nan,nan,nan,nan,nan,nan,nan,769.3943105274784,266.26661579782836
P07T23,Other,nan,nan,nan,nan,nan,nan,nan,770.3615751741929,263.5473207420427
P07T23,Other,nan,nan,nan,nan,nan,nan,nan,769.8696761586466,266.7092265331588
P07T23,Other,nan,nan,nan,nan,nan,nan,nan,769.5259953133573,263.6368187617047
P07T23,Other,5.36279,264.972,0.0,0.0,0.0,0.0,20.0,769.8015066358678,266.63600189352115
P07T23,Other,nan,nan,nan,nan,nan,nan,nan,769.1372212080321,263.9479953282919
P07T23,Other,nan,nan,nan,nan,nan,nan,nan,769.9757246444847,266.7993162715151
P07T23,Other,nan,nan,nan,nan,nan,nan,nan,768.9725988477553,262.99293297722454
P07T23,Nose,nan,nan,nan,nan,nan,nan,nan,768.9527402391552,266.177004578305
P07T23,Nose,nan,nan,nan,nan,nan,nan,nan,768.6595464450987,262.3167618698978
P07T23,Other,nan,nan,nan,nan,nan,nan,nan,769.4059870292177,266.3548639884487
P07T23,Other,0.0,0.0,0.0,0.0,0.0,0.0,21.0,769.1727798790931,263.19241691713256
P07T23,Other,nan,nan,nan,nan,nan,nan,nan,769.0021121945492,265.4180862765651
P07T23,Other,nan,nan,nan,nan,nan,nan,nan,769.5211977637839,263.93362494116906
P07T23,Other,nan,nan,nan,nan,nan,nan,nan,768.5556957437672,266.5745685361848
P07T23,Other,nan,nan,nan,nan,nan,nan,nan,769.4836269583811,263.58138943206615
P07T23,Other,343.351,396.207,0.0,0.0,0.0,0.0,18.0,766.0165912785321,265.479307269109
P07T23,Other,nan,nan,nan,nan,nan,nan,nan,769.2803258472258,263.2884336216696
P07T23,Other,nan,nan,nan,nan,nan,nan,nan,765.2230641902322,265.1831769973001
P07T23,Other,nan,nan,nan,nan,nan,nan,nan,769.4482082633087,262.9484075308744
P07T23,Other,nan,nan,nan,nan,nan,nan,nan,763.383228729035,266.27495143939746
P07T23,Other,nan,nan,nan,nan,nan,nan,nan,769.7475828521141,262.87313660497495
P07T23,Other,nan,nan,nan,nan,nan,nan,nan,761.3311523274533,269.00422391911866
P07T23,Other,nan,nan,nan,nan,nan,nan,nan,771.3207825823995,262.4332294493282
