P07T11,Other,550.99,449.172,372.736,580.424,795.877,556.883,12.0,723.9865980796499,391.69898880476006
P07T11,Other,556.936,447.229,380.588,574.564,805.668,556.831,12.0,744.9530763393718,295.1080185000555
P07T11,Other,568.643,449.133,386.495,572.588,811.592,556.851,10.0,724.8497683070083,392.73471137309383
P07T11,Other,574.486,447.226,398.241,572.599,817.441,556.981,10.0,744.2023861825576,295.07668733264927
P07T11,Other,582.387,449.204,402.16,572.641,821.424,560.831,10.0,725.5519852517059,391.1355090571015
P07T11,Other,588.233,453.03,411.939,574.494,827.287,568.618,10.0,743.5849187196582,295.9332768059374
P07T11,Other,598.036,460.858,419.728,578.475,837.085,568.66,10.0,726.9222780640907,391.42145390445245
P07T11,Other,603.889,462.871,429.494,584.344,838.963,576.457,10.0,741.9487830695189,296.47976466870875
P07T11,Other,611.726,466.759,435.457,588.192,846.835,576.499,10.0,726.6781913946206,390.35478082535747
P07T11,Other,617.615,468.749,443.294,588.255,852.771,578.428,10.0,739.5618916615929,297.45662002429265
P07T11,Other,621.515,466.74,447.194,588.159,852.769,584.276,10.0,729.2242188982196,392.40985163822995
P07T11,Other,631.268,466.738,453.037,586.281,854.615,584.28,10.0,736.2347787532267,298.02165840100383
P07T11,Other,635.226,462.851,456.951,578.463,854.773,582.391,10.0,731.693715193044,401.004348395817
P07T11,Other,639.173,460.959,462.852,578.425,862.542,580.4,10.0,735.8988289708848,296.8503663105525
P07T11,Other,647.05,462.838,462.883,574.53,866.461,582.357,10.0,726.2856165006564,409.8168496729273
P07T11,Other,650.932,464.824,474.571,578.455,870.274,586.229,10.0,743.0287371098159,321.75155800728214
P07T11,MidHip,656.837,468.699,474.626,576.47,870.366,588.219,10.0,721.4582005600178,418.68028670983676
P07T11,Other,662.711,474.54,480.549,582.337,870.418,588.265,10.0,743.1272631896395,328.04813636112823
P07T11,Other,666.527,476.605,482.418,576.527,874.247,590.175,11.0,725.8209088885933,444.10600770379074
P07T11,Other,664.623,476.493,482.461,580.391,870.422,590.185,10.0,743.5549010959579,335.8076224548327
P07T11,Other,660.731,476.462,478.491,574.569,870.28,588.255,10.0,752.1368457227245,336.0629028871604
P07T11,MidHip,654.875,474.559,470.688,574.583,860.558,590.243,10.0,736.4699325399982,451.170755728342
P07T11,MidHip,649.0,474.637,464.867,574.583,858.603,588.33,10.0,728.9885621804526,451.61930450489245
P07T11,Other,647.023,474.647,470.659,584.302,856.633,588.223,10.0,752.6605204113314,336.42701127583405
P07T11,Nose,641.117,474.56,466.77,586.353,852.765,586.339,10.0,753.7935086083933,336.83063940745194
P07T11,Other,635.22,472.61,464.79,586.246,846.815,588.313,10.0,739.3077195051667,443.85881823111686
P07T11,MidHip,633.195,472.648,460.932,586.258,839.065,590.197,11.0,748.0386907417443,328.5328851175287
P07T11,MidHip,627.446,472.666,455.03,586.275,835.114,592.125,9.0,741.7942272389294,358.90948185503595
P07T11,Other,621.604,472.635,449.15,586.323,827.281,592.188,10.0,736.1810010844679,304.0668970366845
P07T11,Other,617.624,476.506,447.135,586.362,823.331,599.924,10.0,739.207708440749,409.3631248816294
P07T11,Other,613.698,480.496,439.374,588.339,823.279,601.956,10.0,730.8063026860806,304.68674427987673
P07T11,Other,607.807,490.261,433.532,601.871,813.538,611.721,10.0,730.5921530303206,390.9043775846349
P07T11,Other,602.025,494.304,431.577,603.989,805.691,621.563,10.0,735.7573951559879,302.3227309490004
P07T11,Other,601.845,507.934,425.622,619.517,803.72,635.352,10.0,731.3260944957663,400.7209005079866
P07T11,Other,596.041,527.501,427.551,639.159,792.084,662.64,13.0,736.5626817603165,299.65084082344106
P07T11,Other,590.267,551.044,425.623,664.686,789.999,686.168,13.0,730.3370955974601,402.046436622208
P07T11,Other,586.366,568.64,419.768,682.193,790.005,699.99,13.0,737.9153824903087,298.4747228801508
P07T11,Other,588.216,572.561,423.677,682.39,791.921,715.588,14.0,731.0897032495127,396.3800042941311
P07T11,Other,590.264,584.328,429.532,694.063,792.08,715.596,13.0,737.9331624165934,296.67253572003926
P07T11,Other,599.954,588.226,417.808,694.036,799.833,715.619,13.0,729.6466999797578,393.46155880264394
P07T11,Other,603.821,580.419,435.456,688.165,805.712,715.619,14.0,738.2321002718352,295.88947191223286
P07T11,Other,605.839,576.457,443.266,684.247,807.701,715.624,14.0,730.9280496888833,393.4046686248781
P07T11,Other,609.804,584.283,447.117,688.155,813.555,715.625,14.0,738.9317987905093,294.5450132188954
P07T11,Other,615.653,584.338,447.124,686.218,823.296,715.621,14.0,731.236773261305,393.472746405184
P07T11,Other,617.643,586.197,451.075,684.295,837.07,715.601,14.0,739.5619629859744,293.7666315955454
P07T11,Other,621.593,584.359,458.924,684.195,825.351,715.614,14.0,729.9272603087445,391.279530745356
P07T11,Other,629.399,578.459,462.824,682.253,825.302,715.607,14.0,740.1149881813348,292.2165865351595
P07T11,Other,633.316,570.581,464.852,678.308,827.256,697.911,13.0,730.3372842784968,389.5289491972786
P07T11,Other,633.386,556.82,464.846,664.687,840.953,678.39,13.0,740.2583814463233,290.64070001579256
P07T11,Other,635.167,541.256,466.768,652.876,846.833,664.659,13.0,730.0286701745155,388.3177051844572
P07T11,Other,633.315,537.292,466.792,650.888,839.044,656.773,13.0,741.0108485569915,289.0620509842871
P07T11,Other,635.176,525.555,468.73,645.081,837.027,654.846,13.0,727.8160296589972,386.0605963141791
P07T11,Other,635.343,525.589,472.67,648.949,839.104,652.9,13.0,728.2876820523452,383.8459789448331
P07T11,Other,646.984,531.435,478.582,650.974,848.812,656.833,13.0,740.4350009026407,288.5767810454573
P07T11,Other,652.876,537.258,488.29,652.95,862.502,662.623,13.0,729.6817863816905,384.33160019029816
P07T11,Other,664.588,539.339,492.29,658.743,870.387,666.531,13.0,740.5650690679535,288.1316136202984
P07T11,Other,672.497,541.224,505.928,660.756,882.064,666.675,13.0,727.4930871571419,382.46992866652124
P07T11,Other,682.221,541.232,509.897,656.807,884.12,668.539,13.0,737.8389855661769,291.99759068339205
P07T11,Other,694.035,539.324,521.617,652.93,897.733,664.714,13.0,728.1737173352358,380.86184101214064
P07T11,Other,699.928,535.29,525.548,652.855,901.746,662.66,13.0,738.1110669507267,291.6503229197048
P07T11,Other,711.641,529.465,539.215,649.026,917.371,652.917,13.0,728.7514636517288,380.76639714185745
P07T11,Other,715.617,525.564,541.269,648.927,917.441,654.834,13.0,738.4455385357487,290.9259818060977
P07T11,Other,725.356,525.512,549.047,650.889,931.131,648.987,13.0,727.9814927290729,382.0509103610955
P07T11,Other,729.324,525.591,554.976,652.935,933.134,650.946,13.0,738.4662452784545,289.12658723901563
P07T11,Other,740.992,537.334,562.738,666.581,940.85,658.786,13.0,728.4236440470252,380.14578606499157
P07T11,Other,744.886,541.258,566.68,672.508,946.8,662.684,13.0,737.9623957943602,288.23838920551106
P07T11,Other,744.984,550.973,572.5,682.248,956.534,664.658,13.0,726.7803911306451,379.6210428442252
P07T11,Other,746.964,554.987,572.535,684.229,948.68,676.388,13.0,737.1595231121825,287.50197411331254
P07T11,Other,754.716,556.973,572.595,684.268,946.828,680.215,13.0,727.109158642735,379.8973286171703
P07T11,Other,758.688,554.825,584.344,682.277,952.651,668.564,13.0,737.6156336597417,286.9080234774003
P07T11,Other,762.675,543.167,584.352,674.44,962.496,662.72,13.0,727.290139456175,379.7814533035856
P07T11,Other,772.408,539.175,592.18,666.59,964.397,656.835,13.0,737.8290733500123,287.306857111555
P07T11,Other,776.243,527.492,601.864,664.54,974.162,648.981,13.0,725.735404685292,380.1489989288949
P07T11,Other,778.267,519.697,586.274,650.897,976.103,639.214,11.0,737.3495310838268,286.814688746893
P07T11,Other,780.211,507.996,601.968,648.92,978.116,629.334,10.0,729.2101500347984,380.61741423123897
P07T11,Other,778.319,502.029,601.99,637.283,978.083,619.512,10.0,737.1261046879886,287.05130090810746
P07T11,Other,776.402,496.15,598.047,635.333,978.125,615.593,10.0,729.5567368847624,380.27934302417077
P07T11,Other,776.292,502.059,596.062,637.232,978.057,617.627,10.0,737.2115573137636,286.3164695787578
P07T11,Other,776.259,505.905,582.378,635.272,976.181,617.702,10.0,728.5657210441412,380.75978517664754
P07T11,Other,776.416,502.01,588.295,633.197,976.094,619.534,10.0,736.5864462930522,286.8800713143415
P07T11,Other,788.064,502.011,599.944,627.396,978.136,619.546,10.0,729.3271779437066,381.97110950217865
P07T11,Other,791.968,496.229,605.916,619.652,980.152,619.504,10.0,736.7004407324312,286.8538349520827
P07T11,Other,792.033,492.304,605.909,617.551,980.004,617.574,10.0,730.2239114512611,382.45871889840987
P07T11,Other,792.005,492.233,605.839,611.766,976.115,617.639,10.0,736.1591469358743,286.8376585277006
P07T11,Other,790.113,490.264,601.929,604.012,968.297,619.504,10.0,729.8533249082373,383.0110345554868
P07T11,Other,790.052,488.276,601.971,603.94,970.306,619.587,10.0,736.2905507737584,287.17782384868156
P07T11,Other,789.932,486.349,600.003,603.872,974.177,617.7,10.0,731.100869189896,384.2408243444454
P07T11,Other,786.07,492.187,594.1,603.979,968.353,625.429,10.0,735.6005146222311,288.48693781069727
P07T11,Other,782.226,492.281,584.322,605.885,970.3,627.435,10.0,731.6492455345293,384.2618154086159
P07T11,Other,782.206,492.268,592.15,605.835,968.286,629.376,10.0,735.401279485058,288.980832163141
P07T11,Other,778.351,494.237,590.219,613.692,964.434,633.353,10.0,732.4132718476204,385.37329202481635
P07T11,Other,776.254,505.902,588.197,619.518,962.361,641.125,10.0,735.1273178390074,289.1073451382527
P07T11,Other,772.384,507.886,582.372,617.706,952.61,643.11,10.0,731.9319973600659,385.83697783809055
P07T11,Other,762.673,507.888,574.57,617.602,946.799,646.97,10.0,734.888163937251,290.7900483385401
P07T11,Other,760.569,507.984,572.606,617.657,940.885,648.903,10.0,734.0318501272229,385.57578043778176
P07T11,Other,756.661,509.923,570.564,617.602,935.039,650.845,10.0,733.8913778718634,292.2006609524724
P07T11,Other,746.96,507.951,560.783,613.714,933.11,648.941,10.0,733.5891968512472,386.41280553201227
P07T11,Other,713.583,443.2,525.54,543.183,889.976,598.05,10.0,732.5431054040707,293.81956804266156
P07T11,Other,695.989,388.385,507.975,496.179,897.773,539.3,10.0,735.8046513170764,394.7707837700072
P07T11,Other,668.537,351.145,486.365,462.781,858.606,507.954,8.0,732.4963465542395,295.2550452526647
P07T11,Other,648.925,321.912,460.961,435.402,837.016,486.352,8.0,729.9087379223979,403.2675820315678
P07T11,Nose,625.476,310.076,447.201,427.527,819.429,474.538,8.0,732.1422547320124,311.2079189463332
P07T11,Other,613.669,306.139,439.324,419.782,805.673,472.655,8.0,731.7562789061164,402.57532470691706
P07T11,RElbow,603.859,313.961,431.572,431.467,803.768,476.653,8.0,716.6163757922794,325.31536004885135
P07T11,RElbow,601.866,321.894,429.563,445.187,794.001,486.355,8.0,1046.5047862727884,474.83287565551393
P07T11,Other,600.011,335.417,431.499,451.131,803.703,492.164,8.0,1610.3993468594988,-634.4940268536479
P07T11,Other,602.037,331.576,433.536,449.147,805.712,480.471,8.0,1046.5047862727884,474.83287565551393
P07T11,Nose,603.927,317.85,439.359,441.26,807.74,464.775,8.0,1610.3993468594988,-634.4940268536479
P07T11,Other,604.027,306.062,441.297,431.613,807.746,451.07,8.0,1155.7510287712028,507.4190807807412
P07T11,Other,603.948,306.069,443.29,439.354,807.618,451.075,8.0,1610.3993468594988,-634.4940268536479
P07T11,Other,603.952,317.803,447.127,449.173,807.706,460.956,8.0,1155.7510287712028,507.4190807807412
P07T11,Other,604.001,325.705,447.197,462.925,811.621,474.567,8.0,1610.3993468594988,-634.4940268536479
P07T11,Other,605.908,337.394,449.174,474.604,819.415,476.558,8.0,1155.7510287712028,507.4190807807412
P07T11,Other,609.792,335.591,454.993,476.471,821.322,474.543,8.0,1610.3993468594988,-634.4940268536479
P07T11,Other,609.82,333.562,453.086,470.705,817.471,468.731,8.0,1155.7510287712028,507.4190807807412
P07T11,Other,607.83,327.646,456.933,468.725,811.615,462.938,8.0,1610.3993468594988,-634.4940268536479
P07T11,Other,603.922,321.816,453.029,468.74,805.699,462.946,8.0,1155.7510287712028,507.4190807807412
P07T11,Other,600.006,315.934,449.111,462.843,791.971,456.958,8.0,1610.3993468594988,-634.4940268536479
P07T11,Other,590.241,294.414,455.027,449.126,778.332,443.233,8.0,1155.7510287712028,507.4190807807412
P07T11,Other,586.253,266.949,462.828,437.383,772.412,400.139,4.0,1610.3993468594988,-634.4940268536479
P07T11,Other,574.555,227.864,468.737,406.036,744.903,386.484,0.0,1155.7510287712028,507.4190807807412
P07T11,Other,572.529,198.448,527.513,398.126,698.02,337.532,0.0,1610.3993468594988,-634.4940268536479
P07T11,Other,570.654,180.652,494.209,306.144,668.625,351.178,0.0,1155.7510287712028,507.4190807807412
P07T11,Other,570.635,167.036,556.897,347.258,619.583,335.447,0.0,1610.3993468594988,-634.4940268536479
P07T11,Other,570.641,163.12,554.918,335.439,601.999,323.82,0.0,1155.7510287712028,507.4190807807412
P07T11,Other,570.599,161.177,554.919,323.785,603.984,321.868,0.0,1610.3993468594988,-634.4940268536479
P07T11,RKnee,572.534,153.345,554.895,331.599,613.695,325.748,0.0,1155.7510287712028,507.4190807807412
P07T11,RKnee,578.469,151.371,529.479,378.606,623.496,335.572,0.0,667.9773668954563,-127.89575339069708
P07T11,Other,592.126,161.078,543.184,368.897,664.688,378.59,0.0,1155.7510287712028,507.4190807807412
P07T11,Other,599.973,165.019,539.328,384.436,697.891,384.526,0.0,712.7230508167329,-18.760922976551306
P07T11,RKnee,602.02,167.105,527.496,398.184,711.71,400.139,4.0,1155.7510287712028,507.4190807807412
P07T11,MidHip,605.941,176.843,523.602,429.563,733.182,400.223,0.0,708.9071230793679,-25.278720440743836
P07T11,Other,615.607,182.736,511.867,458.957,748.901,429.6,0.0,1155.7510287712028,507.4190807807412
P07T11,Other,617.694,194.356,507.953,462.853,764.544,439.334,1.0,709.1430746118722,-29.77481638083047
P07T11,Other,623.524,196.424,507.815,456.982,788.024,443.225,1.0,1155.7510287712028,507.4190807807412
P07T11,Other,629.415,198.398,507.838,449.15,792.057,447.149,0.0,709.0442968446869,-26.63777212732368
P07T11,Other,633.288,208.094,507.956,441.268,799.855,447.188,0.0,733.7224932557024,-15.148543139114121
P07T11,Other,633.345,257.063,507.884,443.284,805.742,466.781,6.0,1155.7510287712028,507.4190807807412
P07T11,Other,633.28,272.845,503.992,468.717,809.632,478.591,7.0,732.2113888800443,-20.196043952689102
P07T11,Other,633.216,288.484,503.989,482.418,805.744,494.201,8.0,1155.7510287712028,507.4190807807412
P07T11,Other,633.188,294.412,505.951,505.911,805.608,507.96,8.0,732.7191330605954,-23.889409896515357
P07T11,LKnee,633.218,304.159,507.819,507.97,801.759,523.549,8.0,1155.7510287712028,507.4190807807412
P07T11,Other,633.226,306.135,505.888,523.519,795.885,531.457,8.0,723.2978427719806,8.08769757623164
P07T11,Other,633.278,306.204,507.846,527.515,794.003,543.215,8.0,1155.7510287712028,507.4190807807412
P07T11,LKnee,633.344,308.076,511.824,545.127,790.114,554.876,8.0,724.5184641642575,1.724899619854794
P07T11,LKnee,633.379,310.055,513.807,545.165,782.174,554.967,8.0,1155.7510287712028,507.4190807807412
P07T11,LKnee,633.298,313.95,519.678,552.95,776.284,554.973,8.0,724.9355884172294,-1.8323938841272458
P07T11,LKnee,631.323,315.935,521.653,554.975,762.646,550.987,8.0,1155.7510287712028,507.4190807807412
P07T11,Other,623.474,319.74,523.552,552.952,745.006,552.989,8.0,733.6665977973161,-4.527585874105231
P07T11,Other,619.557,319.82,523.502,552.997,737.111,551.023,8.0,1155.7510287712028,507.4190807807412
P07T11,Other,617.657,319.895,517.739,551.03,729.342,552.904,8.0,775.396650685015,-11.977224746548458
P07T11,RKnee,617.539,321.743,515.771,552.973,729.259,552.975,8.0,1155.7510287712028,507.4190807807412
P07T11,Other,615.589,319.911,517.729,556.948,725.314,554.847,8.0,772.9532172795634,-15.083968087903534
P07T11,Other,611.72,321.765,513.784,558.863,725.318,554.85,8.0,1155.7510287712028,507.4190807807412
P07T11,Other,607.845,321.774,505.894,547.103,723.406,558.865,8.0,773.9731147317402,-18.501814068071617
P07T11,Other,605.918,321.877,500.1,568.674,725.374,562.764,8.0,1155.7510287712028,507.4190807807412
P07T11,RKnee,603.968,321.896,498.115,570.631,731.231,558.874,8.0,774.9889239323761,-21.90493130373182
P07T11,RKnee,603.877,323.735,494.179,574.513,735.161,556.929,8.0,1155.7510287712028,507.4190807807412
P07T11,Other,603.833,325.757,490.298,572.639,727.395,572.577,8.0,776.0098333447997,-25.32420040296378
P07T11,Other,601.999,331.599,484.431,572.626,731.294,572.507,8.0,1155.7510287712028,507.4190807807412
P07T11,RKnee,601.962,333.5,480.461,566.691,737.118,560.839,8.0,768.1518995857248,-15.20164753728162
P07T11,Other,601.914,333.575,478.451,556.956,737.165,568.655,8.0,1155.7510287712028,507.4190807807412
P07T11,Other,601.902,335.535,476.52,560.825,739.124,556.913,8.0,761.1982660313188,-13.132364045776743
P07T11,Other,601.913,337.523,474.635,560.808,744.913,558.908,8.0,1333.3084969094698,445.3818905813594
P07T11,Other,601.962,343.341,474.579,568.592,745.065,564.754,8.0,762.7360136741271,-16.931058617672683
P07T11,Other,602.024,347.289,474.64,570.574,752.77,570.604,8.0,1155.7510287712028,507.4190807807412
P07T11,Other,605.866,349.209,476.513,572.622,752.806,576.492,8.0,763.5612897789224,-20.193641168793576
P07T11,Other,613.652,351.091,478.559,574.511,758.608,574.524,8.0,1155.7510287712028,507.4190807807412
P07T11,Other,617.588,351.135,486.371,574.545,762.597,588.237,8.0,747.136378990708,-10.392565324576887
P07T11,Other,621.568,351.088,492.301,582.363,766.502,597.99,10.0,1155.7510287712028,507.4190807807412
P07T11,Other,631.314,351.072,502.074,588.246,770.449,603.96,10.0,749.1831950812166,-14.623622155837525
P07T11,MidHip,635.184,349.196,509.798,597.996,772.37,605.906,10.0,1155.7510287712028,507.4190807807412
P07T11,MidHip,639.157,345.296,521.63,599.963,774.294,611.771,10.0,749.7983323564208,-17.757296657221534
P07T11,MidHip,647.014,347.248,529.468,603.982,774.258,609.799,10.0,1155.7510287712028,507.4190807807412
P07T11,MidHip,649.028,343.383,539.259,603.876,774.394,613.705,10.0,750.4242710958499,-20.946799424630385
P07T11,MidHip,652.873,341.416,551.023,605.843,776.247,615.602,10.0,1155.7510287712028,507.4190807807412
P07T11,MidHip,656.845,343.37,555.015,607.802,776.311,613.67,10.0,751.0391256197976,-24.080668945218058
P07T11,MidHip,664.527,347.216,566.664,607.867,776.423,607.846,10.0,1155.7510287712028,507.4190807807412
P07T11,MidHip,664.664,343.359,570.663,607.817,776.419,617.557,10.0,751.6601873102773,-27.247088420179022
P07T11,Other,666.538,341.438,572.531,603.965,780.256,617.567,10.0,1155.7510287712028,507.4190807807412
P07T11,Other,666.598,341.376,574.513,605.915,784.159,617.67,10.0,743.3504801263487,-16.752206554228994
P07T11,Other,666.71,339.49,572.601,605.855,788.045,615.689,10.0,1155.7510287712028,507.4190807807412
P07T11,Other,668.63,339.437,570.686,605.875,790.001,619.632,10.0,744.6048184263136,-20.919160488959996
P07T11,Other,670.578,339.475,570.559,609.804,792.096,619.569,10.0,1155.7510287712028,507.4190807807412
P07T11,Other,672.509,339.427,568.607,613.674,792.091,619.608,10.0,745.1198976532111,-23.957483022481885
P07T11,Other,672.494,339.42,562.754,609.819,793.992,621.523,10.0,1155.7510287712028,507.4190807807412
P07T11,Other,670.562,339.397,556.913,613.665,794.019,621.516,10.0,745.638415054382,-27.017869189443395
P07T11,Other,670.506,339.393,554.845,609.791,795.876,619.625,10.0,1155.7510287712028,507.4190807807412
P07T11,Other,666.71,339.415,550.984,603.986,794.009,619.562,10.0,1155.7510287712028,507.4190807807412
P07T11,Other,666.578,339.451,543.182,603.949,794.007,621.511,10.0,754.7376941065809,-30.974158839345396
P07T11,Other,664.676,339.483,541.2,602.005,793.943,621.543,10.0,1155.7510287712028,507.4190807807412
P07T11,Other,662.678,339.433,539.184,601.908,792.037,619.606,10.0,695.3398520220776,-16.28978762833775
P07T11,Other,656.819,337.547,535.357,596.081,789.972,617.655,10.0,1155.7510287712028,507.4190807807412
P07T11,Other,652.896,339.393,531.438,594.109,784.188,619.514,10.0,716.921276613453,-19.825276501068583
P07T11,Other,649.057,339.435,527.499,594.123,778.276,615.658,10.0,1155.7510287712028,507.4190807807412
P07T11,MidHip,647.042,341.38,525.563,598.022,774.41,617.613,10.0,715.6566867275496,-22.76317327789144
P07T11,MidHip,641.165,341.404,525.488,592.202,768.469,613.703,10.0,1155.7510287712028,507.4190807807412
P07T11,MidHip,637.22,341.434,523.676,598.023,760.747,619.534,10.0,715.7776055413665,-25.663057241497956
P07T11,Other,633.348,347.268,523.492,594.107,756.711,617.627,10.0,1155.7510287712028,507.4190807807412
P07T11,Other,631.318,351.108,521.6,594.082,745.025,617.567,10.0,699.1612509353121,-29.471170691332933
P07T11,Other,627.418,351.124,513.836,592.144,743.008,617.69,9.0,1155.7510287712028,507.4190807807412
P07T11,Other,623.516,351.117,511.877,594.119,737.109,617.606,8.0,700.4595490823737,-32.29385521784771
P07T11,Other,621.541,351.198,511.798,594.107,729.321,619.63,8.0,976.4092185529641,-219.14372154670647
P07T11,Other,619.642,351.209,509.874,590.254,729.3,619.555,8.0,700.3704695101274,-35.186525755214376
P07T11,Other,619.548,351.171,507.989,594.103,725.325,619.551,8.0,1018.4053259693347,-180.2719821601458
P07T11,Other,619.521,351.176,507.88,592.2,721.462,619.654,9.0,700.2798154683321,-38.09566196325023
P07T11,Other,619.517,351.196,507.866,596.08,721.483,619.593,9.0,1015.6024576078341,-129.44844112574305
P07T11,Other,619.543,351.248,505.965,592.153,723.436,619.621,8.0,700.1870961130008,-41.036466486783524
P07T11,Other,619.636,351.205,507.803,594.133,727.368,619.654,8.0,992.3418486820926,-102.90777198867497
P07T11,Other,621.574,351.152,507.824,592.199,729.402,619.538,8.0,700.0936482137372,-43.96648308556013
P07T11,Other,625.469,351.146,507.855,590.263,739.084,617.568,8.0,709.7798855534292,293.0677801203919
P07T11,Other,629.374,351.13,507.943,592.179,744.91,615.608,10.0,700.0002721044604,-46.861697654784784
P07T11,Other,633.207,349.239,509.848,590.164,748.906,611.756,10.0,685.0539745648075,325.6000909420408
P07T11,Other,633.368,347.294,511.862,586.202,758.569,617.606,10.0,699.9033387628883,-49.83423227705296
P07T11,Other,635.343,345.331,521.575,588.305,760.717,613.716,10.0,688.9091104673585,321.56644587036806
P07T11,Other,639.225,347.256,525.47,599.99,772.34,615.618,10.0,639.4829538707327,-19.245337489084537
P07T11,Other,646.998,349.215,525.646,603.922,774.446,619.626,10.0,467.1937732605392,584.3961794883605
P07T11,Other,649.01,347.286,533.387,605.866,780.222,617.561,10.0,643.6468208275506,-24.722571316857035
P07T11,Other,650.892,345.321,539.186,613.678,788.008,617.655,10.0,575.8748511864463,451.507159552809
P07T11,Other,652.875,345.329,541.224,615.665,790.064,621.588,10.0,676.3754279787827,-26.293961866389086
P07T11,Other,654.833,345.331,545.111,615.672,792.016,619.591,10.0,991.8419357118772,-5.767264319713288
P07T11,Other,656.784,347.249,547.106,613.709,792.1,617.65,10.0,664.7732787176578,-29.31196358861252
P07T11,Other,658.757,347.253,552.945,615.664,794.023,617.634,10.0,357.90440295606066,681.5936531105606
P07T11,Other,660.682,347.274,552.957,613.699,793.987,617.636,10.0,664.9286870132298,-31.89844575301116
P07T11,Other,660.704,349.153,552.974,613.733,793.957,617.552,10.0,-730.1555530556252,1796.5466097248066
P07T11,Other,658.781,349.228,552.933,613.663,792.043,617.572,10.0,664.3836670919311,-34.52794474491547
P07T11,Other,658.757,351.137,551.051,615.666,791.97,621.519,10.0,-1726.3083137908034,2890.2218940755133
P07T11,Other,656.809,351.24,549.078,605.916,789.916,623.502,10.0,688.9999592637622,-36.12124532267652
P07T11,Other,654.826,353.15,545.135,603.991,782.193,623.482,10.0,-3446.7164429303352,4804.870771952232
P07T11,Other,651.025,355.071,541.193,613.67,778.28,629.379,10.0,686.6779240817032,-38.84697158825222
P07T11,Other,650.846,355.132,539.256,611.718,774.437,633.278,10.0,-4328.307897413448,5669.586358115852
P07T11,Other,648.905,357.104,533.415,613.682,768.503,629.399,10.0,678.061296441606,-41.78889210253143
P07T11,Other,641.137,360.948,527.498,603.993,760.702,629.369,10.0,-7869.4188438244,9655.48554467342
P07T11,Other,635.365,360.973,523.676,609.76,756.72,629.41,10.0,678.4101011656462,-44.38797552977191
P07T11,Other,633.274,364.889,521.636,607.835,748.938,629.354,10.0,-11391.205681184927,13522.195769063592
P07T11,Other,631.273,366.754,511.893,607.846,743.083,625.471,10.0,686.4349290653398,-46.69431800207994
P07T11,Other,623.474,366.769,507.999,613.676,739.108,631.279,10.0,-5581.5035699096015,6671.844129692954
P07T11,Other,617.665,366.813,505.979,613.735,731.318,619.641,10.0,685.5027440102801,-49.30706272988081
P07T11,Other,615.67,366.775,498.124,605.866,731.285,617.625,10.0,-6651.589328116068,8821.378042190236
P07T11,Other,611.743,364.917,496.134,603.965,729.386,619.528,10.0,685.2576260692604,-51.940485880877674
P07T11,Other,609.753,364.933,494.172,601.912,731.278,613.67,10.0,-448.2536637204666,1441.8019721518767
P07T11,Other,607.833,366.837,494.149,603.856,737.161,617.559,10.0,726.7842489264556,-52.299839285301985
P07T11,Other,607.84,366.917,492.252,602.002,741.061,615.688,10.0,-1314.3516177412312,2561.0176247908344
P07T11,Other,607.865,368.777,492.177,603.901,743.029,615.626,10.0,723.5982389167764,-55.137702955178526
P07T11,Other,609.776,368.881,492.28,605.872,745.064,615.684,10.0,-109.78239316577583,1144.4739318713202
P07T11,Other,611.747,370.762,492.305,607.83,752.769,619.595,10.0,723.860600200237,-57.72478542133172
P07T11,Other,615.66,374.678,494.185,607.823,756.718,627.422,10.0,-983.623782731122,2086.302012087753
P07T11,Other,617.618,372.782,496.224,609.781,758.599,629.338,10.0,724.1251727213631,-60.33506476308864
P07T11,Other,619.528,374.723,503.975,617.605,760.58,633.305,10.0,258.51466005982644,858.2440689812947
P07T11,Other,623.473,382.443,509.839,615.652,760.68,635.319,10.0,724.3894001327292,-62.94333673473766
P07T11,Other,627.46,384.543,517.685,617.569,760.689,639.197,10.0,-125.12483740924313,1325.5347467415982
P07T11,Other,633.25,392.32,525.526,623.472,760.726,648.927,10.0,724.0650529829566,-51.70630436295352
P07T11,Other,635.171,398.209,533.379,627.436,762.655,648.943,10.0,-286.60703234961386,1507.1500790603677
P07T11,Other,637.266,402.168,539.259,635.29,762.681,662.654,10.0,724.376437734357,-55.35880176314778
P07T11,Other,643.071,413.823,543.234,635.338,766.528,662.643,10.0,826.0574852578791,144.7673113856787
P07T11,Other,643.09,417.785,554.839,649.007,768.479,664.654,10.0,724.6334887498901,-57.81006841768318
P07T11,Other,646.955,425.635,556.83,650.964,770.44,676.408,10.0,724.5971438114411,-53.33912464828661
P07T11,Other,648.856,429.562,556.965,654.832,768.504,682.279,10.0,698.3110619488315,309.52349751822817
P07T11,Other,648.913,431.584,560.836,662.654,772.322,684.209,10.0,676.6001198116958,338.4029342596227
P07T11,Other,648.916,433.534,560.829,664.561,772.387,686.183,10.0,724.8828469160978,-56.36114569055819
P07T11,Other,648.923,437.414,560.835,664.612,772.393,684.264,10.0,689.8271579620736,-18.110657560640835
P07T11,Other,648.867,441.264,558.853,664.637,770.408,684.219,10.0,655.5048141828751,360.53278902846597
P07T11,Other,645.072,443.192,556.823,666.608,768.512,684.298,10.0,683.2435601937661,-2.1711207805501154
P07T11,Other,639.214,441.307,552.97,666.608,770.388,684.279,10.0,1159.3698776318063,-68.81508171857004
P07T11,Other,635.371,441.26,545.13,664.7,764.53,680.329,10.0,683.7186753285775,-5.730285455247248
P07T11,Other,635.188,441.284,543.142,664.698,760.706,682.205,10.0,1136.6438017510452,-54.34947633372248
P07T11,Other,633.305,441.303,539.227,666.595,758.746,680.25,10.0,706.9486626361249,30.671178804242825
P07T11,Other,633.186,439.367,535.347,664.565,758.595,674.451,10.0,1133.1534218042245,-57.03479702837452
P07T11,Other,631.272,437.392,529.484,658.756,750.854,670.518,10.0,691.4528889021406,-47.248683267039766
P07T11,Other,627.401,433.496,527.497,654.831,746.992,670.562,10.0,1181.4588214579176,7.9346927948427135
P07T11,Other,623.557,431.588,525.588,654.843,746.91,666.585,10.0,697.2626017552341,37.217939963366916
P07T11,Other,625.433,431.522,525.62,652.899,745.076,664.696,10.0,1219.1832798227451,4.372916008061827
P07T11,Other,625.49,429.583,525.645,651.008,745.057,662.635,10.0,651.4448506910817,-80.27060879097655
P07T11,Other,627.399,427.539,525.621,648.94,745.067,660.743,10.0,1253.204833148519,34.874231220491566
P07T11,Other,625.494,417.769,525.555,631.307,746.899,652.858,10.0,614.3892388984439,-101.83299794907585
P07T11,Other,627.44,413.853,527.495,633.276,746.942,645.024,10.0,1232.730594135108,7.988892477498437
P07T11,Other,627.436,404.076,527.578,631.309,748.927,645.043,10.0,668.1905709083763,41.59611116423933
P07T11,Other,631.285,400.135,533.381,625.476,746.987,635.253,10.0,1238.3266428939382,98.77603247466594
P07T11,Other,633.238,394.244,537.254,619.576,754.737,627.44,10.0,554.3633974067134,27.27745758224821
P07T11,Other,633.358,384.464,539.189,615.662,758.63,623.514,10.0,1252.878604067122,184.23920437672837
P07T11,Other,635.188,374.723,541.162,607.819,758.75,617.698,10.0,634.2605783104245,102.62093736362333
P07T11,Other,635.208,368.78,539.348,603.937,758.673,611.721,8.0,1257.4173347047476,186.14708563470978
P07T11,Other,639.188,349.239,541.288,590.235,762.626,597.986,8.0,544.1002772555075,159.85642208831607
P07T11,Neck,643.095,341.394,543.178,586.295,764.598,588.283,8.0,1262.20744592975,230.7881335387253
P07T11,Neck,646.956,337.565,543.211,582.356,772.409,590.255,8.0,559.411160973806,309.5019539224587
P07T11,Neck,647.052,335.528,547.111,582.385,772.433,588.212,8.0,1266.6871451181498,228.97401497537444
P07T11,Neck,648.907,331.591,549.038,574.586,774.359,586.241,8.0,564.4081713710718,298.98329910619526
P07T11,Neck,649.014,325.718,549.082,574.512,776.277,588.199,8.0,1269.46710869235,275.39113487761256
P07T11,Neck,650.977,321.878,551.024,576.49,776.409,584.279,8.0,562.1662449533165,301.6571989737913
P07T11,Neck,654.824,321.723,552.898,570.6,778.329,584.34,8.0,1205.8637932628337,270.52519064158196
P07T11,Neck,658.742,315.916,554.843,564.754,782.214,582.351,8.0,560.5584247993479,304.33619080367305
P07T11,Neck,660.703,306.154,552.954,562.768,789.949,584.265,8.0,1243.5311795721664,251.09851730448804
P07T11,Neck,658.746,298.313,545.169,550.989,791.903,572.556,8.0,544.2575520863093,324.11743099015564
P07T11,Neck,651.041,290.381,541.21,539.249,792.002,572.519,8.0,1259.3569078502396,195.6079603025902
P07T11,Neck,648.893,278.669,531.434,525.531,799.785,558.844,8.0,543.7085302474959,325.65450332209645
P07T11,Neck,647.052,270.835,527.567,509.915,805.731,552.929,8.0,1241.7434064696736,242.25948283892464
P07T11,Neck,648.945,257.115,525.464,492.284,811.589,525.614,6.0,541.9623923377632,328.62316973299085
P07T11,Neck,648.976,239.545,519.651,464.802,823.288,511.84,4.0,1245.816700645578,152.9633300085809
P07T11,Neck,650.881,225.862,511.862,447.121,835.086,478.537,4.0,1610.3993468594988,-634.4940268536479
P07T11,MidHip,650.91,217.933,537.314,411.886,840.938,447.225,4.0,1180.7098787881544,282.01060312510714
P07T11,MidHip,648.898,208.121,494.208,386.47,844.921,417.797,4.0,1610.3993468594988,-634.4940268536479
P07T11,MidHip,646.994,196.451,478.506,400.203,852.643,384.461,4.0,1176.2659697983388,263.03217297391245
P07T11,Neck,646.939,186.62,480.519,396.251,872.359,388.414,4.0,1610.3993468594988,-634.4940268536479
P07T11,Neck,648.965,182.73,455.005,370.807,883.989,368.803,4.0,1144.1976134804,208.35028436672613
P07T11,MidHip,649.027,176.774,470.696,394.262,897.775,404.096,4.0,1610.3993468594988,-634.4940268536479
P07T11,MidHip,650.935,163.049,480.527,360.986,899.691,392.351,3.0,1071.5845316829568,164.15578514240474
P07T11,MidHip,650.898,141.547,476.514,294.411,0.0,0.0,5.0,1610.3993468594988,-634.4940268536479
P07T11,Neck,649.0,118.113,476.596,270.883,854.715,304.197,4.0,1071.2174737715936,150.92747709936634
P07T11,Neck,648.875,104.327,445.26,351.198,880.169,335.52,4.0,1610.3993468594988,-634.4940268536479
P07T11,Neck,648.868,92.6009,455.032,288.439,915.452,423.664,4.0,1073.8673329807148,152.69248319839085
P07T11,MidHip,650.863,82.7025,449.151,325.74,913.408,366.847,4.0,1610.3993468594988,-634.4940268536479
P07T11,Neck,652.864,71.0097,447.11,327.658,968.32,382.566,4.0,1155.7510287712028,507.4190807807412
P07T11,MidHip,664.563,68.9867,443.231,317.893,872.32,261.039,4.0,1610.3993468594988,-634.4940268536479
P07T11,LElbow,666.611,59.3032,460.84,237.562,960.42,257.097,4.0,1061.772041814495,152.41592559349039
P07T11,LElbow,680.315,51.4274,429.588,300.244,993.773,239.475,4.0,1610.3993468594988,-634.4940268536479
P07T11,Neck,695.911,41.62,421.74,263.043,0.0,0.0,5.0,1015.6714214816677,150.86140705720751
P07T11,Neck,713.642,39.7251,429.585,310.02,0.0,0.0,5.0,1610.3993468594988,-634.4940268536479
P07T11,Neck,731.221,45.5447,458.946,259.182,1042.78,280.64,9.0,1014.5934687023973,176.8382569160649
P07T11,Neck,746.892,71.0473,449.153,386.427,1072.09,398.211,4.0,1610.3993468594988,-634.4940268536479
P07T11,LElbow,760.732,116.072,476.533,435.424,1044.74,404.088,5.0,1025.369375298965,192.86446575121624
P07T11,Neck,766.489,161.141,509.931,435.402,1005.5,441.281,9.0,1010.372457220901,209.19082800849466
P07T11,Neck,760.587,210.103,541.255,492.286,972.197,494.178,10.0,1610.3993468594988,-634.4940268536479
P07T11,Neck,758.726,253.257,639.205,541.148,978.085,637.23,10.0,932.0894106116612,251.96753243777783
P07T11,Nose,758.586,288.543,637.225,566.657,940.91,635.262,12.0,1610.3993468594988,-634.4940268536479
P07T11,Nose,731.226,372.716,592.166,635.324,897.801,672.466,10.0,964.0733689123742,267.38161274868656
P07T11,Nose,729.265,392.314,599.952,637.242,893.892,664.606,11.0,1610.3993468594988,-634.4940268536479
P07T11,Nose,735.193,396.189,601.948,621.509,897.736,668.558,10.0,937.2242362326906,258.95406224130795
P07T11,Nose,743.047,390.39,596.095,603.857,899.694,662.687,10.0,544.4382587474853,375.6871663815401
P07T11,Nose,745.032,384.532,600.018,590.168,899.758,662.665,10.0,930.5870349103639,252.66861428569476
P07T11,Nose,748.88,386.496,601.932,588.276,915.443,672.511,10.0,1610.3993468594988,-634.4940268536479
P07T11,Nose,758.616,392.286,601.942,598.027,931.044,668.583,10.0,940.2890005938646,281.2542988269357
P07T11,Nose,766.539,386.512,609.807,601.946,948.665,668.547,10.0,541.4896895018628,382.21967184168295
P07T11,Nose,778.297,384.474,617.627,599.968,970.286,664.677,11.0,1078.0529899160051,136.74314344654832
P07T11,Nose,789.939,382.474,615.686,582.379,1007.49,668.574,9.0,526.6408890410971,402.94511619407024
P07T11,Nose,791.901,382.437,635.225,558.833,1023.17,617.649,9.0,1096.3928539875599,237.05998008079686
P07T11,Neck,778.286,335.412,623.522,566.678,989.842,645.035,10.0,527.533770692609,421.57905343623764
P07T11,Neck,772.385,304.093,621.529,531.434,983.968,652.914,10.0,1080.385566886652,300.8717532320657
P07T11,Neck,758.694,282.609,609.817,507.916,935.03,572.546,10.0,513.3289046546753,441.49934408784367
P07T11,Neck,744.931,272.811,617.615,492.227,962.424,617.609,10.0,1073.947481373812,341.463281102279
P07T11,Neck,735.19,264.979,596.061,498.154,948.671,623.518,9.0,506.7017873622076,452.92269975782517
P07T11,Neck,727.255,255.105,558.865,505.957,0.0,0.0,11.0,1089.1992253836672,368.7360664993916
P07T11,LElbow,711.668,247.383,539.258,503.955,948.748,631.33,10.0,527.9881700606346,471.3722103050631
P07T11,Neck,698.017,257.09,568.663,509.8,0.0,0.0,11.0,347.1246608285252,293.3603227104749
P07T11,Neck,692.047,257.209,562.759,494.169,0.0,0.0,11.0,519.8147965766634,491.4412942158678
P07T11,Neck,684.266,274.744,554.96,523.601,0.0,0.0,11.0,348.31342178816317,294.9819302457787
P07T11,Neck,682.253,302.175,533.37,554.926,0.0,0.0,11.0,559.3114373808496,492.11370714497434
P07T11,Neck,680.254,319.733,517.725,560.85,980.057,482.426,10.0,343.5246452229325,289.6726293339193
P07T11,Neck,672.474,321.879,527.489,568.631,1013.39,492.235,10.0,406.59830557416143,242.54845672712102
P07T11,Neck,680.385,335.569,519.676,570.556,993.757,668.589,10.0,349.05398609687063,295.5638846255708
P07T11,Neck,686.235,349.168,500.069,560.853,1087.86,453.069,10.0,408.77975001507076,246.9273220342679
P07T11,Nose,695.991,353.083,502.057,556.851,1009.45,656.816,10.0,350.2769743838494,293.81832681722875
P07T11,Nose,703.845,351.237,509.896,554.986,0.0,0.0,11.0,406.3076013662486,249.69200717479774
P07T11,Nose,713.595,353.16,539.2,549.025,0.0,0.0,11.0,349.31630128474603,291.0424675426946
P07T11,Nose,721.437,349.179,545.125,541.309,0.0,0.0,11.0,413.3851089366277,243.7750507352846
P07T11,Nose,727.351,333.583,588.24,523.534,0.0,0.0,10.0,415.60414893767745,240.7573934882153
P07T11,Neck,733.215,296.31,592.174,498.124,1011.4,478.605,9.0,349.3210707904547,286.12670176713834
P07T11,Neck,743.091,264.998,605.871,474.575,1007.52,439.32,9.0,416.96949215740517,238.85513410547028
P07T11,Neck,743.052,239.535,621.529,447.149,991.822,507.932,9.0,348.58487398371074,283.23602079279215
P07T11,Neck,745.01,225.705,619.584,431.588,1029.03,398.178,8.0,418.30145868422954,235.09925014410564
P07T11,Neck,743.09,223.762,617.61,427.577,995.808,453.067,4.0,347.50648057174385,278.01752112843775
P07T11,Neck,741.078,223.782,619.592,423.654,1056.47,368.845,4.0,419.4440214902771,231.68333477834167
P07T11,Neck,739.09,225.842,619.619,427.53,1050.6,329.649,4.0,347.30027471258126,273.31645831267497
P07T11,Neck,731.261,229.683,617.647,429.478,1048.65,292.398,9.0,420.30530531311035,229.12156559963495
P07T11,Neck,729.406,241.412,603.913,441.286,1025.16,384.466,9.0,346.28967933429004,270.6639424586099
P07T11,Neck,729.214,251.249,590.19,458.929,1058.4,474.626,4.0,420.97299052378094,227.26433082976564
P07T11,Neck,729.244,263.007,578.436,478.484,1074.13,478.541,9.0,346.14223202000505,270.24978830098837
P07T11,Nose,733.24,284.528,570.625,504.024,1072.14,427.574,5.0,421.976788952706,227.62140553182323
P07T11,Nose,741.019,292.411,562.779,521.65,1089.83,460.868,6.0,347.4207203904012,270.8068195755583
P07T11,Nose,743.036,302.169,552.967,541.265,0.0,0.0,10.0,423.60997702063673,228.74702930700883
P07T11,Nose,750.847,300.229,543.215,541.227,1089.79,462.794,9.0,348.77049195176875,272.1308601576356
P07T11,Nose,746.919,288.52,541.268,545.147,1027.09,576.479,8.0,424.1782718043846,230.13805117924133
P07T11,LElbow,737.132,276.777,551.01,556.942,980.108,641.116,10.0,349.84557546309236,272.7403931153982
P07T11,LElbow,721.46,272.865,527.541,554.913,938.906,666.589,10.0,425.48368170297584,231.5284935771549
P07T11,Neck,703.834,266.946,513.763,552.957,917.461,662.7,10.0,351.0948207370526,273.52777354818437
P07T11,LElbow,690.089,259.071,494.28,547.112,907.566,650.924,9.0,427.02474740547234,232.72283226459086
P07T11,LElbow,680.246,245.418,488.325,539.275,917.335,623.507,7.0,352.3964541305709,274.5755174070991
P07T11,LElbow,678.355,231.649,482.431,523.599,927.169,576.49,8.0,427.9968698060407,233.69731013439957
P07T11,LElbow,678.331,223.866,490.256,517.711,964.346,617.565,9.0,352.90543436766035,275.2235464841362
P07T11,LElbow,674.46,214.067,496.154,511.862,948.69,543.168,9.0,430.57981741810875,233.78661081327522
P07T11,LElbow,670.495,214.074,505.983,511.818,960.441,500.084,5.0,354.975494312681,275.2266331080903
P07T11,LElbow,664.671,225.845,509.868,511.875,995.735,484.409,5.0,431.9843544130466,233.8928025066367
P07T11,LElbow,662.618,241.52,494.262,509.922,1027.08,511.85,5.0,356.2750610188072,275.7039049328881
P07T11,LElbow,656.801,263.002,494.21,523.616,1023.13,472.659,10.0,429.20243156832396,234.90225736106083
P07T11,LElbow,654.845,290.446,529.475,568.627,1025.18,460.918,9.0,357.66615335074425,274.14951393702233
P07T11,LElbow,662.704,319.897,496.169,568.606,1054.46,502.055,6.0,359.14123266776744,272.82121360961406
P07T11,Neck,666.689,343.339,521.644,603.943,1103.5,588.217,9.0,433.5073909779818,232.85339201134232
P07T11,Nose,680.225,355.12,507.943,598.014,0.0,0.0,9.0,358.8606171096359,273.48324936362985
P07T11,Nose,682.352,366.889,554.969,648.98,0.0,0.0,11.0,430.562165635116,234.01286099556256
P07T11,Nose,690.134,368.852,521.586,603.954,1085.86,633.285,8.0,359.979631839933,272.3845009148654
P07T11,Nose,690.122,368.799,521.581,601.997,1034.9,603.939,10.0,436.7012431537695,232.25930681521754
P07T11,Nose,684.298,364.891,513.809,594.124,1017.3,613.706,10.0,361.18797997527724,272.35773898963544
P07T11,MidHip,682.211,351.175,511.817,586.244,1023.18,603.978,8.0,438.7372290172238,231.70062963478895
P07T11,MidHip,682.217,272.82,547.085,537.308,1034.92,547.104,8.0,363.0464448070434,272.7221181748248
P07T11,LElbow,688.169,255.143,564.743,505.954,999.652,496.164,9.0,439.2335987401676,231.394749672398
P07T11,LElbow,697.88,227.775,568.668,482.424,1034.9,572.552,10.0,363.9835885805095,273.60069985052104
P07T11,LElbow,705.82,200.364,572.578,462.856,1048.61,547.093,5.0,440.3783921739521,231.43371647096137
P07T11,LElbow,711.715,172.894,558.865,435.46,1038.86,415.814,5.0,365.67821395973215,274.33459417901366
P07T11,LElbow,715.656,143.499,619.556,364.92,0.0,0.0,10.0,442.1343467930966,231.80717450665017
P07T11,LElbow,735.174,114.093,652.895,333.58,1052.55,310.039,8.0,367.7194107231731,274.5142143995703
P07T11,LElbow,760.681,100.454,680.344,327.672,0.0,0.0,8.0,443.39531624303095,232.89613924453624
P07T11,MidHip,790.061,100.491,701.89,339.443,1072.11,374.72,9.0,368.2772081865175,275.24041170605926
P07T11,LElbow,813.519,102.456,692.078,390.391,980.097,337.467,10.0,444.42242845274484,233.22623429758582
P07T11,LElbow,836.966,102.381,633.273,462.921,0.0,0.0,11.0,369.9698818606032,276.67872507519337
P07T11,Neck,854.689,100.457,545.146,484.432,1085.85,647.025,10.0,445.07051735765066,234.3913083735947
P07T11,LElbow,876.25,151.351,611.753,619.579,0.0,0.0,11.0,370.1940231800523,277.53031816578425
P07T11,LElbow,886.114,194.429,0.0,0.0,0.0,0.0,13.0,445.89479750656943,235.5333693167298
P07T11,LElbow,897.818,229.749,0.0,0.0,917.402,678.365,12.0,370.77173986434923,278.91762440773766
P07T11,Neck,899.809,266.947,0.0,0.0,909.517,596.092,12.0,446.2332060222884,235.9266411786821
P07T11,Neck,903.663,288.459,0.0,0.0,838.996,613.687,12.0,372.14100742059765,281.50025945943827
P07T11,Neck,911.519,282.631,0.0,0.0,897.763,451.116,15.0,447.6544439600748,236.61713693949312
P07T11,LElbow,911.492,249.337,748.872,601.985,870.41,431.523,13.0,372.44215487101286,282.12112472849077
P07T11,Other,897.788,192.49,744.995,539.265,882.13,364.899,7.0,448.1489177738365,237.0192288825426
P07T11,Other,870.341,149.486,0.0,0.0,0.0,0.0,9.0,373.10681727456574,283.46663674155127
P07T11,Other,852.775,161.174,695.97,455.01,903.647,357.05,5.0,448.7651176659921,238.33265278172345
P07T11,LElbow,823.269,227.825,682.217,649.014,895.782,411.901,5.0,372.56209631155025,284.164601567753
P07T11,Neck,803.676,290.426,658.747,633.252,886.102,462.885,4.0,448.86526690231256,239.79356940205722
P07T11,Neck,778.282,310.091,635.337,605.849,883.967,492.296,9.0,372.9742845201208,287.61973757776383
P07T11,Neck,768.508,313.924,629.343,580.393,856.644,480.468,5.0,450.03598350892196,241.13132206454
P07T11,LElbow,758.641,310.066,623.518,574.507,854.757,492.218,7.0,373.4864499241785,291.30367097787763
P07T11,LElbow,750.855,304.103,623.527,564.716,860.574,503.994,8.0,450.00598101452454,242.7042337330748
P07T11,LElbow,750.878,288.519,617.638,556.926,868.35,500.094,4.0,373.53736259212013,296.02108371142606
P07T11,Neck,760.645,272.783,617.618,547.094,876.219,480.473,4.0,448.1421742983547,246.2824965359447
P07T11,Neck,768.469,251.258,623.517,543.167,878.191,492.225,8.0,374.4578789873186,302.34074190831456
P07T11,MidHip,772.332,227.676,631.363,509.894,893.861,478.556,8.0,446.37111177647773,249.6527366878621
P07T11,MidHip,776.304,194.509,635.292,474.619,0.0,0.0,9.0,375.2130461521391,309.93353483090254
P07T11,MidHip,780.237,165.112,619.541,431.594,0.0,0.0,5.0,445.45328279789715,254.83922961928275
P07T11,MidHip,778.279,147.482,627.432,415.822,0.0,0.0,10.0,376.0991505457404,318.03604111344094
P07T11,MidHip,774.358,125.904,639.169,396.262,921.282,419.786,8.0,443.35443182951985,258.3031938043677
P07T11,MidHip,762.65,102.391,629.396,366.859,931.089,402.126,8.0,376.44864401838583,323.6717945084356
P07T11,MidHip,760.62,69.0268,629.4,323.733,958.54,353.123,8.0,441.50358977982455,260.3896461705837
P07T11,MidHip,758.704,55.3022,633.264,310.073,960.504,313.963,9.0,376.33841722174475,328.7855976102148
P07T11,MidHip,748.919,43.5765,609.769,306.206,952.663,333.559,8.0,441.44538698257895,261.90897891971133
P07T11,MidHip,748.856,37.7536,617.627,306.155,962.376,380.579,8.0,377.9374477418727,335.2037476210355
P07T11,MidHip,752.784,33.8044,621.582,304.071,964.446,392.34,9.0,439.66562789064795,263.3041634343282
P07T11,MidHip,748.902,23.977,621.553,306.066,970.294,335.487,9.0,379.2445800175484,342.565900190993
P07T11,MidHip,746.941,22.0087,617.599,313.927,978.115,404.066,9.0,439.4436049740804,267.39527403650254
P07T11,MidHip,745.001,22.1467,646.985,313.965,0.0,0.0,10.0,381.11859596458555,351.91504843360286
P07T11,MidHip,745.044,33.76,609.808,337.41,995.769,378.63,8.0,438.44450278342373,271.4690199445025
P07T11,MidHip,748.899,49.488,646.983,351.201,0.0,0.0,11.0,382.60624531144117,358.53634876503787
P07T11,MidHip,760.685,82.7341,658.78,398.199,0.0,0.0,10.0,437.20433452818304,276.29117719287046
P07T11,MidHip,774.258,120.017,637.221,443.229,1070.21,400.161,9.0,385.5600693809353,365.0699176015613
P07T11,MidHip,789.936,212.035,641.156,492.313,980.026,601.951,9.0,437.54966701438855,279.70490882468135
P07T11,MidHip,797.848,257.054,650.892,509.872,1019.27,695.957,7.0,386.44945652104246,369.07168815640455
P07T11,Neck,803.762,288.44,648.955,523.559,983.989,699.935,8.0,437.81854749199425,283.38719468859796
P07T11,Neck,795.956,304.129,648.981,527.515,964.376,690.105,5.0,387.9917441489496,367.08785711736317
P07T11,Neck,791.915,310.077,643.104,539.18,933.106,666.566,5.0,438.15638017547286,282.82847863255347
P07T11,Neck,788.053,321.885,635.22,545.141,944.81,662.689,5.0,386.70058114127494,367.7583258055445
P07T11,Neck,782.162,333.513,627.417,554.847,944.783,633.321,10.0,439.3829240878807,282.52300160093773
P07T11,Nose,780.221,333.531,635.284,556.854,956.543,623.517,5.0,388.3337856314685,367.4277268524363
P07T11,Neck,789.99,323.728,645.048,554.973,978.108,611.774,5.0,439.7862979616035,281.1341081501097
P07T11,Neck,803.682,319.833,650.923,554.942,1011.36,601.951,5.0,383.741307126997,370.45202053585217
P07T11,MidHip,819.405,315.883,662.678,556.828,1036.88,572.613,5.0,441.18505476207565,279.479259090733
P07T11,Neck,844.852,310.072,674.416,566.679,1072.16,539.301,5.0,387.5893944268831,361.31850122862573
P07T11,Neck,846.857,311.991,682.31,568.678,1074.11,498.134,9.0,443.43159261003655,277.3865184401521
P07T11,Neck,862.497,310.047,705.775,556.902,1101.51,488.336,5.0,382.90075614673015,364.9267706842292
P07T11,MidHip,895.841,319.856,731.245,541.308,1119.2,513.774,5.0,444.0714170027676,275.3101622337144
P07T11,Neck,933.021,306.193,762.613,509.97,0.0,0.0,7.0,388.48819757977697,349.756873384371
P07T11,Neck,958.54,290.501,762.574,490.315,1050.57,500.109,6.0,447.51035916852607,273.2095087091884
P07T11,Neck,962.336,261.052,772.345,470.662,1134.8,462.846,6.0,450.22335931166515,270.20451101502874
P07T11,Neck,954.611,235.608,776.312,453.035,1078.02,507.927,9.0,386.8680153343655,344.67853843443714
P07T11,MidHip,946.709,210.038,764.582,445.202,1074.14,490.237,9.0,451.9027956767445,267.5112799180656
P07T11,LElbow,930.994,176.852,760.625,429.531,1117.18,382.475,9.0,387.10043715313407,336.83392440265743
P07T11,MidHip,905.639,147.476,737.137,415.825,1074.12,507.896,9.0,454.09252332357426,263.8348161186816
P07T11,MidHip,887.996,129.744,707.751,411.858,1058.51,337.502,9.0,387.6749849838313,331.14111013898906
P07T11,Neck,789.932,104.297,601.893,429.552,1119.15,343.362,10.0,455.8322789225426,261.2316111299554
P07T11,Neck,727.23,102.34,527.558,435.443,1038.85,500.065,10.0,386.5409549887154,323.9670292474931
P07T11,Neck,680.381,112.183,496.137,460.921,0.0,0.0,11.0,458.4489370262608,258.6261192385605
P07T11,MidHip,649.036,131.668,482.484,490.282,0.0,0.0,11.0,386.87848284841346,319.22405612506583
P07T11,LElbow,635.269,159.149,494.236,586.289,0.0,0.0,11.0,459.68928125084255,255.4860563642751
P07T11,Neck,623.517,194.394,460.871,562.769,0.0,0.0,11.0,386.54061089046354,314.57630553406517
P07T11,Neck,586.335,188.544,431.58,584.326,0.0,0.0,11.0,460.9852902507447,252.91021267564633
P07T11,Neck,572.537,180.77,427.559,576.475,0.0,0.0,11.0,386.31069682365904,309.171854828783
P07T11,MidHip,574.539,178.786,429.605,680.293,0.0,0.0,11.0,462.4091063552778,251.59451714333085
P07T11,MidHip,588.21,180.688,447.18,609.803,0.0,0.0,11.0,387.13811589125265,307.6302709940643
P07T11,LElbow,588.328,194.437,447.197,686.206,0.0,0.0,11.0,464.0616755031963,250.90178915814118
P07T11,Neck,570.558,198.396,449.157,692.086,0.0,0.0,11.0,387.44658429255867,306.325974984816
P07T11,MidHip,509.928,206.176,447.112,690.114,982.013,310.069,10.0,465.22273657278697,251.34785554960487
P07T11,Neck,492.196,212.072,433.437,652.898,899.709,300.247,11.0,388.3848267702243,305.6275298927386
P07T11,Neck,478.52,221.845,421.707,619.534,929.079,321.845,11.0,467.135574245635,250.88391473670728
P07T11,LElbow,470.696,221.881,406.036,596.073,0.0,0.0,12.0,389.82897454979985,304.2960409516359
P07T11,Neck,460.854,219.93,402.097,576.487,868.396,349.203,11.0,468.78954589714897,250.4788763228535
P07T11,Neck,453.073,210.167,400.161,566.714,839.032,306.169,10.0,390.37907565377304,304.96709262716945
P07T11,Neck,466.787,196.45,408.018,549.079,852.758,306.16,11.0,470.1433202764474,250.3648931013694
P07T11,Neck,482.423,188.582,413.829,537.283,866.441,313.967,11.0,391.0308468154957,304.93728696453286
P07T11,MidHip,482.468,186.618,431.507,552.959,860.572,445.217,11.0,471.0136424200675,250.47392054079373
P07T11,MidHip,476.55,180.806,429.553,527.494,899.785,464.834,10.0,392.57681984614555,306.35427167886786
P07T11,MidHip,466.789,165.023,451.123,507.907,817.439,321.795,10.0,472.0252567177546,249.6938155799593
P07T11,Neck,462.789,139.604,431.524,451.092,868.428,404.081,9.0,393.20044677291486,304.9522599610816
P07T11,Neck,462.843,137.613,413.837,431.469,811.578,308.079,11.0,474.00197741959494,250.35161447432554
P07T11,Neck,462.792,135.661,419.777,445.174,813.515,317.867,9.0,393.94126029251703,306.44082870846603
P07T11,MidHip,458.875,145.406,415.853,464.841,846.829,357.064,9.0,475.3400456990587,251.28503669447434
P07T11,MidHip,456.926,157.197,415.849,458.934,805.653,317.815,8.0,395.50070421791315,306.03621445494724
P07T11,MidHip,458.925,168.991,431.481,453.06,0.0,0.0,10.0,476.3896548219377,251.41551554014575
P07T11,Neck,453.079,182.667,431.54,507.943,790.058,353.182,9.0,397.1045212222716,307.07969130882395
P07T11,Neck,447.206,196.403,458.94,523.552,0.0,0.0,10.0,477.7315809608326,251.79984920552778
P07T11,Neck,439.373,196.458,400.118,464.813,0.0,0.0,11.0,398.6419644948178,308.3915986590649
P07T11,MidHip,431.432,196.399,398.169,464.83,701.848,427.595,9.0,477.84015803261855,251.02435523552907
P07T11,RElbow,443.255,194.366,398.168,474.609,688.161,480.467,10.0,400.29656846868147,306.5123872259243
P07T11,MidHip,445.243,182.765,398.186,478.481,0.0,0.0,11.0,479.45653514651224,251.54411103202696
P07T11,MidHip,443.24,174.855,384.515,466.79,715.601,478.571,11.0,400.55961869415603,308.179644370247
P07T11,RElbow,431.515,153.342,366.862,468.747,727.322,478.514,10.0,480.1933332119325,251.74106286829206
P07T11,MidHip,415.796,131.702,325.719,466.759,741.063,451.099,8.0,401.21416064931077,308.73029290000676
P07T11,MidHip,400.201,102.333,409.981,458.896,0.0,0.0,10.0,480.29254314898014,251.3966069457654
P07T11,Other,384.429,69.1236,382.494,460.848,735.169,274.859,8.0,401.15502702638736,310.23293668256116
P07T11,Other,366.78,47.5122,0.0,0.0,0.0,0.0,11.0,401.7447107034436,310.05920343106857
P07T11,Other,351.099,29.8847,317.841,509.816,0.0,0.0,13.0,481.50021023259507,251.6406128046357
P07T11,MidHip,351.15,4.38234,0.0,0.0,0.0,0.0,14.0,402.0443486560362,310.46488054059955
P07T11,MidHip,390.355,5.35427,212.143,523.574,554.941,106.324,12.0,481.46648874331197,250.90787708464708
P07T11,Neck,408.016,5.35116,0.0,0.0,582.371,147.381,15.0,401.77273140760735,308.6522487367955
P07T11,Neck,409.955,24.0563,0.0,0.0,725.388,243.441,11.0,481.77771872486323,250.5939738140935
P07T11,MidHip,415.86,59.2985,0.0,0.0,729.263,290.461,11.0,401.6366168210891,309.4042672457683
P07T11,MidHip,429.479,108.256,0.0,0.0,723.418,315.898,11.0,481.6841873595497,250.1453456060332
P07T11,MidHip,443.298,161.095,0.0,0.0,0.0,0.0,12.0,402.2080451182674,308.33905165519053
P07T11,MidHip,451.099,204.261,0.0,0.0,703.835,351.182,11.0,482.0662874335302,250.05766724459625
P07T11,MidHip,462.77,237.545,0.0,0.0,793.939,433.491,12.0,402.2783736031041,307.57978672204484
P07T11,Neck,468.742,255.223,404.085,715.605,786.116,451.114,11.0,482.25944135125053,249.9414456418054
P07T11,Neck,466.826,261.104,415.802,699.902,795.933,462.847,11.0,403.0310213861645,307.46894504463944
P07T11,Neck,460.913,259.192,415.78,670.528,788.031,480.508,11.0,482.371439771826,250.18667295214038
P07T11,MidHip,454.977,257.135,413.919,664.589,772.341,453.066,11.0,402.4336649051796,306.7247374510834
P07T11,MidHip,443.255,243.401,376.631,619.572,733.23,431.518,9.0,481.77036485517505,249.28041157043052
P07T11,Neck,433.446,249.304,357.078,619.579,729.307,456.981,11.0,403.26309291234253,308.4083485190601
P07T11,Neck,437.396,251.235,349.23,623.529,731.279,460.894,11.0,482.17245664917107,250.67344312213675
P07T11,Neck,447.193,243.47,345.303,645.054,742.965,464.791,11.0,403.6421431476196,313.1869770251955
P07T11,MidHip,460.962,237.553,335.451,664.653,752.798,466.811,11.0,481.04871133779216,253.6018474882829
P07T11,MidHip,472.632,227.68,313.944,686.205,762.635,455.004,12.0,405.47939295390097,318.6946447237043
P07T11,Neck,484.388,212.166,292.43,684.221,766.512,429.495,10.0,479.1831389784815,257.0650306704141
P07T11,MidHip,498.117,194.408,0.0,0.0,797.845,384.463,11.0,406.0893317162454,323.70791984567666
P07T11,MidHip,519.684,180.749,0.0,0.0,823.296,382.504,10.0,477.80999458410224,260.14928620662835
P07T11,Neck,523.525,178.71,0.0,0.0,837.065,351.188,11.0,406.0388166177739,321.66918773605965
P07T11,LElbow,507.967,170.936,0.0,0.0,850.786,355.095,12.0,476.5774246456713,258.7303667425958
P07T11,Neck,500.073,172.929,0.0,0.0,840.964,345.321,11.0,406.4966673282987,325.9959572834398
P07T11,Neck,505.984,192.491,0.0,0.0,836.988,335.542,14.0,475.536360474277,258.62203037645344
P07T11,Neck,498.145,229.736,0.0,0.0,829.234,370.781,11.0,408.1505509419709,330.15155468353316
P07T11,Neck,490.24,259.176,552.953,703.833,795.911,396.259,11.0,473.8518146275272,259.91017255683266
P07T11,Neck,474.61,266.962,496.157,643.097,780.207,411.886,10.0,407.6804245097678,332.76900881786923
P07T11,Neck,460.814,272.722,445.244,611.733,754.766,429.494,10.0,472.6380117573742,259.0425906419059
P07T11,MidHip,447.17,261.042,402.16,586.252,739.06,443.23,10.0,410.23187126327,335.46713257772683
P07T11,MidHip,449.111,257.056,329.658,568.663,723.43,447.22,11.0,471.39121103496,260.0183788985879
P07T11,Neck,433.512,263.047,268.859,570.566,684.211,494.219,10.0,409.15827631075865,345.00462567490155
P07T11,Neck,415.846,282.617,259.133,609.779,637.232,509.903,10.0,470.5058657312809,263.96114586025084
P07T11,Other,447.245,284.58,302.199,652.913,682.283,513.778,10.0,414.01698906046045,344.67347871461413
P07T11,RElbow,478.617,288.459,341.362,688.151,715.629,511.804,10.0,468.7194644259896,267.14332534953917
P07T11,RElbow,484.442,272.828,366.903,666.653,741.082,488.322,10.0,412.8928662395007,354.52664242544864
P07T11,MidHip,492.285,247.366,384.488,662.678,760.617,478.52,10.0,470.22740925436483,265.6977965016622
P07T11,MidHip,507.826,239.472,396.252,658.777,788.044,482.448,10.0,415.53777758719843,348.70428437369424
P07T11,Neck,519.664,245.44,400.21,637.22,807.663,498.124,10.0,469.46027260130984,266.79991912486696
P07T11,RElbow,533.369,249.311,431.506,633.33,838.965,492.22,9.0,414.6784623967704,359.0592901696472
P07T11,RElbow,543.163,237.585,447.157,601.889,856.63,478.513,10.0,468.0277602377769,270.2978624020317
P07T11,MidHip,554.836,225.701,441.324,562.768,860.537,462.884,8.0,429.15501528398704,364.8752572861571
P07T11,MidHip,556.902,214.105,462.83,551.04,864.472,443.281,9.0,475.6159528728863,269.39229647921934
P07T11,MidHip,554.948,210.029,474.608,543.159,854.651,468.727,9.0,455.53930123189645,347.0858811249949
P07T11,Neck,525.485,198.373,411.903,529.48,831.186,449.168,8.0,496.5445338771303,265.18138508569916
P07T11,Nose,505.957,200.368,384.523,537.264,0.0,0.0,9.0,451.3224079463546,350.27142695973356
P07T11,Nose,494.196,212.069,372.722,558.895,776.351,496.154,10.0,500.5783842566592,264.1482024977252
P07T11,Neck,503.964,221.884,366.845,584.31,819.401,503.97,10.0,443.6816633019976,343.90007530654367
P07T11,Neck,539.158,227.833,384.555,639.208,852.713,523.592,9.0,492.7998731544196,261.3604966944663
P07T11,Neck,553.01,241.389,394.283,715.595,852.716,535.351,10.0,442.3719591401964,346.0862484806558
P07T11,Neck,551.006,259.152,0.0,0.0,850.773,523.617,11.0,491.9190986506308,258.9767989010325
P07T11,Neck,564.7,276.736,0.0,0.0,854.675,478.496,14.0,440.5682685367318,347.62253705679194
P07T11,RElbow,621.596,290.454,0.0,0.0,917.355,484.392,14.0,492.197695800818,256.2157338152581
P07T11,Neck,664.717,276.726,0.0,0.0,929.102,527.502,13.0,438.7826189583086,349.1501193937448
P07T11,MidHip,650.95,214.071,0.0,0.0,948.727,402.117,12.0,493.4187704143278,254.84429532239764
P07T11,MidHip,633.348,200.302,0.0,0.0,982.035,390.373,12.0,435.0000293974954,328.7081405575393
P07T11,MidHip,623.551,210.099,0.0,0.0,976.122,378.603,11.0,494.1030310934939,253.33112827743358
P07T11,MidHip,590.174,225.853,502.021,678.365,972.221,400.185,10.0,433.3010846246782,331.8146512227558
P07T11,RElbow,555.004,210.117,474.582,619.524,944.769,411.875,10.0,493.65460718594125,250.88733680258588
P07T11,RElbow,525.653,186.613,0.0,0.0,0.0,0.0,12.0,430.8628691373574,316.62847480479184
P07T11,MidHip,500.103,182.769,443.285,601.967,821.384,484.407,11.0,493.96696165415744,249.63238802821593
P07T11,MidHip,478.53,196.469,413.883,605.908,797.877,470.708,11.0,427.93945059166526,310.9158300279767
P07T11,MidHip,474.603,202.314,400.251,598.018,782.184,453.069,11.0,494.4487314315981,248.45186030485456
P07T11,RElbow,484.443,196.368,411.934,574.538,786.134,445.226,10.0,426.1253386177517,312.5895666833394
P07T11,RElbow,494.259,192.516,415.918,554.926,795.902,421.714,8.0,494.84571273054667,245.24964704543046
P07T11,MidHip,523.575,204.261,429.539,541.186,0.0,0.0,10.0,422.81451771869257,298.4031884266876
P07T11,RElbow,539.212,212.068,415.85,547.109,0.0,0.0,12.0,494.6398128472491,244.07038959137938
P07T11,RElbow,525.579,215.993,374.709,570.624,0.0,0.0,11.0,421.00892083486576,300.47056684340345
P07T11,RElbow,507.971,223.781,292.441,592.172,0.0,0.0,11.0,495.2975268523141,241.73451123729484
P07T11,RElbow,474.57,214.079,263.032,527.556,0.0,0.0,11.0,419.96387163323897,289.7530385775062
P07T11,RElbow,447.218,202.298,180.769,586.248,725.395,427.545,10.0,494.5098560894236,239.04159926399208
P07T11,Neck,490.23,192.417,0.0,0.0,713.596,382.562,12.0,417.982915587121,291.3761464766093
P07T11,Neck,560.793,212.1,0.0,0.0,0.0,0.0,16.0,494.23458318122135,235.05189146439469
P07T11,Neck,605.863,296.31,0.0,0.0,0.0,0.0,16.0,494.58459807880126,232.33588210382464
P07T11,Neck,625.455,319.878,0.0,0.0,0.0,0.0,16.0,415.0652833872153,292.4049386235926
P07T11,Neck,645.052,302.175,0.0,0.0,917.333,543.166,15.0,493.8370806516246,230.6241672990635
P07T11,Neck,707.738,223.832,0.0,0.0,964.368,464.831,14.0,416.17522012660515,279.3374601216712
P07T11,RElbow,666.684,217.953,0.0,0.0,974.153,364.861,14.0,494.2632890854341,230.1663781087406
P07T11,RElbow,650.97,245.453,0.0,0.0,948.741,374.671,14.0,413.99377954531445,280.9909279148391
P07T11,RElbow,664.608,247.383,0.0,0.0,0.0,0.0,15.0,494.69181069955226,233.08510751819855
P07T11,Neck,668.601,229.75,531.416,715.623,978.064,519.656,11.0,416.94167592640736,285.1791124962096
P07T11,Neck,637.225,198.415,0.0,0.0,762.637,464.81,12.0,495.38907674762856,237.53230173042354
P07T11,Other,588.279,200.366,486.357,664.599,0.0,0.0,11.0,418.4987251547286,292.1126085825711
P07T11,Neck,572.659,225.831,0.0,0.0,884.041,605.871,14.0,494.7941242424945,239.22873341268564
P07T11,Neck,554.957,264.967,0.0,0.0,880.143,558.835,14.0,418.8604386084488,297.0812173802328
P07T11,Other,519.648,304.16,0.0,0.0,0.0,0.0,15.0,496.30580799314055,240.6953679300545
P07T11,Other,443.241,353.163,0.0,0.0,774.395,494.196,14.0,418.8334123801918,297.47836461064134
P07T11,Other,351.261,370.793,0.0,0.0,596.069,455.022,15.0,497.00279241484145,241.93968236044626
P07T11,Neck,333.481,349.182,0.0,0.0,0.0,0.0,15.0,419.0329719692245,298.36673327679836
P07T11,Neck,349.201,341.4,0.0,0.0,386.429,664.628,14.0,497.3635222486639,243.8689182532514
P07T11,Other,368.783,359.047,0.0,0.0,390.348,715.599,15.0,419.51743267146526,299.5173358339316
P07T11,Other,382.522,372.717,0.0,0.0,0.0,0.0,16.0,497.90176883658853,245.73268737415927
P07T11,Other,337.461,388.451,0.0,0.0,0.0,0.0,17.0,419.2847810412453,308.27302776122224
P07T11,Other,270.872,345.317,0.0,0.0,0.0,0.0,16.0,498.1626782445426,247.06558925017208
P07T11,Other,268.893,286.484,0.0,0.0,0.0,0.0,16.0,420.53774862154967,303.70801776270645
P07T11,Other,290.529,259.202,0.0,0.0,0.0,0.0,16.0,499.3196148693364,247.6205160099028
P07T11,Other,290.553,263.058,243.417,715.582,0.0,0.0,16.0,421.69553504690055,304.9381453800733
P07T11,Other,253.249,243.427,229.762,650.882,0.0,0.0,15.0,500.2157589099199,248.58897166229295
P07T11,Neck,227.776,227.732,0.0,0.0,433.469,684.239,13.0,421.2079036930504,305.9365030515609
P07T11,LElbow,274.811,241.46,321.821,599.981,509.88,617.57,11.0,500.6349987802559,249.43574139225595
P07T11,Other,296.319,247.364,313.954,635.244,509.905,570.589,11.0,422.0530407323986,308.26536891359245
P07T11,Other,312.034,251.251,323.764,543.197,409.962,553.003,11.0,500.6219345290281,249.08992473391194
P07T11,Other,319.758,245.448,341.414,570.552,443.252,507.952,11.0,421.1530815068538,308.3478189912817
P07T11,Other,321.847,229.759,347.242,531.401,447.174,460.948,11.0,501.3497264578524,249.78000404451438
P07T11,Other,335.4,208.186,349.182,494.244,455.03,431.525,11.0,421.6174350182521,308.3944961875142
P07T11,MidHip,339.448,184.638,351.23,472.639,482.423,413.95,11.0,501.59759175786354,249.9302905185936
P07T11,RElbow,353.091,165.025,353.092,472.664,476.502,398.129,11.0,421.6406499564589,309.06115374345796
P07T11,RElbow,360.948,151.404,349.181,455.042,486.391,398.12,11.0,501.25800775328355,250.80424176093842
P07T11,RElbow,366.903,147.5,341.408,460.904,492.266,392.346,11.0,421.54375099227434,309.38497976884054
P07T11,RElbow,415.791,167.006,353.102,476.529,523.544,429.613,11.0,501.41696132781703,250.5255848461998
P07T11,Other,427.575,194.478,353.242,507.956,543.201,462.818,11.0,421.86739554025075,308.69247746296224
P07T11,Neck,449.125,196.358,382.473,490.302,627.406,480.538,9.0,501.48553952321555,250.42264143453883
P07T11,MidHip,460.979,178.857,392.319,478.545,645.071,474.578,10.0,421.9005090123244,308.42167500111213
P07T11,RElbow,462.859,165.14,396.261,480.482,651.018,468.745,10.0,501.350726465765,251.05095567964997
P07T11,RElbow,464.81,163.181,402.143,521.586,666.57,462.787,10.0,421.57971540086174,309.501473191055
P07T11,MidHip,472.675,149.442,398.243,490.302,742.993,441.286,10.0,501.53946534840384,252.24190340907998
P07T11,MidHip,486.356,145.429,396.274,531.427,805.681,456.986,11.0,420.8781315026504,310.5672395647919
P07T11,MidHip,505.993,155.267,396.213,584.31,750.858,398.234,11.0,500.42815600847666,253.9045931516177
P07T11,MidHip,525.566,178.772,413.916,697.906,0.0,0.0,11.0,422.88983014748175,313.8050985596446
P07T11,Other,570.644,227.811,400.138,672.496,882.096,552.968,13.0,499.8086453329893,259.76657212786455
P07T11,Other,598.022,272.75,488.29,715.622,839.018,531.415,13.0,423.8288226984781,322.2543562394617
P07T11,Neck,656.771,255.194,0.0,0.0,903.696,543.174,15.0,423.9723680995859,330.59588919058143
P07T11,Neck,762.578,286.504,0.0,0.0,0.0,0.0,16.0,498.56438856790106,264.8992949008594
P07T11,Other,866.433,329.658,0.0,0.0,999.658,605.847,15.0,424.91021196024207,336.14999695867795
P07T11,Other,901.688,380.53,0.0,0.0,993.765,607.867,16.0,496.61238724774927,268.06961373315795
P07T11,Other,921.311,382.562,0.0,0.0,1036.9,601.925,16.0,425.2407888530523,336.68046593601997
P07T11,Other,923.286,358.995,0.0,0.0,1074.12,545.157,14.0,495.039065556731,269.3520229527853
P07T11,Neck,870.295,335.55,0.0,0.0,956.544,537.257,14.0,423.8038540450366,337.7571200256325
P07T11,Neck,815.469,321.729,0.0,0.0,929.089,515.772,14.0,493.3873098956043,269.8220833913934
P07T11,Neck,774.392,310.02,0.0,0.0,964.41,578.445,14.0,424.8054046757448,341.13375605030376
P07T11,Neck,711.644,263.025,633.252,648.909,919.35,480.505,10.0,491.5717342215037,270.55132652524276
P07T11,Neck,654.857,253.261,574.542,603.855,0.0,0.0,11.0,425.0804145539851,345.83446917068096
P07T11,Neck,599.966,229.737,529.459,558.848,0.0,0.0,9.0,489.62462817479593,271.94735222280286
P07T11,Nose,558.886,212.082,492.291,564.725,784.125,437.362,8.0,424.4888135216525,351.10395919204876
P07T11,Nose,525.536,192.435,445.165,505.972,748.897,402.18,9.0,487.67409598744507,271.45346869658357
P07T11,Neck,494.228,163.023,402.18,470.691,723.424,366.899,7.0,423.2117661505368,351.9462866158306
P07T11,MidHip,476.599,135.702,380.568,427.556,723.395,357.051,7.0,486.09064019201196,272.7896102078678
P07T11,MidHip,462.824,118.06,357.096,384.563,713.591,341.376,7.0,424.0253230948766,361.17083682052726
P07T11,MidHip,462.777,102.428,362.96,368.755,705.771,302.229,7.0,484.1517132068154,277.9008761596858
P07T11,Neck,476.627,88.6597,370.744,351.222,697.979,243.418,6.0,424.49654204079104,369.9482639987038
P07T11,MidHip,496.124,69.0979,384.463,335.491,0.0,0.0,8.0,482.0604727159378,282.59438059099335
P07T11,MidHip,525.529,55.37,413.879,353.108,756.694,214.031,8.0,425.03192146364415,378.8302728579779
P07T11,MidHip,570.627,80.8463,439.351,417.828,0.0,0.0,9.0,480.9350513266606,285.50105661010434
P07T11,MidHip,601.854,112.127,464.798,478.505,915.401,288.529,8.0,423.7516754730908,379.6968327451625
P07T11,MidHip,656.784,137.661,462.826,619.568,836.983,312.005,10.0,480.1839983774611,285.35669843941804
P07T11,MidHip,676.39,161.147,468.712,605.874,852.732,341.405,10.0,422.6284183974549,381.2394636121381
P07T11,Neck,697.874,206.206,462.866,623.506,1078.0,368.85,10.0,480.23542551531534,286.4652859444888
P07T11,Neck,746.941,257.124,500.099,682.285,0.0,0.0,12.0,421.5123644621348,382.78081379938965
P07T11,LElbow,793.917,341.418,0.0,0.0,0.0,0.0,16.0,480.7922390789088,288.07184971035144
P07T11,Other,789.95,400.167,0.0,0.0,0.0,0.0,16.0,420.384514149701,384.3472650225999
P07T11,Other,838.952,390.343,0.0,0.0,0.0,0.0,16.0,480.83968554256353,287.3741036255756
P07T11,Other,901.638,372.714,0.0,0.0,1215.17,554.907,14.0,419.28068929253163,385.88901048501884
P07T11,Other,901.744,343.376,0.0,0.0,0.0,0.0,15.0,480.3804771203747,286.7520904760862
P07T11,Other,901.713,319.767,0.0,0.0,0.0,0.0,15.0,418.1604269179925,387.4625679721276
P07T11,Other,897.714,278.738,744.995,705.817,1015.36,715.586,10.0,480.60723971533525,286.1414712683978
P07T11,Other,854.657,229.706,688.171,615.697,901.692,715.582,13.0,417.04512935838784,389.03810459588124
P07T11,LElbow,823.251,194.529,656.782,545.149,0.0,0.0,11.0,481.853424093674,285.0571234744077
P07T11,LElbow,793.983,190.491,680.319,523.644,839.008,715.621,10.0,416.6552817897109,364.5822582718036
P07T11,Other,778.295,180.794,760.676,490.251,0.0,0.0,11.0,481.6177201838618,283.9621393490584
P07T11,Other,782.165,161.107,696.006,425.609,827.233,715.615,10.0,415.7398310236523,362.5774508279575
P07T11,LElbow,774.371,137.686,772.389,357.076,833.152,695.963,10.0,481.9601188879311,282.2269866391349
P07T11,Other,760.605,131.661,741.054,368.774,870.345,633.267,9.0,414.58771363392725,364.2244974467061
P07T11,LElbow,760.617,131.832,727.344,386.449,886.034,629.345,9.0,437.37999549349047,323.317233460654
P07T11,Other,758.724,143.47,719.519,388.439,927.174,578.448,9.0,414.8053779187221,357.1281551149505
P07T11,LElbow,746.908,151.4,711.688,400.223,0.0,0.0,10.0,439.0441452694143,321.40190130587456
P07T11,LElbow,742.946,165.034,711.632,404.13,0.0,0.0,10.0,413.5720205576697,358.92180616251227
P07T11,MidHip,729.372,180.751,713.671,400.234,0.0,0.0,10.0,441.0004477311529,320.1553413561534
P07T11,MidHip,727.402,194.422,717.542,400.211,978.069,376.641,9.0,413.4328354755294,348.3064829341869
P07T11,MidHip,715.658,212.183,711.626,417.766,0.0,0.0,8.0,444.96788298933615,319.31597373719427
P07T11,Neck,713.566,225.762,709.713,425.586,948.719,441.292,10.0,414.9835809803419,344.71083335718583
P07T11,Neck,703.801,227.676,721.461,413.854,0.0,0.0,9.0,446.9118163945381,317.86779212950927
P07T11,Neck,698.048,231.679,713.574,429.607,0.0,0.0,6.0,413.6831130665935,346.05587980492885
P07T11,MidHip,698.015,237.574,709.687,437.421,0.0,0.0,9.0,451.16589684732304,316.9293660704933
P07T11,Neck,701.863,235.6,701.853,437.419,0.0,0.0,5.0,417.92576185953544,338.3767838767278
P07T11,Neck,707.759,231.662,701.841,435.421,978.087,468.727,4.0,454.7208834602247,316.6300828739935
P07T11,MidHip,713.559,229.693,697.948,441.3,0.0,0.0,5.0,418.93887553908854,335.0152907597288
P07T11,MidHip,721.467,227.737,699.94,451.076,1011.39,509.833,9.0,457.2267024049311,313.2433516223211
P07T11,MidHip,725.329,225.854,705.804,447.209,1021.21,382.481,10.0,419.5587157102588,332.29400803374824
P07T11,MidHip,729.248,196.498,721.435,417.775,0.0,0.0,10.0,460.3542381207129,312.70160054505794
P07T11,MidHip,744.918,196.505,0.0,0.0,0.0,0.0,11.0,462.70850969024997,311.1425918119102
P07T11,MidHip,770.411,184.63,788.023,384.558,0.0,0.0,11.0,465.1902840479483,310.52353922699285
P07T11,MidHip,778.335,170.92,762.616,398.167,1044.7,539.249,9.0,466.6240248000051,310.3010077714922
P07T11,MidHip,784.124,163.012,754.774,396.238,1025.08,574.505,9.0,467.392166941868,309.8166746790264
P07T11,MidHip,774.417,151.338,727.326,394.25,999.642,545.144,9.0,468.2987197968262,312.047024563504
P07T11,LElbow,764.531,153.352,744.96,378.594,993.831,478.591,9.0,468.61465848393914,314.94935967319157
P07T11,MidHip,760.554,155.3,743.035,370.827,1001.63,460.885,9.0,468.556670805885,316.64662011258594
P07T11,MidHip,746.96,155.302,746.928,359.033,982.022,402.102,8.0,467.5994602461087,317.55314394117534
P07T11,LElbow,741.038,153.293,742.973,349.247,993.768,357.046,8.0,467.8600251925821,317.52644670445727
P07T11,LElbow,731.274,147.417,729.291,353.176,0.0,0.0,9.0,467.76372323672064,317.8247999506651
P07T11,MidHip,727.232,139.565,746.919,341.403,946.687,284.552,4.0,467.9163349525011,316.5427719828017
P07T11,MidHip,727.324,131.807,750.878,351.155,1007.47,272.84,4.0,469.27362691392386,315.97081211658735
P07T11,MidHip,727.41,133.653,758.645,368.825,1011.45,266.916,8.0,469.4171136049455,315.39593556283006
P07T11,MidHip,729.354,141.518,715.628,398.243,1027.09,380.573,8.0,469.1839681041456,315.2464401278762
P07T11,MidHip,727.41,143.467,698.023,413.934,933.003,239.529,9.0,469.76210737615736,314.0586926620742
P07T11,MidHip,727.326,145.479,684.284,429.623,0.0,0.0,10.0,469.72596074613506,312.15782546146727
P07T11,MidHip,731.233,159.161,670.501,449.155,891.913,229.712,8.0,469.4342398055819,310.3359831310555
P07T11,MidHip,737.158,170.931,650.909,466.792,0.0,0.0,9.0,424.83399586428993,334.3440921941663
P07T11,MidHip,746.959,178.835,648.976,492.19,0.0,0.0,8.0,469.12772822467446,309.91311475841843
P07T11,MidHip,756.755,192.496,641.156,509.833,964.369,406.044,9.0,424.09348939560266,332.86050872423937
P07T11,MidHip,758.65,194.426,637.273,507.92,968.32,415.836,8.0,470.5917293779519,308.7059444833275
P07T11,MidHip,754.754,176.833,645.036,462.798,944.774,402.097,5.0,425.5023380329261,332.9525195029175
P07T11,MidHip,744.969,176.756,641.167,462.848,899.791,325.73,5.0,470.4269350807379,309.4676965302725
P07T11,LElbow,741.035,180.814,643.064,460.956,884.115,321.804,5.0,426.85970926600925,333.32909813317934
P07T11,LElbow,737.114,184.689,637.258,454.985,868.354,315.904,9.0,469.54979505159406,311.6933353854715
P07T11,LElbow,733.238,190.505,637.234,447.179,844.869,272.803,5.0,428.8305899264741,338.05604285114333
P07T11,MidHip,733.266,190.495,641.12,445.296,860.573,306.1,5.0,467.88257180330646,316.4103872459193
P07T11,MidHip,737.14,182.744,641.13,445.254,844.891,263.026,5.0,430.15104500076086,341.46699941487117
P07T11,MidHip,741.007,184.636,645.026,454.991,835.079,208.117,7.0,466.5509047839246,319.1614462707133
P07T11,LElbow,748.923,190.51,650.988,460.815,856.608,202.288,9.0,431.90212069414855,344.5515585846931
P07T11,LElbow,764.592,182.73,664.637,468.729,0.0,0.0,10.0,465.70573239581563,322.65241227981784
P07T11,MidHip,782.226,176.811,670.538,476.589,931.065,196.361,9.0,433.68413685958046,347.6886691134404
P07T11,MidHip,789.939,125.88,678.381,447.114,936.969,223.781,9.0,464.58975057553073,324.09113508755536
P07T11,LElbow,813.557,100.441,707.769,415.877,1034.92,511.804,9.0,435.3504964426958,349.51394032813187
P07T11,MidHip,852.666,92.5883,727.351,400.143,0.0,0.0,10.0,462.6164628727257,321.8476495233697
P07T11,MidHip,888.019,90.6065,793.957,370.785,0.0,0.0,10.0,435.5142131121519,351.0877830888523
P07T11,LElbow,919.295,82.8026,793.934,366.776,1123.07,619.584,10.0,460.98897728385634,321.28939704877627
P07T11,LElbow,933.029,72.9902,821.332,335.457,1164.2,598.031,9.0,437.0172131756359,356.34039904022234
P07T11,LElbow,935.064,69.1243,805.709,335.488,1103.52,684.257,10.0,460.2451698057415,321.66582535862295
P07T11,LElbow,946.712,76.9089,782.177,349.252,1072.18,652.884,9.0,438.3041889160625,366.19201949902316
P07T11,LElbow,968.299,100.426,795.92,362.908,1054.52,654.839,9.0,458.7475655402906,323.30768979881145
P07T11,LElbow,991.744,133.714,805.667,382.521,1091.75,558.886,8.0,433.9858380937499,358.0020627127919
P07T11,LElbow,964.389,194.464,821.379,407.975,1119.13,511.837,8.0,457.726075131868,325.96873073363594
P07T11,LElbow,956.571,194.464,829.196,398.184,1121.12,490.296,5.0,435.25893619235796,359.6095450596878
P07T11,LElbow,942.831,182.749,819.431,384.556,1119.17,476.575,5.0,458.2856304697066,328.0738982974459
P07T11,LElbow,925.21,178.693,807.668,380.553,1101.51,470.689,9.0,437.3801789115952,360.8322159951945
P07T11,LElbow,907.599,170.934,807.664,370.825,1083.91,449.151,8.0,459.6134469744794,332.7657876481416
P07T11,MidHip,895.795,165.063,797.848,366.837,1076.04,417.823,8.0,439.51064041811804,366.2182881623389
P07T11,MidHip,888.051,163.192,789.988,358.995,1081.94,423.686,4.0,459.9582020006891,335.422420380207
P07T11,MidHip,895.774,164.986,795.891,353.183,1089.76,409.97,4.0,439.5503937933787,366.09842035008216
P07T11,MidHip,899.781,165.002,791.977,353.122,1099.53,417.825,4.0,462.4489527204031,334.2378946958393
P07T11,MidHip,903.722,163.062,791.991,351.152,1105.45,429.555,4.0,439.7700186627784,366.4105090682566
P07T11,MidHip,903.727,165.029,786.101,359.025,1103.46,423.667,4.0,447.6233780876364,365.06957946026023
P07T11,MidHip,901.709,165.158,766.536,368.771,1103.53,431.56,4.0,464.3762538264094,334.08364639822105
P07T11,MidHip,889.97,163.131,746.938,386.504,1103.54,449.171,4.0,447.2493539620009,365.51163547479734
P07T11,MidHip,882.099,167.097,752.803,419.755,1105.45,466.801,7.0,464.3629038293958,334.58327020910895
P07T11,MidHip,872.291,165.147,729.292,427.586,0.0,0.0,10.0,447.5175559033139,365.8149963347037
P07T11,MidHip,852.732,165.086,713.62,445.24,1089.81,435.429,9.0,465.70957182017685,334.1443672016274
P07T11,MidHip,854.785,186.632,739.063,478.513,0.0,0.0,11.0,447.79333149198317,366.12079327166015
P07T11,MidHip,860.535,206.205,742.998,478.488,0.0,0.0,11.0,467.9241783200431,329.61836598412543
P07T11,MidHip,868.396,210.105,760.657,562.77,0.0,0.0,11.0,442.79176217747613,358.32108846998943
P07T11,MidHip,915.404,268.87,791.976,603.972,0.0,0.0,12.0,468.3809283342995,327.505414933075
P07T11,Neck,929.111,292.468,733.206,715.612,0.0,0.0,15.0,441.95665381545615,353.08462671330074
P07T11,Neck,978.181,351.193,0.0,0.0,0.0,0.0,15.0,469.2881736530253,324.2354845638972
P07T11,Other,1025.18,345.335,0.0,0.0,0.0,0.0,16.0,440.9778527960492,347.0291464429302
P07T11,Other,1056.52,351.1,0.0,0.0,942.828,682.263,16.0,470.0781065358108,319.097617679472
P07T11,Other,1056.38,339.45,0.0,0.0,982.009,623.497,16.0,439.7855845200698,343.0201601352115
P07T11,Other,1054.51,327.672,0.0,0.0,0.0,0.0,17.0,470.8596507544562,314.27209185603004
P07T11,Other,1056.51,325.717,0.0,0.0,1074.14,541.248,16.0,440.1683519858774,343.58819260246776
P07T11,Other,1056.44,296.324,0.0,0.0,0.0,0.0,16.0,470.5400132447396,310.36650618784586
P07T11,LElbow,1001.65,241.492,0.0,0.0,1119.14,417.853,13.0,437.24670313296934,330.43758574309095
P07T11,Other,946.716,251.244,0.0,0.0,1072.15,425.653,12.0,471.8471264141921,307.04250661115685
P07T11,MidHip,913.401,200.329,523.554,598.045,1070.18,406.041,10.0,435.05578674919616,326.247151591858
P07T11,LElbow,919.373,210.04,554.894,617.599,1081.92,415.881,10.0,470.77047392585837,302.2097577608372
P07T11,LElbow,942.819,221.91,605.855,554.921,1095.64,445.245,9.0,435.5136952149177,326.75916052237767
P07T11,MidHip,964.413,227.867,652.872,541.182,1134.83,460.887,9.0,471.17962716900263,300.3592569860775
P07T11,MidHip,985.918,227.819,695.955,539.213,1152.43,466.755,9.0,433.5482944919614,319.7573799616472
P07T11,MidHip,993.755,217.943,711.687,535.35,1164.19,462.865,9.0,471.9306551665161,297.3393404214251
P07T11,MidHip,991.782,212.081,711.664,533.363,1162.26,476.513,9.0,431.04329627431633,316.2762389588491
P07T11,MidHip,966.397,210.051,690.091,509.908,1148.51,472.678,9.0,470.43887392147377,294.7847206532397
P07T11,MidHip,940.843,210.094,666.617,515.763,1130.9,500.071,9.0,431.40731018977334,315.0577840179168
P07T11,MidHip,923.259,219.899,650.997,586.263,1111.35,554.891,9.0,471.37343978585767,290.49126953475746
P07T11,Neck,903.663,196.486,654.871,509.888,1123.06,419.744,9.0,430.7775761747008,310.5994406187441
P07T11,RElbow,876.197,208.171,666.617,478.56,1072.17,466.758,10.0,472.14979963439123,287.93669570464056
P07T11,MidHip,850.741,194.386,650.91,458.907,1058.44,460.91,10.0,428.3962708667691,307.89231037777324
P07T11,MidHip,819.425,188.587,623.529,447.238,1076.07,484.392,10.0,471.97132341752604,285.4174125461042
P07T11,MidHip,776.332,194.515,600.0,466.765,933.125,339.479,10.0,428.2256056111818,305.9498328188968
P07T11,MidHip,801.786,233.635,635.288,523.536,0.0,0.0,12.0,473.06150010352314,283.1358339468017
P07T11,MidHip,870.299,280.625,672.493,556.929,0.0,0.0,11.0,427.64704445035954,303.4780162457887
P07T11,Neck,932.989,302.148,727.339,578.457,0.0,0.0,14.0,472.6944334177133,281.5550497979159
P07T11,Other,993.79,333.55,791.978,617.595,1154.46,686.217,13.0,429.04951022576336,303.81293712674255
P07T11,Neck,1064.3,335.511,858.633,621.565,0.0,0.0,15.0,474.15968733843636,282.5693897704076
P07T11,Neck,1101.53,335.575,886.054,605.922,0.0,0.0,15.0,429.52187959836016,303.99020762642635
P07T11,Other,1156.42,366.918,1038.81,592.16,980.075,605.887,12.0,474.1691755696249,284.1825367760605
P07T11,Other,1183.78,388.432,1081.93,631.365,1087.85,680.389,14.0,430.28424857022856,305.455710934215
P07T11,Other,1168.21,364.875,842.96,572.552,1021.19,682.31,11.0,473.14868573641706,286.6405176819624
P07T11,Neck,1123.13,343.358,868.396,562.755,921.298,572.548,12.0,430.3902488811922,304.0876999526264
P07T11,Other,1119.1,366.913,774.319,633.337,958.502,645.073,14.0,472.77957960929825,285.77236225708356
P07T11,Other,1123.06,388.435,948.726,680.315,915.421,664.602,14.0,428.70084616863346,302.3004362696011
P07T11,Other,1117.18,386.516,0.0,0.0,0.0,0.0,16.0,473.2758721868208,285.2076370475789
P07T11,Other,1101.5,370.747,991.831,648.938,0.0,0.0,15.0,429.10636802188515,301.2781886292505
P07T11,Other,1072.09,351.242,1021.18,590.205,1195.52,586.228,14.0,473.69490016965335,285.0482626256184
P07T11,Other,1027.03,319.798,854.705,598.005,1140.75,633.267,12.0,429.36145198807617,300.02829491896995
P07T11,Other,991.755,288.549,837.071,574.546,1170.13,552.988,9.0,475.29689882696823,284.0194972850458
P07T11,MidHip,901.723,198.416,762.623,494.27,1107.43,494.242,10.0,428.64251547495434,298.69037526517246
P07T11,MidHip,893.895,194.427,739.107,492.266,1140.71,431.505,10.0,474.5381706417202,283.90028275656636
P07T11,RElbow,880.141,190.561,699.925,490.285,1091.72,456.973,10.0,428.91572620409335,297.9749019411177
P07T11,Neck,856.654,192.479,678.37,494.271,1060.39,437.395,10.0,475.07740557088243,284.51743632211935
P07T11,LElbow,844.924,194.53,662.661,484.398,0.0,0.0,11.0,428.8628943612403,297.8931853175393
P07T11,MidHip,836.94,190.541,660.755,472.67,0.0,0.0,11.0,473.73835880403567,285.06961354133324
P07T11,MidHip,833.113,169.001,672.518,460.867,1052.57,447.173,9.0,429.3377658020721,297.04154227226286
P07T11,MidHip,840.956,145.442,696.044,451.125,1085.87,415.871,9.0,473.2356464684698,285.598405348775
P07T11,RElbow,854.633,125.918,713.706,445.134,1099.52,386.481,9.0,472.5449744018259,286.1492899153744
P07T11,RElbow,864.435,116.169,770.425,398.207,1105.4,376.673,9.0,428.18233098887185,296.7008280617435
P07T11,MidHip,807.688,157.224,639.212,462.838,1048.64,317.853,10.0,428.5591594838585,301.81058866118985
P07T11,MidHip,807.588,163.105,666.619,474.589,1166.23,349.237,10.0,471.13874179135246,289.42061716302464
P07T11,MidHip,811.562,178.759,776.331,425.615,0.0,0.0,11.0,429.6373364567944,312.8084019938039
P07T11,MidHip,817.467,182.751,776.333,445.161,0.0,0.0,11.0,469.4070824082057,295.7201253428964
P07T11,RElbow,817.427,184.632,668.543,494.156,0.0,0.0,11.0,430.7778398214401,323.5762695749955
P07T11,MidHip,803.732,184.669,733.195,464.823,1097.63,364.879,10.0,465.2016825577605,303.90754455167917
P07T11,MidHip,791.984,186.64,717.552,445.257,0.0,0.0,10.0,431.9910590447279,333.751968448107
P07T11,MidHip,795.915,190.509,733.217,445.241,1032.96,715.588,9.0,462.6215835328886,308.69230702361347
P07T11,MidHip,821.305,184.639,692.06,464.808,991.815,615.632,9.0,460.12040219565785,311.5103660410057
P07T11,MidHip,825.368,163.095,703.823,415.815,0.0,0.0,8.0,433.09492114388695,336.4535991137943
P07T11,MidHip,813.522,141.554,784.164,364.919,970.255,639.191,8.0,459.2577313604306,313.9049806283583
P07T11,LElbow,805.701,135.669,788.011,355.092,962.423,576.491,9.0,432.81225587302004,337.60246259088825
P07T11,LElbow,791.971,131.72,772.386,353.192,931.111,582.354,9.0,458.1597777514966,314.883728349881
P07T11,Neck,780.227,131.776,752.817,366.846,976.091,517.726,5.0,432.0748260163059,338.66522215480035
P07T11,MidHip,766.518,131.8,678.347,406.018,1005.55,462.876,4.0,457.9330777998353,318.7386579816615
P07T11,MidHip,754.721,123.953,727.305,368.768,1015.34,362.929,5.0,431.19332785092047,341.2223640242974
P07T11,RElbow,741.033,117.997,701.886,382.497,0.0,0.0,10.0,455.9414600032204,326.1035615409914
P07T11,RElbow,727.423,108.251,711.692,380.596,0.0,0.0,9.0,432.4262857096604,349.87971116672446
P07T11,MidHip,725.401,121.951,684.217,447.199,0.0,0.0,10.0,453.8470771679596,331.53526823322824
P07T11,MidHip,729.333,135.699,758.643,386.482,1011.4,558.838,9.0,435.90387445378167,356.41749267036704
P07T11,MidHip,739.055,112.144,666.623,417.776,0.0,0.0,9.0,461.74043593548737,336.52713109145105
P07T11,MidHip,762.586,116.101,788.028,366.855,0.0,0.0,10.0,446.6779018539926,357.05578200470427
P07T11,MidHip,813.541,141.554,696.016,451.122,948.762,715.581,9.0,485.3552128641886,343.3830497182131
P07T11,LElbow,821.37,106.304,668.587,386.43,917.39,627.395,7.0,469.3474397491835,352.4480038484059
P07T11,LElbow,776.321,82.7113,652.912,370.77,944.744,556.87,5.0,492.20698486557836,351.56663080197706
P07T11,MidHip,766.548,80.7796,676.409,368.804,980.061,535.349,7.0,580.4007381652583,407.3981154772114
P07T11,MidHip,760.75,84.7918,739.086,339.473,1044.71,453.054,6.0,153.2506155059235,604.9351180171266
P07T11,MidHip,744.935,74.9767,739.076,323.77,0.0,0.0,5.0,153.2506155059235,604.9351180171266
P07T11,MidHip,727.305,57.3606,719.513,312.01,0.0,0.0,6.0,153.2506155059235,604.9351180171266
P07T11,MidHip,729.319,51.4318,750.84,304.101,1052.51,337.433,4.0,153.2506155059235,604.9351180171266
P07T11,MidHip,733.238,57.3724,737.134,306.158,1070.18,280.635,9.0,153.2506155059235,604.9351180171266
P07T11,MidHip,737.116,68.9585,768.448,274.796,1030.99,337.515,4.0,153.2506155059235,604.9351180171266
P07T11,MidHip,725.392,69.0386,754.741,274.812,1007.45,355.119,8.0,153.2506155059235,604.9351180171266
P07T11,MidHip,711.743,78.862,750.844,276.736,1009.5,370.763,4.0,153.2506155059235,604.9351180171266
P07T11,MidHip,715.629,131.776,707.76,368.828,933.031,449.166,5.0,153.2506155059235,604.9351180171266
P07T11,MidHip,721.421,147.468,699.94,396.224,1032.96,364.909,8.0,153.2506155059235,604.9351180171266
P07T11,MidHip,729.318,167.023,731.262,415.902,1117.21,466.791,9.0,153.2506155059235,604.9351180171266
P07T11,MidHip,756.716,212.116,715.589,478.51,1099.55,615.665,9.0,153.2506155059235,604.9351180171266
P07T11,MidHip,776.315,241.434,758.705,476.553,1078.02,680.314,9.0,153.2506155059235,604.9351180171266
P07T11,RElbow,774.264,227.738,695.998,486.379,0.0,0.0,10.0,153.2506155059235,604.9351180171266
P07T11,RElbow,770.406,239.45,743.04,472.64,0.0,0.0,11.0,153.2506155059235,604.9351180171266
P07T11,LElbow,790.022,274.736,741.006,502.057,0.0,0.0,11.0,573.3264950415742,14.71155622307493
P07T11,LElbow,805.691,290.516,719.495,500.088,0.0,0.0,11.0,530.8997483732987,401.76796795147044
P07T11,LElbow,807.61,272.747,658.775,484.395,791.973,715.597,9.0,541.9933555969477,410.07548659907377
P07T11,MidHip,803.674,247.344,670.514,466.789,786.101,654.852,9.0,543.8897515659625,411.5491043837925
P07T11,MidHip,801.77,239.458,746.944,445.156,807.632,621.546,9.0,440.81500689810923,399.5516206303731
P07T11,LElbow,780.204,241.528,746.928,447.138,931.129,592.166,10.0,446.48337378034086,412.27141541743197
P07T11,MidHip,780.208,251.269,754.749,458.95,962.397,541.174,10.0,475.5356042558987,425.18109946359175
P07T11,MidHip,774.256,243.5,737.111,455.022,995.736,525.513,10.0,436.87447948860574,425.8056348309926
P07T11,Neck,762.66,233.614,743.031,441.32,1005.55,507.904,10.0,435.2255051712551,429.41035742970837
P07T11,MidHip,760.594,223.828,727.36,447.158,1021.21,482.438,10.0,421.6518024768426,426.38177298904765
P07T11,MidHip,776.33,223.776,758.67,447.134,999.698,533.376,10.0,368.616825423059,416.6242433734808
P07T11,MidHip,791.949,210.133,778.288,431.528,1066.29,617.631,10.0,375.6139368345348,419.4600613430851
P07T11,MidHip,805.747,190.504,760.683,443.22,1070.2,639.158,10.0,418.2303647484382,428.9077766473423
P07T11,MidHip,807.626,161.132,701.872,445.249,1089.77,670.536,9.0,374.8875484586039,414.62366277916095
P07T11,MidHip,813.535,145.42,719.5,453.075,1076.07,678.347,10.0,378.6508091378352,409.70736238819165
P07T11,MidHip,850.721,135.734,0.0,0.0,1099.59,697.908,11.0,318.5470550025367,377.34572174195023
P07T11,MidHip,889.925,133.71,791.989,478.602,0.0,0.0,12.0,367.86934561839195,396.4087641902845
P07T11,MidHip,944.774,121.992,0.0,0.0,0.0,0.0,13.0,368.69473092643364,405.03837495941656
P07T11,Neck,985.94,170.915,713.619,664.661,0.0,0.0,15.0,543.2615347345089,19.649874732473602
P07T11,RElbow,1031.03,263.041,0.0,0.0,0.0,0.0,16.0,370.79717231133765,406.19314173429916
P07T11,Other,1119.2,347.271,0.0,0.0,0.0,0.0,16.0,544.8915156995862,19.217386005670143
P07T11,RElbow,1156.42,384.483,0.0,0.0,0.0,0.0,16.0,356.6722515994262,403.7007305117677
P07T11,Neck,1168.1,462.817,0.0,0.0,0.0,0.0,18.0,549.2067802082875,18.801261935627178
P07T11,Neck,1199.52,476.501,0.0,0.0,0.0,0.0,19.0,402.6182960038295,421.17480163202794
P07T11,Nose,1242.57,400.132,0.0,0.0,0.0,0.0,21.0,552.624673319616,21.0360084637541
P07T11,Other,0.0,0.0,0.0,0.0,0.0,0.0,22.0,434.7622634346651,431.4143088658153
P07T11,Other,0.0,0.0,0.0,0.0,0.0,0.0,22.0,551.2573074861539,20.360819706389776
P07T11,Other,0.0,0.0,0.0,0.0,0.0,0.0,22.0,398.29283032261964,440.9754285198439
P07T11,Other,1262.15,180.736,0.0,0.0,0.0,0.0,21.0,557.3146412183122,25.43087003140453
P07T11,Other,0.0,0.0,0.0,0.0,0.0,0.0,22.0,454.7837076485864,430.8488883941748
P07T11,Other,nan,nan,nan,nan,nan,nan,nan,559.4194033665246,27.668797523121587
P07T11,Other,nan,nan,nan,nan,nan,nan,nan,436.4446037248762,428.83408427303283
P07T11,Other,0.0,0.0,0.0,0.0,0.0,0.0,16.0,562.0594910135517,28.77870899421722
P07T11,Other,nan,nan,nan,nan,nan,nan,nan,449.74358416775533,437.8744048343996
P07T11,Other,nan,nan,nan,nan,nan,nan,nan,560.7960245720553,28.19325153554891
P07T11,Nose,nan,nan,nan,nan,nan,nan,nan,460.8834473169677,446.044015641216
P07T11,Other,nan,nan,nan,nan,nan,nan,nan,566.108951528101,30.77487745027397
P07T11,Other,nan,nan,nan,nan,nan,nan,nan,408.46460080501055,382.2108417667763
P07T11,Other,nan,nan,nan,nan,nan,nan,nan,568.8342473951894,32.70967293931105
P07T11,Other,nan,nan,nan,nan,nan,nan,nan,423.3375398388853,422.0179682727136
P07T11,Other,nan,nan,nan,nan,nan,nan,nan,569.1599819573914,32.531624755398305
P07T11,Other,nan,nan,nan,nan,nan,nan,nan,419.8981178255774,431.06977299959317
P07T11,Other,nan,nan,nan,nan,nan,nan,nan,571.7204036394452,34.049806342882185
P07T11,Other,nan,nan,nan,nan,nan,nan,nan,422.86131882033874,432.25938436509614
P07T11,Other,nan,nan,nan,nan,nan,nan,nan,571.9799170795417,32.81967935488104
P07T11,Other,nan,nan,nan,nan,nan,nan,nan,425.3876918687288,434.27265240461315
P07T11,Other,nan,nan,nan,nan,nan,nan,nan,579.0178807987711,32.00111442263118
P07T11,Other,nan,nan,nan,nan,nan,nan,nan,461.16368871279917,446.3289562440545
P07T11,Other,nan,nan,nan,nan,nan,nan,nan,577.4144794122819,31.577733673654546
P07T11,Other,nan,nan,nan,nan,nan,nan,nan,396.2578366235982,462.1918630474336
P07T11,Other,nan,nan,nan,nan,nan,nan,nan,576.5369356077443,31.146505010213534
P07T11,Other,nan,nan,nan,nan,nan,nan,nan,575.6581720215963,30.71504516378921
P07T11,Other,nan,nan,nan,nan,nan,nan,nan,405.20753777635673,464.1429023677189
P07T11,Other,nan,nan,nan,nan,nan,nan,nan,574.2553849569358,23.740524581132583
P07T11,Other,nan,nan,nan,nan,nan,nan,nan,365.77507510599185,450.76036357712076
P07T11,Other,nan,nan,nan,nan,nan,nan,nan,573.4966458869941,21.537858390620592
P07T11,Other,nan,nan,nan,nan,nan,nan,nan,323.143510001915,415.327452655882
P07T11,Other,nan,nan,nan,nan,nan,nan,nan,572.6007851812734,21.26155664681804
P07T11,Other,nan,nan,nan,nan,nan,nan,nan,283.62722114453413,390.59344166652795
P07T11,Other,nan,nan,nan,nan,nan,nan,nan,576.4208537655508,17.30925677733168
P07T11,Other,nan,nan,nan,nan,nan,nan,nan,251.78318697072328,237.80072728875487
P07T11,Other,nan,nan,nan,nan,nan,nan,nan,576.6080155312387,15.97558343363902
P07T11,Other,nan,nan,nan,nan,nan,nan,nan,257.13052396402736,292.5241704040903
P07T11,Other,nan,nan,nan,nan,nan,nan,nan,576.8862379711379,12.797014042121448
P07T11,Other,nan,nan,nan,nan,nan,nan,nan,260.1904974501459,297.8301564877088
P07T11,Other,nan,nan,nan,nan,nan,nan,nan,577.6538715656809,9.91872092371535
P07T11,Other,nan,nan,nan,nan,nan,nan,nan,330.2864141059789,362.60063439358646
P07T11,Other,nan,nan,nan,nan,nan,nan,nan,578.9704326356267,8.062174496268852
P07T11,Other,nan,nan,nan,nan,nan,nan,nan,288.1013075841107,327.0547781623743
P07T11,Other,nan,nan,nan,nan,nan,nan,nan,579.8941042824579,5.598476498488729
P07T11,Other,nan,nan,nan,nan,nan,nan,nan,283.9647855644854,325.0715266412341
P07T11,Other,nan,nan,nan,nan,nan,nan,nan,581.8512951878854,4.890664675105976
P07T11,Other,nan,nan,nan,nan,nan,nan,nan,252.68612436357796,278.45542768390607
P07T11,Other,nan,nan,nan,nan,nan,nan,nan,583.185042513805,4.256417858291791
P07T11,Other,nan,nan,nan,nan,nan,nan,nan,255.10950488379393,275.49106541998765
P07T11,Other,nan,nan,nan,nan,nan,nan,nan,584.5897426578309,4.282431495692451
P07T11,Other,nan,nan,nan,nan,nan,nan,nan,244.76236144369545,255.9697619260732
P07T11,Other,nan,nan,nan,nan,nan,nan,nan,584.825192230922,8.427025600499531
P07T11,Nose,nan,nan,nan,nan,nan,nan,nan,240.12503029171876,260.68886730819855
P07T11,Nose,nan,nan,nan,nan,nan,nan,nan,582.8343125689956,38.683859008296196
P07T11,Other,nan,nan,nan,nan,nan,nan,nan,235.09210910525638,263.50098130262353
P07T11,Other,nan,nan,nan,nan,nan,nan,nan,597.6679176165295,75.54675212726195
P07T11,Other,nan,nan,nan,nan,nan,nan,nan,222.44338225914643,228.01060780391774
P07T11,Other,nan,nan,nan,nan,nan,nan,nan,615.693228488855,98.27244494078957
P07T11,Other,nan,nan,nan,nan,nan,nan,nan,219.38619426599428,241.45752397707346
P07T11,Other,nan,nan,nan,nan,nan,nan,nan,625.5945581080496,101.06140576286182
P07T11,Other,nan,nan,nan,nan,nan,nan,nan,220.8205938606938,200.7581473385405
P07T11,Other,nan,nan,nan,nan,nan,nan,nan,620.4977729892337,96.85229276083602
P07T11,Other,nan,nan,nan,nan,nan,nan,nan,309.1709365153582,8.704416967941244
P07T11,Other,nan,nan,nan,nan,nan,nan,nan,618.4668382124285,98.81207882570989
P07T11,Other,nan,nan,nan,nan,nan,nan,nan,312.2875564060177,-48.830171648257036
P07T11,Other,nan,nan,nan,nan,nan,nan,nan,618.4592728411026,100.51302316103458
P07T11,Other,nan,nan,nan,nan,nan,nan,nan,348.48031354764726,-81.54146729898204
P07T11,Other,304.212,149.431,292.39,227.712,351.199,196.426,11.0,619.1012284143447,102.539362062691
P07T11,Other,nan,nan,nan,nan,nan,nan,nan,354.6240688007847,-88.71079848443986
P07T11,Other,nan,nan,nan,nan,nan,nan,nan,385.3107503057349,-110.78365850330663
P07T11,Other,nan,nan,nan,nan,nan,nan,nan,619.3070892171619,104.20857803800166
P07T11,Other,nan,nan,nan,nan,nan,nan,nan,370.2240061718674,-106.69663133474003
P07T11,Other,nan,nan,nan,nan,nan,nan,nan,618.7462885148806,104.69184860985015
P07T11,Other,nan,nan,nan,nan,nan,nan,nan,402.913011891333,-129.46259043944806
P07T11,Other,nan,nan,nan,nan,nan,nan,nan,617.9978701030906,106.68153443862823
P07T11,Other,nan,nan,nan,nan,nan,nan,nan,372.9667140639086,-121.48976065316747
P07T11,Other,nan,nan,nan,nan,nan,nan,nan,616.9051382165275,107.92304245547848
P07T11,Other,nan,nan,nan,nan,nan,nan,nan,569.0496779535018,152.8265277681096
P07T11,Other,235.59,323.783,0.0,0.0,0.0,0.0,21.0,616.5968595038181,108.70824690549975
P07T11,Other,nan,nan,nan,nan,nan,nan,nan,567.7905120262736,148.92479676265555
P07T11,Other,nan,nan,nan,nan,nan,nan,nan,615.1270604085877,110.6532884050614
P07T11,Other,nan,nan,nan,nan,nan,nan,nan,570.8062654741575,147.37436708920362
P07T11,Other,nan,nan,nan,nan,nan,nan,nan,613.2453639214693,112.44612182359877
P07T11,Other,nan,nan,nan,nan,nan,nan,nan,574.9045801508648,147.7283369099714
P07T11,Other,nan,nan,nan,nan,nan,nan,nan,611.4245163809557,115.6752875618183
