P07T02,Other,750.84,337.398,635.218,523.553,819.354,543.192,7.0,429.9182921898504,246.4148881895815
P07T02,Other,754.714,335.402,637.182,521.576,821.316,543.247,6.0,434.07677480423,258.7383557734732
P07T02,Other,754.711,323.749,648.998,525.527,837.047,533.379,6.0,430.7541784934074,246.21659947172296
P07T02,Other,754.75,306.16,649.01,504.005,840.994,511.824,0.0,432.9473936798148,261.0716234206254
P07T02,Other,750.814,280.689,654.854,478.511,839.07,478.56,0.0,430.64616269680675,246.65465429973614
P07T02,Other,745.021,251.3,651.008,441.323,838.977,453.036,0.0,433.48904283678655,263.03216798908704
P07T02,Other,744.955,216.055,652.921,411.907,838.952,408.01,0.0,432.3694996716227,245.90946333645127
P07T02,Other,744.919,186.585,650.894,380.601,839.076,370.772,0.0,433.1996182330174,265.5500795821563
P07T02,Other,744.893,159.163,664.566,351.18,841.02,351.243,0.0,435.71001506935545,238.6331535034953
P07T02,Other,748.86,133.653,668.585,335.553,852.666,331.613,0.0,435.7714499090921,260.0490634359377
P07T02,Other,756.698,114.141,670.502,319.819,856.672,304.109,0.0,445.6528500815689,197.10742509679224
P07T02,Other,760.735,100.368,682.303,308.061,866.399,280.639,0.0,444.29352318385673,252.10662306150994
P07T02,Other,772.435,88.6832,686.199,302.213,870.429,286.517,0.0,426.6518632951162,49.98291422102275
P07T02,Other,778.268,78.8675,705.773,288.473,880.137,270.873,0.0,449.2852031564107,296.10708008574676
P07T02,Other,788.106,70.9859,701.847,284.541,887.989,272.863,0.0,-128000.0,-72000.0
P07T02,Other,795.927,61.2562,725.337,276.715,899.726,249.33,0.0,1076.3701868108299,-28.5585687462431
P07T02,Other,809.68,53.3897,752.834,266.958,917.323,235.606,0.0,-128000.0,-72000.0
P07T02,Other,836.978,37.7522,776.356,251.273,944.796,221.837,0.0,1076.3701868108299,-28.5585687462431
P07T02,Other,0.0,0.0,0.0,0.0,0.0,0.0,12.0,396.437695186693,54.62349477498719
P07T02,Other,0.0,0.0,1003.56,194.404,0.0,0.0,7.0,1076.3701868108299,-28.5585687462431
P07T02,Other,921.287,5.36412,872.315,188.568,1017.3,178.794,3.0,-128000.0,-72000.0
P07T02,Other,396.231,159.155,0.0,0.0,0.0,0.0,4.0,1076.3701868108299,-28.5585687462431
P07T02,Other,0.0,0.0,1044.74,214.029,931.108,212.165,3.0,356.5346203055759,31.445259467167517
P07T02,Other,0.0,0.0,923.262,170.94,1083.88,165.047,5.0,1076.3701868108299,-28.5585687462431
P07T02,Other,0.0,0.0,0.0,0.0,0.0,0.0,12.0,350.657953958622,38.487301243566996
P07T02,Other,nan,nan,nan,nan,nan,nan,nan,1076.3701868108299,-28.5585687462431
P07T02,Other,0.0,0.0,0.0,0.0,0.0,0.0,12.0,372.22650852869384,29.543549374833887
P07T02,Other,0.0,0.0,0.0,0.0,0.0,0.0,12.0,1076.3701868108299,-28.5585687462431
P07T02,Other,0.0,0.0,0.0,0.0,0.0,0.0,12.0,372.3288003186708,55.220401163225326
P07T02,Other,0.0,0.0,0.0,0.0,0.0,0.0,12.0,1076.3701868108299,-28.5585687462431
P07T02,Other,0.0,0.0,0.0,0.0,0.0,0.0,12.0,340.13137100975416,37.60414279227943
P07T02,Other,0.0,0.0,0.0,0.0,0.0,0.0,12.0,1076.3701868108299,-28.5585687462431
P07T02,Other,0.0,0.0,0.0,0.0,0.0,0.0,12.0,453.4276305248227,-141.43596290330464
P07T02,Other,0.0,0.0,0.0,0.0,0.0,0.0,12.0,1076.3701868108299,-28.5585687462431
P07T02,Other,0.0,0.0,0.0,0.0,0.0,0.0,12.0,1076.3701868108299,-28.5585687462431
P07T02,Other,0.0,0.0,0.0,0.0,0.0,0.0,12.0,445.939614406999,-122.23603003835868
P07T02,Other,0.0,0.0,0.0,0.0,0.0,0.0,12.0,1076.3701868108299,-28.5585687462431
P07T02,Other,0.0,0.0,0.0,0.0,0.0,0.0,11.0,491.85060462972706,-67.98293413841523
P07T02,Other,0.0,0.0,915.465,129.772,1083.86,145.467,5.0,1076.3701868108299,-28.5585687462431
P07T02,Other,0.0,0.0,884.08,161.105,1048.63,180.779,5.0,489.5649437501723,-70.24989332236395
P07T02,Other,936.944,5.36199,852.651,212.067,1013.35,212.04,0.0,1076.3701868108299,-28.5585687462431
P07T02,Other,888.032,37.7603,803.74,245.398,976.143,255.198,0.0,489.5466458408997,-80.613282621216
P07T02,Other,844.923,78.837,756.684,288.448,932.997,292.434,0.0,1076.3701868108299,-28.5585687462431
P07T02,LKnee,801.758,123.901,711.739,335.499,886.107,353.174,0.0,482.77222749193163,-81.91267335092311
P07T02,Other,758.752,167.075,666.669,380.537,839.08,384.546,0.0,578.2127651589168,-93.47144480984396
P07T02,Other,713.693,212.027,617.642,419.739,805.592,425.633,0.0,484.16979142245884,-85.50470804004048
P07T02,Other,682.214,253.237,588.309,466.784,762.614,462.888,0.0,576.4920174893663,-82.18332150890274
P07T02,Other,645.057,286.548,554.912,496.218,729.31,509.869,0.0,485.7254720907827,-82.6607106888785
P07T02,LKnee,613.719,319.898,519.65,527.523,697.912,543.221,8.0,570.6133284169493,-87.95360955691466
P07T02,Other,580.404,351.224,492.292,558.822,668.636,570.572,8.0,478.768633459882,-84.89850999444698
P07T02,Other,549.042,376.62,458.897,574.548,635.292,586.309,8.0,573.3762659487905,-91.7189939953453
P07T02,Other,494.23,411.925,411.872,609.79,590.221,619.561,8.0,480.1015832674613,-88.44848263209131
P07T02,Other,472.665,421.727,382.486,619.616,570.633,621.55,8.0,573.8474042649138,-88.76470954753327
P07T02,Other,449.201,429.594,351.227,605.863,560.786,639.173,8.0,488.4607906451332,-93.55627198353596
P07T02,Other,433.438,431.518,335.433,603.95,568.575,647.0,8.0,576.0300989145335,-93.0518775738372
P07T02,Other,419.797,429.466,317.825,603.948,558.815,625.487,8.0,488.6157404126477,-96.83965571647916
P07T02,Other,413.876,429.473,306.057,603.865,556.861,607.866,8.0,578.0996820460803,-96.78633083059957
P07T02,Other,411.847,429.462,304.08,603.846,554.874,592.146,8.0,489.41436041217696,-100.28910193604219
P07T02,Other,409.986,427.609,282.637,596.06,570.605,590.179,8.0,580.1700808907743,-100.49670125054948
P07T02,Other,413.835,423.653,264.962,576.454,578.423,582.338,8.0,482.57805268059803,-101.99833768857368
P07T02,Other,415.841,413.91,272.82,556.883,594.096,566.64,8.0,574.0284968579272,-105.07173037299394
P07T02,Other,431.456,402.126,282.597,541.193,613.685,547.069,8.0,476.32594192232364,-103.82729478372306
P07T02,Other,455.04,398.149,304.152,529.501,633.255,537.336,8.0,576.7277949833713,-108.7512611951861
P07T02,Other,492.284,392.31,343.316,521.56,664.591,525.547,8.0,477.58233548475937,-107.35597709281876
P07T02,Other,505.992,396.235,366.926,523.633,664.554,525.508,8.0,578.7512655998889,-112.48349474019182
P07T02,Other,523.547,396.237,398.182,517.707,666.667,521.573,8.0,478.21326997270387,-110.74112713709548
P07T02,Other,549.018,398.256,443.235,523.653,680.303,527.531,8.0,579.1505830347252,-109.66586535654245
P07T02,Other,574.498,411.944,476.581,539.241,699.96,539.221,8.0,479.5925123443825,-108.03499725257603
P07T02,Other,600.031,427.533,543.158,641.127,701.906,550.977,9.0,581.3120821628438,-113.89235613455689
P07T02,Other,617.657,439.354,568.63,507.85,670.557,558.924,10.0,480.17769251788513,-111.88810330700134
P07T02,Other,633.186,449.215,617.667,556.947,662.654,566.644,9.0,573.4899686781026,-111.85489066080072
P07T02,Other,639.169,453.083,619.673,549.03,666.599,560.815,9.0,473.2754465970372,-113.46567255202575
P07T02,Other,646.963,451.091,629.34,545.109,664.56,551.007,9.0,576.225658360739,-115.9474747678418
P07T02,Other,648.896,447.165,629.335,541.212,664.574,543.157,10.0,474.4663408948014,-116.93724651264893
P07T02,Other,650.969,415.859,621.542,572.497,692.1,570.639,8.0,586.3694835892271,-118.75230853056976
P07T02,Other,652.901,413.825,619.647,601.915,697.902,586.315,8.0,483.32240996660346,-115.99730532466808
P07T02,Other,656.804,409.907,601.883,592.131,713.558,599.975,9.0,587.7311671542263,-122.42738602161872
P07T02,Other,662.603,406.042,598.051,603.894,729.392,601.893,8.0,480.29271793502056,-115.97095324427795
P07T02,Other,664.61,402.191,588.252,607.813,743.07,605.888,8.0,588.1230493218958,-119.54622466307642
P07T02,Other,664.637,400.23,582.313,619.641,758.584,603.903,8.0,481.1772973175016,-119.54134536721642
P07T02,Other,664.638,400.13,572.568,619.599,762.641,609.756,8.0,590.2982651336091,-123.63234142207928
P07T02,Other,664.639,400.156,558.87,590.19,772.38,603.919,8.0,481.81109306961685,-122.78864949849651
P07T02,Other,664.629,400.087,553.004,586.286,774.344,609.766,8.0,582.5201457349808,-121.59924087005356
P07T02,Other,664.611,398.264,545.154,588.221,774.424,605.89,8.0,482.4451550870192,-126.02880807838827
P07T02,Other,664.609,398.273,541.293,586.2,774.335,590.202,8.0,577.0924210483922,-126.37341484494671
P07T02,Other,664.629,400.089,547.117,584.28,776.385,572.525,8.0,475.58627960638887,-127.54925770427171
P07T02,Other,664.638,400.113,552.951,578.452,776.243,574.574,8.0,469.2988255158908,-129.1701502204051
P07T02,Other,664.663,400.112,545.156,580.408,786.09,572.645,8.0,572.4090855757754,-132.36243689946585
P07T02,Other,664.655,398.27,543.177,574.525,780.212,570.662,8.0,582.1013544170219,-133.29434115843256
P07T02,Other,664.639,398.203,543.219,574.544,774.401,564.698,8.0,471.0977968257522,-126.64159028462855
P07T02,Other,664.604,396.259,543.179,572.596,774.425,566.678,8.0,479.72984051268804,-126.10039283899914
P07T02,Other,664.63,394.247,543.226,572.553,776.349,570.584,8.0,580.7146897818631,-125.82795500083036
P07T02,Other,664.62,392.318,545.159,572.594,774.302,570.597,8.0,480.3732329934629,-123.6536793291471
P07T02,Other,664.618,390.395,545.11,582.378,770.422,586.311,8.0,581.0589783133951,-123.80801991100091
P07T02,Other,664.643,388.383,568.65,590.229,764.539,590.225,8.0,481.6458412598061,-121.22587923467627
P07T02,Other,664.657,386.497,570.676,588.186,772.365,601.931,8.0,581.2294622495731,-121.1342974327261
P07T02,Other,664.65,386.517,572.542,584.349,764.606,601.941,8.0,482.9421349992301,-118.75776931159521
P07T02,Other,664.651,386.52,584.269,576.518,760.694,588.329,8.0,581.4068254929315,-118.41417636526373
P07T02,Other,664.654,388.38,592.136,578.443,760.694,590.252,8.0,484.25382883473446,-116.20267281103885
P07T02,Other,664.644,388.412,592.179,549.065,756.747,588.302,8.0,581.5818032267046,-115.62777674757628
P07T02,Other,664.605,388.457,590.207,539.309,758.675,594.09,8.0,484.8245085301243,-119.6595900973727
P07T02,Other,664.619,388.402,0.0,0.0,760.736,588.292,9.0,581.77794611771,-112.81760605068315
P07T02,Other,664.596,386.514,592.177,525.532,760.574,588.256,8.0,486.2194377474673,-116.54880019586061
P07T02,Other,664.702,386.451,594.154,519.684,760.605,590.221,8.0,583.5471134649486,-116.3758383429308
P07T02,Other,666.545,386.456,590.268,531.406,760.594,588.238,8.0,487.5686842815474,-113.85704468659348
P07T02,Other,666.587,384.59,594.139,537.256,762.605,600.002,8.0,583.5614765437683,-112.88992366776074
P07T02,Other,666.657,384.488,596.053,539.2,764.567,588.277,8.0,488.938730231116,-111.09729436895577
P07T02,Other,666.693,384.473,601.91,554.955,772.417,588.211,8.0,583.6997540568964,-109.8560257732438
P07T02,Other,666.711,384.47,601.883,572.544,772.426,588.27,8.0,490.33165966829915,-108.27447528971445
P07T02,Other,668.567,384.426,601.884,588.176,772.392,584.304,8.0,583.8260787093125,-107.87038603054391
P07T02,Other,668.603,382.613,594.148,590.234,774.404,578.431,8.0,490.9445644084177,-111.48523681843666
P07T02,Other,668.609,384.401,590.262,603.889,776.348,576.475,8.0,585.5560395169404,-107.46080752777368
P07T02,Other,668.62,382.614,588.189,601.912,776.303,574.572,8.0,492.42154927872156,-108.08016386516204
P07T02,Other,666.668,382.567,576.474,586.2,770.467,586.272,8.0,587.1837026651135,-110.63677586931688
P07T02,Other,666.613,382.544,574.507,586.217,760.746,574.508,8.0,493.04710668207207,-111.2295202793654
P07T02,Other,666.574,382.561,572.587,582.393,760.719,586.333,8.0,587.1921637579023,-106.91060316230408
P07T02,Other,666.531,382.574,570.632,576.471,764.539,582.356,8.0,502.2143803703825,-109.47194317327315
P07T02,Other,664.705,382.576,566.68,572.54,762.667,586.284,8.0,587.3425727046539,-103.67074013460643
P07T02,Other,664.652,382.543,570.615,576.518,760.672,588.24,8.0,503.1455561474986,-106.30050368161194
P07T02,Other,664.598,382.535,570.689,578.434,752.79,588.243,8.0,589.5824601301886,-102.01077438991541
P07T02,Other,664.553,382.528,572.617,586.332,758.658,586.277,8.0,496.22194612539596,-107.68602600682544
P07T02,Other,662.721,382.538,566.694,574.564,758.688,586.219,8.0,591.1350839727445,-105.08955702259713
P07T02,Other,662.715,382.533,570.662,582.383,756.703,586.34,8.0,464.9407927006589,-122.28420594194476
P07T02,Other,662.63,382.541,572.642,584.3,742.922,590.206,8.0,555.0981373898387,-124.88907459435327
P07T02,Other,660.74,382.55,576.497,588.23,742.98,590.232,8.0,436.01615077591026,-140.09502387530785
P07T02,Other,660.712,382.56,572.61,584.321,743.078,588.262,8.0,540.4301107764077,-147.51043770130875
P07T02,Other,660.692,382.564,574.547,588.239,752.782,584.309,8.0,423.7893043522497,-141.4773350180469
P07T02,Other,660.69,382.57,572.51,582.376,754.715,584.337,8.0,536.8335329971145,-155.74052767114145
P07T02,Other,658.779,382.56,570.67,584.304,754.742,586.254,8.0,409.22939547448186,-157.3649427573844
P07T02,Other,658.766,382.565,572.546,590.172,754.76,588.254,8.0,532.2247467641879,-165.03524098665326
P07T02,Other,658.738,382.573,570.628,586.286,748.905,599.981,8.0,396.1910624350964,-155.36521603244745
P07T02,Other,658.731,382.596,568.606,584.302,756.652,590.262,8.0,527.6567180671307,-174.30916962333032
P07T02,Other,656.794,382.616,570.578,590.207,756.726,588.268,8.0,382.6999976256021,-160.19521660994022
P07T02,Other,652.961,382.602,572.484,601.905,758.622,590.17,8.0,513.2582408628612,-178.07748640722534
P07T02,Nose,652.969,382.614,572.562,601.918,758.597,588.236,8.0,375.4674688873994,-160.44080613365048
P07T02,Other,654.824,382.609,570.625,588.299,758.646,588.296,8.0,515.2657864357857,-181.2563454584197
P07T02,Other,654.843,382.614,572.513,588.314,756.701,588.31,8.0,370.96822156068026,-161.1090660586599
P07T02,Other,654.831,384.408,570.659,588.179,758.63,588.282,8.0,518.0226264722155,-190.4818898599251
P07T02,Other,652.961,384.452,570.672,588.212,754.741,588.251,8.0,365.46925049520263,-161.03930303416035
P07T02,Other,652.928,384.46,572.612,590.173,748.906,590.244,8.0,510.8117918270092,-193.77941748116567
P07T02,Other,652.906,384.444,572.536,588.284,754.754,588.243,8.0,502.25575895250165,-191.55516298732874
P07T02,Other,652.936,384.486,570.675,588.179,758.607,588.246,8.0,351.29631136568173,-161.47110322459352
P07T02,Other,652.95,384.478,570.58,588.222,756.752,586.336,8.0,503.6449549792891,-195.28691755118916
P07T02,Other,652.921,384.49,572.484,601.956,758.614,590.166,8.0,351.39532651523416,-164.4398289585552
P07T02,Other,652.926,384.481,570.667,601.921,758.602,588.312,8.0,504.21572358893343,-198.5133521631449
P07T02,Other,652.912,384.5,570.649,599.997,758.661,594.09,8.0,351.2994747985718,-159.26807115172204
P07T02,Other,652.854,384.514,570.577,598.048,758.629,590.231,8.0,502.6769333839088,-195.88692518502026
P07T02,Other,651.027,384.491,570.523,594.117,756.749,592.148,8.0,346.0034808641485,-161.2100947134814
P07T02,Other,650.999,384.481,566.654,588.226,758.605,592.163,8.0,493.5211220003439,-194.0427350125461
P07T02,Nose,650.994,384.473,568.606,588.296,756.741,590.239,8.0,342.15498821159093,-161.55137987836662
P07T02,Other,650.992,384.502,570.616,592.161,756.66,592.135,8.0,494.7878044926613,-197.6672041117081
P07T02,Other,650.992,384.489,570.646,596.096,754.777,590.24,8.0,339.522141172058,-163.4253846393783
P07T02,Other,650.904,384.551,570.527,598.0,754.764,590.218,8.0,495.24336587174054,-200.8300747896779
P07T02,Other,650.894,384.545,570.512,597.995,754.716,588.294,8.0,341.12965664987235,-163.86538990837457
P07T02,Other,650.892,384.544,570.506,596.099,748.924,588.263,8.0,503.4147081032878,-203.54305249794874
P07T02,Other,650.89,384.508,570.517,598.004,750.862,588.269,8.0,340.95893248442803,-163.8673574201991
P07T02,Other,650.888,384.507,568.599,590.21,750.862,586.346,8.0,501.1705297081966,-200.81127032405246
P07T02,Other,650.885,384.503,570.517,594.122,750.861,586.328,8.0,340.79918071757913,-163.40623920393793
P07T02,Other,650.873,384.548,568.587,590.218,752.809,586.336,8.0,499.7206694846732,-198.46946520468293
P07T02,Other,650.87,384.554,568.593,590.174,750.86,588.221,8.0,339.6945772777371,-166.11471833749943
P07T02,Other,650.869,384.57,566.701,588.262,754.785,586.312,8.0,508.11860687030645,-201.5117209834315
P07T02,Other,650.867,384.594,566.668,590.165,752.825,588.239,8.0,345.35966318693454,-165.1585723302235
P07T02,Nose,650.883,384.591,568.607,592.146,754.729,586.347,8.0,508.0634860374784,-204.57557552862727
P07T02,Other,650.883,384.547,568.653,596.083,756.677,588.265,8.0,347.1529840005569,-162.95254467511708
P07T02,Other,650.882,384.533,568.65,590.239,748.88,588.316,8.0,522.0137642313927,-200.7111300667664
P07T02,Other,650.918,384.517,570.518,598.024,754.762,586.293,8.0,354.8813902150656,-164.29747353848606
P07T02,Other,650.926,384.536,568.658,594.117,750.854,588.19,8.0,519.6751589710923,-191.1688547878726
P07T02,Other,651.001,384.54,570.57,600.0,750.845,588.236,8.0,358.2923172204996,-161.8698086162665
P07T02,Other,652.902,384.561,566.649,586.327,746.964,588.217,8.0,522.4267201942585,-189.21687791047273
P07T02,Other,652.956,386.411,566.644,588.179,748.903,588.21,8.0,357.05689989704405,-164.63462715186824
P07T02,Other,652.94,386.493,570.531,596.075,744.919,596.108,8.0,522.5080361487495,-187.9149294063345
P07T02,Other,652.946,386.514,570.611,596.075,744.948,596.043,8.0,365.9107769645604,-159.3523073851946
P07T02,Other,652.955,388.385,570.579,594.133,745.026,596.081,8.0,531.0781062384684,-190.47382029734956
P07T02,Other,654.854,388.463,572.639,598.025,752.826,596.081,8.0,369.50581540480914,-157.02501721542686
P07T02,Other,654.891,390.366,572.522,594.139,756.727,599.958,8.0,537.0613060065374,-186.70429271385086
P07T02,Other,658.75,392.298,578.425,601.892,750.84,594.133,8.0,373.46319315375604,-155.56625830262823
P07T02,Other,658.782,394.273,574.494,596.097,752.795,596.094,8.0,535.4474975290806,-183.9373719318357
P07T02,Other,658.796,396.272,572.593,592.171,748.917,594.098,8.0,372.4178763997674,-158.0976594400966
P07T02,Other,656.818,398.263,574.589,598.01,750.818,592.132,8.0,536.446392534358,-187.03447256815093
P07T02,Other,656.798,400.142,576.513,598.055,752.807,590.264,8.0,381.61674782620776,-154.8223376164686
P07T02,Other,658.769,400.271,576.499,596.077,754.764,596.05,8.0,543.1822975870152,-183.0656062920721
P07T02,Other,656.812,406.019,576.494,598.033,752.821,590.168,8.0,385.76538819798833,-153.6409062843958
P07T02,Other,652.954,411.939,574.541,594.093,756.676,580.423,8.0,543.157109311337,-177.26073595839418
P07T02,Other,652.946,413.877,576.47,594.145,750.848,582.328,8.0,389.49451013692504,-153.17367115049504
P07T02,Other,652.921,415.766,574.584,590.188,746.905,582.332,8.0,544.0818577452833,-180.43975403932674
P07T02,Other,652.902,417.872,578.421,596.051,742.976,588.238,8.0,393.1594940241582,-151.87545427227948
P07T02,Other,652.871,423.65,578.457,592.202,742.923,588.201,8.0,550.9656781554709,-176.2412118783257
P07T02,Other,652.879,427.576,578.439,592.137,735.168,588.308,8.0,396.24370251634053,-152.97361068065737
P07T02,Other,651.032,429.561,578.461,592.172,737.161,588.206,8.0,551.4305773556114,-179.16946056505864
P07T02,Other,651.005,429.623,578.46,588.315,729.315,590.2,8.0,400.2735265848492,-151.52971666579464
P07T02,Other,650.946,431.427,576.495,588.21,739.096,584.268,8.0,560.3211147206001,-180.89020855732113
P07T02,Other,649.02,429.487,572.533,584.292,727.335,584.316,8.0,404.98697690422784,-151.27580800680792
P07T02,Other,648.992,427.614,570.681,576.461,717.551,592.195,8.0,558.8271007687686,-177.30213299451654
P07T02,Other,648.932,425.647,570.593,580.398,715.648,590.176,8.0,407.29245260174565,-152.47195346836926
P07T02,Other,648.869,423.696,568.678,572.612,715.599,588.219,8.0,562.087117127714,-172.33697777027837
P07T02,Other,646.982,423.634,568.679,574.53,715.606,586.27,8.0,409.8897128117211,-153.02013952190705
P07T02,Other,645.045,419.762,570.572,578.434,717.511,582.351,8.0,562.9806378835664,-175.21682848961436
P07T02,Other,646.976,415.943,570.53,574.508,721.478,582.347,8.0,410.3162070771748,-155.99539756396555
P07T02,Other,648.917,413.92,570.613,578.462,721.489,584.301,8.0,560.5117237509205,-182.60727982254872
P07T02,Other,648.958,413.775,570.584,576.503,725.366,578.461,8.0,395.35707966332217,-165.1658761891987
P07T02,Other,648.98,409.946,572.535,580.408,721.491,586.27,8.0,563.7506582367665,-190.3986952555079
P07T02,Nose,649.054,392.315,570.659,576.493,733.251,572.534,8.0,404.5578951155379,-164.01772607368895
P07T02,Nose,649.021,384.49,570.668,582.333,729.305,576.481,8.0,410.90306717128954,-169.44653392260622
P07T02,Nose,649.023,380.557,570.526,574.535,742.957,570.581,8.0,588.8157026368422,-191.1168347313112
P07T02,Other,649.026,372.758,570.588,578.411,733.193,576.507,8.0,417.0696804777974,-169.0202391160633
P07T02,Nose,649.025,368.798,568.624,574.521,746.895,566.667,8.0,588.3674902655398,-193.61036462371726
P07T02,Nose,649.014,366.778,568.651,576.466,746.893,560.841,8.0,417.87831013998556,-166.94674867696494
P07T02,Nose,648.944,362.905,568.634,578.453,745.048,560.828,8.0,586.2998267856367,-188.01309894640002
P07T02,Nose,648.951,359.023,568.66,576.476,746.979,556.911,8.0,420.45068552118806,-165.9750342037457
P07T02,Nose,648.951,357.038,570.581,576.485,752.823,564.715,8.0,587.1933296031988,-186.28464842757603
P07T02,Nose,648.927,355.115,570.556,574.572,748.862,560.829,8.0,423.56976307470757,-164.89755795954028
P07T02,Nose,648.943,353.17,568.643,570.654,746.928,560.837,8.0,588.6835658396188,-188.81010725765765
P07T02,Nose,648.958,353.125,568.648,572.517,744.939,560.811,8.0,423.32455000310074,-167.0861867933291
P07T02,Nose,648.988,353.118,570.601,572.641,744.898,558.851,8.0,591.7461739148171,-184.93235075122857
P07T02,Nose,648.976,353.098,570.622,572.644,744.93,554.983,8.0,431.5508587617864,-164.9445184117121
P07T02,Nose,648.975,353.072,570.587,572.635,745.044,556.9,8.0,596.1110588320025,-185.32500629888264
P07T02,Neck,648.939,353.076,570.56,572.503,742.93,556.93,8.0,434.6997993560191,-164.48572296716003
P07T02,Nose,648.921,353.1,570.583,570.641,741.002,556.913,8.0,596.9741047002615,-184.36067267962522
P07T02,Nose,648.898,353.074,570.538,572.526,741.038,556.907,8.0,437.51618835119405,-163.2405653790999
P07T02,Nose,647.0,353.065,570.531,570.656,740.987,556.987,8.0,600.5639653905813,-183.46478719344034
P07T02,Nose,645.055,353.071,568.684,572.5,741.026,558.891,8.0,437.4786809708707,-165.3308942742628
P07T02,Nose,637.272,353.057,564.726,568.652,739.097,564.731,8.0,601.9084247347885,-185.72448470055627
P07T02,Other,635.343,353.136,558.886,568.619,742.939,558.866,8.0,445.41421646678054,-163.42796177697232
P07T02,Neck,635.22,353.158,558.832,568.68,743.016,556.903,8.0,604.1724216384,-181.7379671969372
P07T02,Neck,633.309,353.178,556.84,566.68,739.103,556.977,8.0,445.2688111339477,-162.57206170431974
P07T02,Nose,631.284,353.191,553.001,554.977,729.354,554.993,8.0,605.9287624426296,-184.52508075539757
P07T02,Nose,627.398,353.212,549.081,554.944,717.514,552.958,8.0,446.7216904105657,-161.61532126212649
P07T02,Nose,623.481,353.183,541.179,543.176,713.69,541.195,8.0,606.6075469438774,-180.9653353615029
P07T02,Neck,621.54,353.167,541.218,541.273,713.585,533.361,8.0,449.3621973502161,-160.46836927284343
P07T02,Neck,621.523,353.095,539.296,531.42,709.699,519.692,8.0,609.9879901821861,-180.10623714933973
P07T02,Other,633.215,351.163,554.944,517.708,711.736,478.487,8.0,450.6231798427997,-160.7397744214275
P07T02,Other,633.341,351.265,556.82,511.837,717.585,480.461,8.0,613.0523593681493,-180.69157255767388
P07T02,Other,635.234,353.181,558.819,505.971,727.371,488.335,8.0,452.0413147763794,-161.23918334221656
P07T02,Other,635.296,355.096,558.917,509.906,729.391,490.261,8.0,613.7734742019833,-180.44461359566358
P07T02,Other,637.262,355.1,568.646,509.888,740.989,492.274,8.0,454.36586523549227,-159.76065562949
P07T02,Other,643.128,353.176,570.56,521.633,752.789,492.275,8.0,616.1102851283378,-179.9668870815256
P07T02,Other,648.952,351.146,572.601,521.612,754.774,492.148,8.0,454.60945937365005,-161.6650579857839
P07T02,Neck,650.981,343.387,574.493,517.729,762.66,484.403,7.0,617.5489810173481,-178.22578210097097
P07T02,Neck,660.679,335.573,578.474,511.816,762.643,474.617,8.0,459.0681337378612,-159.95845150911148
P07T02,Neck,664.566,321.727,574.543,488.339,792.03,472.612,7.0,617.9571883903697,-177.13279102547605
P07T02,Neck,676.369,270.778,582.343,447.147,799.793,406.072,8.0,459.1932478387198,-161.82040118648322
P07T02,Neck,676.401,253.194,580.415,429.554,807.691,390.353,7.0,618.5375680651175,-175.76324452725746
P07T02,Neck,676.418,241.526,574.573,429.587,817.489,384.426,8.0,460.31681433960296,-157.79492083074334
P07T02,Neck,678.342,237.54,0.0,0.0,831.198,384.523,9.0,620.7296002448059,-175.37846482202372
P07T02,Neck,678.299,237.498,564.705,443.25,838.958,384.551,8.0,464.94047078306573,-156.53724561032394
P07T02,Neck,678.283,239.487,560.835,437.405,866.419,400.197,8.0,622.0981791116169,-173.69978187061562
P07T02,Neck,680.208,243.442,554.979,472.65,864.474,398.187,10.0,465.1245282185985,-158.31028090007172
P07T02,Neck,684.301,257.151,554.95,488.287,901.635,453.037,9.0,623.196877001945,-174.66684494167015
P07T02,Neck,692.033,259.095,549.052,505.924,0.0,0.0,11.0,465.6574753872725,-159.80640277320975
P07T02,Neck,696.062,249.342,554.869,480.512,989.834,386.461,10.0,623.5103616974984,-173.33121790880637
P07T02,Neck,731.236,261.035,517.736,527.505,1091.71,529.452,10.0,468.6479942067807,-155.15215237059482
P07T02,Neck,764.539,282.603,537.329,519.697,1121.11,568.654,10.0,624.0554964402326,-172.67896194615554
P07T02,Neck,811.596,308.068,556.951,539.266,1144.62,588.245,10.0,470.39889251823985,-153.79095802389207
P07T02,Neck,842.919,319.804,562.759,531.444,1146.59,619.583,10.0,625.717885210558,-174.41930712629076
P07T02,Neck,850.698,304.16,560.817,502.064,1103.44,692.064,9.0,626.5895309091145,-171.48485499824338
P07T02,Neck,821.342,268.92,521.606,511.842,1021.23,715.613,9.0,471.1792601103468,-156.17673029290788
P07T02,Neck,794.016,241.367,574.5,429.527,968.29,693.99,9.0,626.8180708280972,-172.18294272683767
P07T02,Neck,803.756,227.698,621.547,400.198,968.322,621.539,9.0,471.226212209273,-153.7106171734397
P07T02,Neck,833.154,223.871,664.653,398.158,999.681,598.029,9.0,627.60552438417,-171.44539253064912
P07T02,Neck,862.484,223.864,697.978,409.967,1056.44,509.862,9.0,472.75066553954935,-154.6050202132803
P07T02,Neck,882.036,227.758,635.31,460.945,0.0,0.0,10.0,627.4038808919021,-170.64433236604646
P07T02,Neck,872.322,270.796,735.16,502.048,1132.87,474.633,9.0,473.2814464017928,-156.00874774383644
P07T02,Neck,868.411,270.89,735.173,507.876,1144.62,500.076,9.0,628.4076800143301,-170.54848888995917
P07T02,Neck,870.385,282.629,729.301,523.518,1138.77,511.83,10.0,473.8959467459372,-157.36479458821753
P07T02,Neck,882.089,282.576,725.375,515.749,1138.76,494.159,10.0,627.7001940022326,-171.7542291232057
P07T02,Neck,899.645,266.955,727.293,509.934,1136.82,570.607,11.0,474.50412551182745,-158.7010289701093
P07T02,Neck,911.449,247.378,748.884,486.352,1232.82,605.863,10.0,629.3908193543705,-173.17142843751802
P07T02,Neck,921.343,227.724,717.522,478.472,0.0,0.0,11.0,473.08927578951784,-152.9466687949841
P07T02,Neck,931.034,225.764,705.792,484.411,0.0,0.0,11.0,626.1075932277689,-170.49137617934028
P07T02,Neck,935.001,235.583,709.705,490.244,0.0,0.0,12.0,473.8522343796851,-154.79858025772253
P07T02,Neck,929.124,243.517,701.855,500.076,0.0,0.0,11.0,627.9566329700621,-172.17410444749552
P07T02,Neck,903.653,335.438,556.844,648.951,0.0,0.0,15.0,472.33902341537936,-152.1522674266058
P07T02,Neck,915.492,378.576,590.205,699.898,0.0,0.0,14.0,626.7506974692625,-169.8472392695876
P07T02,Other,917.38,378.586,0.0,0.0,0.0,0.0,16.0,472.1204194641281,-151.9857305459013
P07T02,Other,929.141,396.17,0.0,0.0,0.0,0.0,16.0,625.7619607812812,-169.55894861476165
P07T02,Other,948.816,400.16,0.0,0.0,0.0,0.0,15.0,472.62477919938317,-151.81264254292415
P07T02,Neck,978.075,386.499,0.0,0.0,1150.53,715.622,14.0,625.1846441456776,-168.99279085396486
P07T02,Neck,964.472,378.608,0.0,0.0,1109.39,652.882,14.0,473.20891212806794,-153.12708570906054
P07T02,Nose,952.616,380.53,0.0,0.0,1089.76,601.986,15.0,625.6852353455735,-169.87245546276478
P07T02,Neck,948.762,355.078,0.0,0.0,0.0,0.0,18.0,473.77547053543645,-154.29856690497877
P07T02,LElbow,946.691,308.139,0.0,0.0,0.0,0.0,16.0,625.4914185016013,-166.40315777406377
P07T02,Neck,962.396,292.479,0.0,0.0,0.0,0.0,16.0,474.3498261833471,-155.4804889859719
P07T02,Other,964.453,359.002,601.927,594.121,0.0,0.0,14.0,626.5322059243157,-165.32376517615975
P07T02,Neck,1003.56,345.289,603.951,605.868,0.0,0.0,14.0,472.1518018282284,-149.9305742778603
P07T02,Other,987.888,304.242,0.0,0.0,0.0,0.0,15.0,626.3310662006069,-164.76906914352713
P07T02,Other,976.123,310.014,0.0,0.0,0.0,0.0,15.0,472.9294250371236,-151.5926128237047
P07T02,Neck,958.509,304.19,0.0,0.0,0.0,0.0,15.0,625.5786949824303,-166.46358149978906
P07T02,Neck,978.119,259.164,584.325,527.545,0.0,0.0,14.0,473.48198277678216,-152.70067203890568
P07T02,Neck,1011.42,225.759,0.0,0.0,0.0,0.0,15.0,625.4842488438217,-166.33835685060734
P07T02,LElbow,1068.25,198.387,0.0,0.0,0.0,0.0,15.0,474.0291905035503,-153.79246655706402
P07T02,Neck,1087.83,167.078,0.0,0.0,0.0,0.0,16.0,626.6617952788777,-166.71100160451013
P07T02,LElbow,1078.04,118.061,0.0,0.0,0.0,0.0,15.0,474.5887393708193,-154.90328491931885
P07T02,LElbow,1064.33,82.7328,839.006,376.667,1136.83,645.059,14.0,627.9921895330709,-167.91333229068508
P07T02,LElbow,1056.39,67.1261,0.0,0.0,0.0,0.0,15.0,467.7998914990635,-154.23422555449366
P07T02,LElbow,1068.21,76.9293,684.242,427.584,0.0,0.0,12.0,624.2339487483712,-165.9571493054982
P07T02,Neck,1089.87,123.947,0.0,0.0,0.0,0.0,15.0,468.8816087613983,-155.46843768578645
P07T02,RElbow,1107.47,161.175,0.0,0.0,0.0,0.0,12.0,625.9023679048491,-167.30253794610456
P07T02,MidHip,1134.77,214.048,0.0,0.0,0.0,0.0,13.0,470.0465893042337,-150.83627215365385
P07T02,Nose,1079.96,227.753,0.0,0.0,0.0,0.0,21.0,624.5634377893407,-166.0644399275641
P07T02,Other,1005.56,366.815,0.0,0.0,0.0,0.0,16.0,470.47457328057817,-152.32377814442478
P07T02,Other,962.449,451.104,0.0,0.0,0.0,0.0,16.0,617.1875691421642,-166.19957989064957
P07T02,Other,952.678,480.482,0.0,0.0,0.0,0.0,16.0,466.5982238589513,-147.93103535289507
P07T02,Other,870.281,525.584,0.0,0.0,0.0,0.0,16.0,594.8089582533358,-164.67091813551238
P07T02,Other,884.148,572.511,0.0,0.0,0.0,0.0,16.0,452.0181321147837,-143.94780721068312
P07T02,Other,901.749,554.875,697.902,666.566,0.0,0.0,15.0,589.6315847194502,-166.76750191620704
P07T02,Other,907.563,460.969,719.477,680.32,1074.14,692.054,11.0,445.42492296822877,-142.71836906233258
P07T02,Other,929.098,429.547,768.494,668.606,1117.19,662.653,11.0,599.0254906915635,-166.88866776929675
P07T02,Other,950.676,413.92,793.964,654.856,1154.46,598.022,11.0,446.2501935797844,-143.78099417562402
P07T02,Other,972.247,396.24,811.603,648.952,1156.39,525.542,10.0,599.0933021488738,-165.2524305819256
P07T02,Neck,974.157,366.941,809.645,629.408,1146.59,580.385,10.0,449.8800697005857,-144.7434998182832
P07T02,Neck,976.076,357.06,805.635,629.388,1168.12,623.523,11.0,599.9252443361058,-166.46648218675142
P07T02,Neck,974.217,355.176,770.448,625.485,1199.45,684.236,13.0,449.7899856045407,-145.58010803035518
P07T02,Neck,952.663,357.056,733.24,656.817,1219.08,692.086,13.0,600.7546437797906,-167.45665669151526
P07T02,Other,966.364,396.172,719.508,715.611,0.0,0.0,14.0,449.99103362391554,-146.43372734881925
P07T02,Neck,982.078,386.413,719.507,715.601,0.0,0.0,15.0,450.190500953483,-147.27496870055415
P07T02,Other,978.188,364.885,717.562,680.279,0.0,0.0,14.0,600.264661275447,-162.86985329696452
P07T02,Neck,915.458,335.578,0.0,0.0,0.0,0.0,16.0,446.6772021794593,-144.7127819242981
P07T02,Neck,942.859,343.333,0.0,0.0,915.403,690.133,15.0,601.2081957947711,-164.251315116174
P07T02,Neck,956.563,329.616,0.0,0.0,0.0,0.0,17.0,446.3033022251708,-143.4777429605529
P07T02,Neck,962.458,323.757,0.0,0.0,1029.06,554.92,15.0,594.794191946769,-166.57753723473866
P07T02,Neck,958.469,339.396,0.0,0.0,1076.04,486.345,14.0,446.52110135568796,-144.4444906572767
P07T02,Neck,954.597,353.224,0.0,0.0,1101.55,447.156,15.0,596.1061650353621,-167.35505988791786
P07T02,Neck,948.712,353.118,0.0,0.0,0.0,0.0,16.0,445.87746979543795,-143.2684500739485
P07T02,Neck,938.905,335.581,0.0,0.0,1105.41,523.558,15.0,596.8246722683282,-168.25215575839414
P07T02,Neck,929.069,319.839,0.0,0.0,1134.86,496.154,15.0,446.0848188796108,-144.18526393460888
P07T02,Neck,946.745,304.152,0.0,0.0,0.0,0.0,16.0,597.5334326934766,-169.13387967139417
P07T02,Neck,913.451,257.122,0.0,0.0,1107.45,541.19,13.0,445.6794852681964,-144.05354632897334
P07T02,Neck,729.23,261.053,574.559,658.789,886.021,674.441,9.0,596.1054444661578,-165.3093919092985
P07T02,Neck,743.047,274.787,576.526,645.045,866.436,715.594,9.0,445.8601881651048,-144.86146453199746
P07T02,Neck,758.633,280.683,572.629,623.487,919.324,646.985,9.0,596.0913047952322,-164.12446688668393
P07T02,Neck,760.711,286.482,584.293,643.11,936.952,627.404,9.0,447.2067718253911,-144.28116961155936
P07T02,Neck,774.381,290.529,588.269,645.057,1011.36,478.584,10.0,597.0448969060868,-163.63836273132728
P07T02,Neck,776.302,294.383,599.945,643.086,1013.41,421.731,10.0,447.25896594103665,-145.10934858831817
P07T02,Neck,778.321,294.371,605.871,625.45,1032.98,554.955,10.0,596.7639213580981,-164.74586718992984
P07T02,Neck,801.813,300.215,613.688,627.407,1062.37,478.585,10.0,447.4119571311646,-145.82536209143876
P07T02,Neck,829.244,304.202,621.538,617.662,0.0,0.0,11.0,596.8585809963764,-162.39210651124804
P07T02,Neck,882.143,310.061,619.595,617.665,0.0,0.0,14.0,447.5653455204056,-146.53773363654147
P07T02,Other,1029.08,494.288,0.0,0.0,0.0,0.0,17.0,597.4546188276837,-164.29088281253897
P07T02,Other,1034.9,480.508,0.0,0.0,0.0,0.0,17.0,448.31843561794824,-142.52884619498553
P07T02,Other,1099.53,460.811,0.0,0.0,0.0,0.0,18.0,598.1282489173352,-164.9708876519438
P07T02,Other,1150.56,437.374,0.0,0.0,0.0,0.0,18.0,448.5614847686121,-141.6831785279464
P07T02,Other,1150.58,411.908,0.0,0.0,0.0,0.0,16.0,598.4689548724213,-162.5251359715082
P07T02,Other,1140.72,364.888,0.0,0.0,0.0,0.0,17.0,449.45592207937864,-141.58341199171917
P07T02,Other,1138.79,341.397,0.0,0.0,0.0,0.0,17.0,598.2480655298474,-163.21702869392607
P07T02,Other,1105.44,378.587,0.0,0.0,0.0,0.0,17.0,449.37515712924676,-140.85587776267604
P07T02,Other,1087.87,486.378,0.0,0.0,0.0,0.0,18.0,598.0598027642094,-162.8167997808596
P07T02,Other,1081.97,484.415,0.0,0.0,0.0,0.0,17.0,449.56460172225997,-141.56855152804388
P07T02,Neck,1095.65,478.499,0.0,0.0,0.0,0.0,18.0,598.1325687211502,-162.7363251326358
P07T02,Neck,1123.09,455.026,0.0,0.0,0.0,0.0,16.0,449.85954184733913,-141.1969488588283
P07T02,Neck,1154.41,415.88,0.0,0.0,0.0,0.0,17.0,599.4619130126531,-161.1019597928927
P07T02,Neck,0.0,0.0,0.0,0.0,0.0,0.0,20.0,450.02797720966413,-141.86238959424279
P07T02,Nose,nan,nan,nan,nan,nan,nan,nan,600.0371854263036,-159.96025536837234
P07T02,Other,0.0,0.0,0.0,0.0,0.0,0.0,21.0,450.2080663263771,-142.4481495654631
P07T02,Other,nan,nan,nan,nan,nan,nan,nan,598.3202188597578,-160.88569459632336
P07T02,Nose,nan,nan,nan,nan,nan,nan,nan,450.3867574250529,-143.02430242220515
P07T02,Other,nan,nan,nan,nan,nan,nan,nan,599.6799558281327,-160.66673072440318
P07T02,Nose,nan,nan,nan,nan,nan,nan,nan,450.56738720411266,-143.60166867220272
P07T02,Nose,nan,nan,nan,nan,nan,nan,nan,599.6004566901855,-161.05592370170334
P07T02,Nose,nan,nan,nan,nan,nan,nan,nan,450.7484917029218,-144.17555126814432
P07T02,Other,nan,nan,nan,nan,nan,nan,nan,600.371059933172,-161.50405068267008
P07T02,Nose,nan,nan,nan,nan,nan,nan,nan,450.93134381859466,-144.74997458584755
P07T02,Nose,nan,nan,nan,nan,nan,nan,nan,599.9571998931618,-161.23814714739046
P07T02,Nose,nan,nan,nan,nan,nan,nan,nan,451.11533490881334,-145.32299042157658
P07T02,Other,nan,nan,nan,nan,nan,nan,nan,600.1959788619871,-161.12607875117112
P07T02,Other,nan,nan,nan,nan,nan,nan,nan,451.2991052805731,-145.89040768112477
P07T02,Other,nan,nan,nan,nan,nan,nan,nan,599.6897852253553,-160.18735128084356
P07T02,Other,nan,nan,nan,nan,nan,nan,nan,451.4850504049412,-146.45962454374904
P07T02,Other,nan,nan,nan,nan,nan,nan,nan,600.3642156051257,-160.86988359688456
P07T02,Other,nan,nan,nan,nan,nan,nan,nan,451.6705302804675,-147.02257020777887
P07T02,Other,nan,nan,nan,nan,nan,nan,nan,598.0765184972905,-160.0317154797336
P07T02,Other,nan,nan,nan,nan,nan,nan,nan,451.85632068550365,-147.58168221314213
P07T02,Other,nan,nan,nan,nan,nan,nan,nan,598.8559002300282,-160.6740285893255
P07T02,Other,nan,nan,nan,nan,nan,nan,nan,598.5930452749734,-161.27350220178099
P07T02,Nose,nan,nan,nan,nan,nan,nan,nan,452.04989805212534,-148.1592240087509
P07T02,Other,nan,nan,nan,nan,nan,nan,nan,449.3080109807186,-139.21471734436273
P07T02,Other,nan,nan,nan,nan,nan,nan,nan,599.2032041915139,-161.80096572426794
P07T02,Other,nan,nan,nan,nan,nan,nan,nan,597.0742855878332,-161.22842033361255
P07T02,Other,nan,nan,nan,nan,nan,nan,nan,449.7830670775675,-140.6670211834142
P07T02,Other,nan,nan,nan,nan,nan,nan,nan,597.7930800900803,-161.82243430580766
P07T02,Other,nan,nan,nan,nan,nan,nan,nan,449.9385151658996,-141.10556214802548
P07T02,Other,nan,nan,nan,nan,nan,nan,nan,598.2951301787348,-162.3267340320474
P07T02,Other,nan,nan,nan,nan,nan,nan,nan,450.0953482530373,-141.54331031520596
P07T02,Other,nan,nan,nan,nan,nan,nan,nan,598.7976316601237,-162.82871475877158
P07T02,Other,261.077,118.047,194.518,227.708,0.0,0.0,12.0,449.5170639380366,-140.74430866779153
P07T02,Other,nan,nan,nan,nan,nan,nan,nan,599.2980780415475,-163.3258894540436
P07T02,Other,639.192,182.7,574.597,225.725,0.0,0.0,1.0,449.7317482050619,-140.64774076448717
P07T02,Other,nan,nan,nan,nan,nan,nan,nan,598.0831647629163,-157.7222931584396
P07T02,Other,nan,nan,nan,nan,nan,nan,nan,449.88160631435665,-141.1068254122453
P07T02,RKnee,0.0,0.0,658.756,300.259,699.936,280.655,5.0,598.7023280532785,-158.64734911324334
P07T02,Other,nan,nan,nan,nan,nan,nan,nan,448.90383783857135,-139.8809650382188
P07T02,Other,nan,nan,nan,nan,nan,nan,nan,599.1850555431829,-159.06701087011118
P07T02,Other,nan,nan,nan,nan,nan,nan,nan,448.8843818158564,-138.99661485945148
P07T02,Other,nan,nan,nan,nan,nan,nan,nan,599.6692520095679,-159.48493380454812
P07T02,Other,0.0,0.0,721.426,288.516,611.766,274.745,13.0,449.04187421559647,-138.65218950046136
P07T02,Other,nan,nan,nan,nan,nan,nan,nan,600.1408061919245,-159.88904203074455
P07T02,Other,nan,nan,nan,nan,nan,nan,nan,448.69859441379435,-139.61425028018985
P07T02,Other,0.0,0.0,539.232,304.141,433.488,274.843,13.0,600.6204111761061,-160.29711168430856
P07T02,Other,nan,nan,nan,nan,nan,nan,nan,448.8689096456975,-139.92304244186943
P07T02,Other,nan,nan,nan,nan,nan,nan,nan,601.0952747303338,-160.69822839919476
P07T02,Other,nan,nan,nan,nan,nan,nan,nan,449.00066930234755,-140.2752867934205
P07T02,Other,nan,nan,nan,nan,nan,nan,nan,601.5750696577102,-161.10056119388167
P07T02,Other,nan,nan,nan,nan,nan,nan,nan,448.8755221238338,-138.9658795940227
P07T02,Other,nan,nan,nan,nan,nan,nan,nan,596.9375008844243,-157.96371889118842
P07T02,Other,nan,nan,nan,nan,nan,nan,nan,448.8410428979852,-140.15853912449666
P07T02,Other,nan,nan,nan,nan,nan,nan,nan,597.173348515894,-156.72362635930932
P07T02,Other,nan,nan,nan,nan,nan,nan,nan,448.9839555349188,-140.42903481191254
P07T02,Other,nan,nan,nan,nan,nan,nan,nan,596.1078281209657,-157.05453191901424
P07T02,Other,nan,nan,nan,nan,nan,nan,nan,449.42629988575953,-140.12387747393453
P07T02,Other,nan,nan,nan,nan,nan,nan,nan,596.8323949881285,-157.3975769590465
P07T02,Other,nan,nan,nan,nan,nan,nan,nan,449.31493458420323,-140.02749758908186
P07T02,Other,nan,nan,nan,nan,nan,nan,nan,597.2012617362661,-157.7138323953589
P07T02,Other,nan,nan,nan,nan,nan,nan,nan,449.46500396964666,-140.37851316770409
P07T02,Other,nan,nan,nan,nan,nan,nan,nan,596.2040975440851,-156.5340623661277
P07T02,Other,nan,nan,nan,nan,nan,nan,nan,448.41528424449643,-140.7172420773525
P07T02,Other,nan,nan,nan,nan,nan,nan,nan,596.9015438841328,-155.80503796874464
P07T02,Other,nan,nan,nan,nan,nan,nan,nan,448.39262032937404,-140.7027832947156
P07T02,Other,nan,nan,nan,nan,nan,nan,nan,596.8401654721764,-154.29177322570922
P07T02,Other,nan,nan,nan,nan,nan,nan,nan,448.07784132049926,-141.26854789767023
P07T02,Other,nan,nan,nan,nan,nan,nan,nan,596.8740900282344,-155.18749782035482
P07T02,Nose,nan,nan,nan,nan,nan,nan,nan,448.2254890267203,-141.54723921109553
P07T02,Other,nan,nan,nan,nan,nan,nan,nan,595.8647307298561,-155.22547177316585
P07T02,Other,nan,nan,nan,nan,nan,nan,nan,448.3369941705407,-141.84456653474012
P07T02,Other,nan,nan,nan,nan,nan,nan,nan,597.4808657486158,-156.93395263600277
P07T02,Nose,nan,nan,nan,nan,nan,nan,nan,448.4482431126754,-142.13700288349634
P07T02,Nose,nan,nan,nan,nan,nan,nan,nan,597.7410041439474,-157.07501833800234
P07T02,Other,nan,nan,nan,nan,nan,nan,nan,448.56085328260184,-142.42880072188086
P07T02,Nose,nan,nan,nan,nan,nan,nan,nan,598.0952680633113,-157.33157590943512
P07T02,Nose,nan,nan,nan,nan,nan,nan,nan,448.67280546028223,-142.71475037624228
P07T02,Nose,nan,nan,nan,nan,nan,nan,nan,598.4493932833417,-157.58510927889284
P07T02,Nose,nan,nan,nan,nan,nan,nan,nan,448.78620891415517,-143.000257154894
P07T02,Nose,nan,nan,nan,nan,nan,nan,nan,448.01780152771806,-142.65688014842243
P07T02,Nose,nan,nan,nan,nan,nan,nan,nan,598.976233056252,-157.95685276315697
P07T02,Other,nan,nan,nan,nan,nan,nan,nan,446.9859374425851,-142.658864702468
P07T02,Other,0.0,0.0,0.0,0.0,0.0,0.0,21.0,599.3285309227384,-158.20178195751728
P07T02,Other,nan,nan,nan,nan,nan,nan,nan,446.73639819336984,-142.68183447887228
