P07T03,Other,680.398,366.746,535.33,466.782,866.433,466.776,10.0,501.72861941391136,166.40484489651493
P07T03,Other,676.383,366.764,525.482,474.559,854.622,464.799,10.0,503.5729219412118,165.60327735151634
P07T03,Other,666.558,366.838,517.732,470.657,839.029,476.556,10.0,504.7271225207396,164.7235547237531
P07T03,Other,662.655,366.872,509.935,474.613,835.067,478.597,10.0,504.86966646696743,172.61576645006295
P07T03,Other,652.902,368.742,0.0,0.0,823.422,482.48,11.0,506.11923009997724,171.10641723449177
P07T03,Other,649.061,368.898,496.218,476.542,821.39,478.588,10.0,498.4748747494931,169.67303420834975
P07T03,Other,648.859,378.595,478.569,515.759,821.3,478.617,10.0,500.2675817008111,168.93569104011746
P07T03,Other,645.017,382.484,474.634,509.853,831.145,466.776,10.0,501.3460621985763,168.14003190889642
P07T03,Other,643.118,386.45,476.634,509.906,819.404,468.762,10.0,497.5181166281609,170.00704211587149
P07T03,Other,645.005,396.2,476.51,515.736,837.002,458.88,10.0,496.29306071466215,171.30846133683303
P07T03,Other,645.083,400.106,0.0,0.0,833.115,458.896,11.0,497.49754832493545,170.38985579709242
P07T03,Other,649.002,400.254,470.72,525.5,835.097,460.93,10.0,488.7094901004998,177.8457367975456
P07T03,Other,656.818,402.196,482.435,478.483,829.223,476.55,10.0,490.37478348950515,176.54206595792132
P07T03,Other,666.528,409.942,486.388,480.455,844.899,449.158,10.0,490.8135743872497,176.22531947316156
P07T03,Other,672.502,413.868,484.394,478.539,850.756,490.289,10.0,491.69501498921625,175.59283090478314
P07T03,Other,682.233,415.795,527.542,549.055,837.07,462.851,10.0,492.5861602981977,174.9584092511036
P07T03,Other,688.138,415.783,527.524,541.253,839.006,474.597,9.0,493.47407449553316,174.3311872872296
P07T03,Other,695.973,415.946,511.82,521.623,848.79,490.295,8.0,488.3478408967366,173.84612206529036
P07T03,Other,697.96,417.794,537.297,472.63,852.696,480.542,8.0,487.91254876029507,173.59598159440296
P07T03,Other,697.959,415.894,511.86,533.392,852.646,464.808,8.0,488.9070140134763,172.90552235948485
P07T03,Other,641.161,349.215,502.062,458.949,774.387,470.689,8.0,480.9277554863944,171.6961762055931
P07T03,Other,633.388,341.365,539.257,523.622,715.611,556.907,8.0,482.3700929297818,171.10436822082696
P07T03,Other,631.344,331.626,502.036,449.122,758.742,478.557,8.0,483.09701158062757,170.46004300938944
P07T03,Other,633.335,329.663,500.093,464.794,764.561,472.629,8.0,483.8298499520764,169.81591450683794
P07T03,Other,635.226,329.655,0.0,0.0,758.661,474.594,9.0,484.5616728826153,169.1779766761471
P07T03,Other,635.313,323.814,539.208,523.606,758.76,472.61,8.0,484.349019047753,177.33371649366404
P07T03,Other,637.289,323.773,0.0,0.0,762.668,474.606,9.0,485.16139003113744,176.0685888585081
P07T03,Other,643.089,323.746,492.285,478.566,770.42,464.782,8.0,485.9203547376801,175.5195891936131
P07T03,Other,645.091,323.828,509.873,476.559,764.592,447.184,8.0,477.8904124362749,174.40669421010855
P07T03,Other,648.864,323.805,521.658,474.575,774.391,464.863,8.0,479.2748770383887,173.8957786717999
P07T03,Other,648.97,323.8,523.588,466.805,780.226,462.87,8.0,479.92516440613576,173.3498434558394
P07T03,Other,650.849,323.81,525.554,464.804,788.028,460.95,8.0,480.5943787255933,172.79288804536213
P07T03,Other,650.927,325.742,523.544,472.647,791.953,468.753,8.0,480.7933347073594,172.4075712429431
P07T03,Other,650.937,325.737,529.439,449.192,793.988,464.795,8.0,481.5119348971323,171.83474931581145
P07T03,Other,650.932,325.743,523.66,462.896,792.086,458.938,8.0,482.1948222527234,171.2778913078659
P07T03,Other,650.94,325.71,525.494,460.924,791.982,453.083,8.0,481.9249209016698,179.54053031287606
P07T03,Other,650.95,325.745,523.616,451.123,792.007,460.845,8.0,480.2641193974517,172.58101105325295
P07T03,Other,650.942,327.665,533.36,449.208,792.087,460.87,8.0,481.1397303757824,172.523013503681
P07T03,Other,650.945,327.66,539.194,447.242,793.958,458.945,8.0,480.7906132166223,172.93633281736905
P07T03,Other,650.936,329.613,539.321,447.139,790.023,462.858,8.0,480.61120869384973,172.94556889137522
P07T03,Other,650.915,327.711,539.246,472.658,778.239,460.916,8.0,480.56978030954417,172.81576045107855
P07T03,Other,650.902,329.619,552.939,521.645,760.633,462.88,8.0,481.81039371469785,172.0977832005733
P07T03,Other,650.889,327.714,552.986,523.619,746.963,476.543,8.0,482.43989348998116,171.60045490262053
P07T03,Other,650.915,329.594,576.457,476.579,729.352,476.505,8.0,481.3068732515343,172.4416879326489
P07T03,Other,650.919,329.617,603.942,478.554,711.665,480.504,8.0,482.10937190453365,171.83980753727536
P07T03,Other,650.933,329.647,613.72,480.497,672.471,462.933,8.0,482.77203808637813,171.34669855164506
P07T03,Other,650.909,327.678,615.695,478.552,670.532,464.835,8.0,483.44033923999575,170.85356393542256
P07T03,Other,650.908,323.807,617.637,478.518,678.298,464.81,8.0,483.15962303376375,179.17184665558182
P07T03,Other,650.947,321.902,627.44,478.451,682.253,470.665,8.0,483.91224078640994,178.050474873078
P07T03,Other,650.988,321.871,588.26,503.992,729.287,519.639,8.0,483.5932371478855,172.26005090433807
P07T03,Other,650.98,321.887,588.278,525.581,744.9,527.475,8.0,483.9103625889348,171.393301081846
P07T03,Other,650.995,321.899,574.567,537.301,760.708,539.267,8.0,483.7889647758358,172.10867724745685
P07T03,Other,650.972,321.906,562.758,545.15,774.303,556.941,8.0,484.52855397338465,171.5613090806594
P07T03,Other,650.922,321.905,554.854,568.631,778.26,566.658,8.0,485.1992776428643,171.10983306095304
P07T03,Other,650.888,321.883,539.304,582.334,788.033,572.577,8.0,461.14473958485075,139.0396947146711
P07T03,Other,650.893,321.864,527.513,586.318,790.057,572.508,8.0,484.7306744807248,172.27175133323638
P07T03,Other,650.943,321.841,523.668,576.485,791.919,572.529,8.0,462.1525722851429,138.5735085345644
P07T03,Other,651.047,321.871,523.597,572.627,789.968,568.648,8.0,486.572404721692,171.98227340328003
P07T03,Other,654.86,321.882,517.728,535.33,792.03,533.407,8.0,463.15100029903357,138.11496855430585
P07T03,Other,656.85,321.897,523.584,533.366,790.002,537.276,8.0,487.1759027038504,171.52690099360976
P07T03,Other,658.8,321.823,527.535,533.409,793.98,537.288,8.0,464.1708594971552,137.64990142702527
P07T03,Other,660.689,321.745,525.593,533.385,788.067,541.206,8.0,489.30850463805314,171.16058781965714
P07T03,Other,660.693,321.758,525.576,535.353,782.176,543.2,8.0,465.19370365194357,137.18676829415256
P07T03,Other,660.701,321.741,527.54,537.259,789.973,547.071,8.0,489.3604243369116,171.3929969170294
P07T03,Other,660.732,319.911,531.461,539.198,782.166,558.915,8.0,466.2373111348011,136.7175642021215
P07T03,Other,660.714,319.924,537.266,556.945,782.183,568.627,8.0,489.8561771429294,170.09341157363198
P07T03,Other,660.689,321.725,539.274,570.567,778.342,572.565,8.0,467.2721854019728,136.25554018560774
P07T03,Other,660.69,319.89,541.259,568.634,778.332,572.643,8.0,490.3536045072204,170.77425429324853
P07T03,Other,660.681,319.825,554.875,568.652,774.44,570.527,8.0,468.31795647531396,135.7918756793658
P07T03,Other,658.793,319.767,555.018,572.519,774.301,570.534,8.0,492.1250303555268,170.9305229405741
P07T03,Other,658.778,317.915,558.833,572.528,768.498,558.886,8.0,469.38041057509366,135.3240670065443
P07T03,Other,658.754,317.901,558.905,566.68,760.685,566.687,8.0,500.08277327458484,172.081345689676
P07T03,Other,658.732,317.886,562.791,558.893,758.636,558.863,8.0,488.95652612612423,140.16179541521498
P07T03,Other,656.824,317.842,566.708,558.849,754.718,556.926,8.0,541.2772915907983,172.72455077416737
P07T03,Other,656.79,315.921,566.72,556.85,746.956,556.969,8.0,533.1567244941972,131.71027080420868
P07T03,Other,654.877,313.995,568.616,560.829,746.912,558.875,8.0,590.878923620218,174.2757049668265
P07T03,Other,654.859,313.973,566.644,560.792,744.953,566.654,8.0,595.9947547065855,130.94403155618744
P07T03,Other,654.872,315.876,558.893,564.728,745.061,566.678,8.0,640.450098548791,175.6977066589873
P07T03,Other,652.967,313.987,556.981,570.638,745.049,572.526,8.0,652.5207320209322,123.15837685314632
P07T03,Other,652.903,313.979,554.949,574.528,746.933,570.554,8.0,698.4637484420196,121.19138641817683
P07T03,Other,651.028,313.993,545.161,570.553,758.597,570.584,8.0,683.5308534996948,174.64973815832508
P07T03,Other,652.862,313.965,541.259,568.642,758.666,566.703,8.0,718.9661691646729,172.57181072398726
P07T03,Other,652.875,313.971,541.188,568.58,762.668,570.594,8.0,735.6030157963557,118.44189413936758
P07T03,Other,652.899,313.965,539.247,566.716,766.532,570.581,8.0,755.4226985326598,116.94630594768257
P07T03,Other,652.917,313.998,539.156,562.798,774.254,568.588,8.0,746.9491587063997,171.48731169526013
P07T03,Other,652.916,315.882,537.307,562.753,774.311,562.746,8.0,747.0263506700035,120.99781512674997
P07T03,Other,652.937,313.992,537.247,556.885,774.414,558.883,8.0,747.2068677342007,172.7218140573602
P07T03,Other,654.89,315.909,537.336,560.839,776.408,556.874,8.0,748.2422634671894,119.8117642118941
P07T03,Other,656.776,317.805,539.234,566.65,776.336,556.98,8.0,742.6075508098163,171.7848861074003
P07T03,Other,656.805,317.86,539.277,572.534,776.229,562.739,8.0,754.9829445905143,120.17197542331961
P07T03,Other,656.784,317.851,541.288,572.572,776.375,556.88,8.0,746.9397334751909,170.89110308817828
P07T03,Other,654.865,313.996,543.25,570.526,776.4,554.967,8.0,757.3584044895281,121.25982263517837
P07T03,Other,654.837,315.876,547.131,568.599,774.3,560.837,8.0,748.5414934294323,171.10652889795304
P07T03,Other,652.932,313.998,551.017,568.628,776.261,549.076,8.0,758.5177673752526,121.38761276669621
P07T03,Other,652.936,313.994,554.858,572.549,770.392,554.933,8.0,750.2412604330582,172.38252345927143
P07T03,RKnee,652.956,315.921,554.957,574.55,764.599,556.863,8.0,760.2323808972335,121.86845067605775
P07T03,Other,652.943,315.957,554.988,574.563,764.538,556.962,8.0,750.9515458118528,172.48148656476198
P07T03,Other,651.035,317.853,554.997,578.425,760.628,558.862,8.0,761.3871062770169,122.24796994554075
P07T03,Other,652.849,317.881,554.965,580.368,760.685,560.787,8.0,751.2346041591477,172.65926315080225
P07T03,Other,652.848,317.893,554.982,576.483,760.653,562.785,8.0,762.7635448329515,122.08647219843728
P07T03,Other,651.034,317.909,554.871,574.538,762.606,560.831,8.0,752.679390888216,173.054032059132
P07T03,Other,651.02,319.73,551.026,570.535,760.618,568.675,8.0,763.0372549930546,122.13918204012529
P07T03,Other,650.99,319.727,547.117,570.61,762.581,556.947,8.0,753.4826087212554,173.80605870299883
P07T03,Other,650.988,317.918,545.168,568.623,762.649,556.92,8.0,764.7601342824878,122.55040813418881
P07T03,Other,650.98,317.907,545.12,572.605,764.541,562.761,8.0,753.6664238452466,174.11167862438197
P07T03,Other,650.98,317.849,541.301,572.557,766.547,568.614,8.0,764.7521951564704,122.45722231743551
P07T03,Other,650.919,315.932,539.31,570.575,774.318,566.705,8.0,754.8648635496934,174.16428015999708
P07T03,Other,651.009,317.821,539.324,570.629,774.356,564.717,8.0,766.4388334983653,123.56968579423662
P07T03,Other,651.012,317.861,539.289,570.594,774.282,566.672,8.0,755.593554561906,174.41254085877395
P07T03,Other,650.943,317.869,539.263,570.628,774.289,564.719,8.0,766.7192749010255,124.82918313223901
P07T03,Other,650.911,317.875,539.279,568.606,772.355,566.654,8.0,755.558438314095,174.7839723575146
P07T03,Other,650.92,317.875,541.159,566.67,774.251,566.682,8.0,767.9531430307313,124.16082400141418
P07T03,Other,650.951,317.895,541.314,570.583,772.401,566.679,8.0,756.4879876236814,174.8642489306401
P07T03,Other,650.986,317.908,543.22,574.505,770.425,558.868,8.0,767.9963260520793,124.77529270450576
P07T03,Other,650.978,317.909,545.167,574.585,772.366,558.88,8.0,756.8205074456471,175.5052663690942
P07T03,Other,650.974,319.741,547.065,574.516,774.362,554.874,8.0,768.9790842551363,125.55612491430747
P07T03,Other,650.975,319.755,547.102,572.534,772.375,554.984,8.0,755.6996472794049,175.19091543149173
P07T03,Other,650.968,319.76,549.035,572.599,768.511,556.87,8.0,768.7130471199007,125.60586406398069
P07T03,Other,650.958,319.75,549.029,572.509,772.323,554.956,8.0,755.0554963899087,175.31801991775285
P07T03,Other,650.917,319.754,549.025,572.519,772.357,554.976,8.0,768.5050150844755,126.33701984878383
P07T03,Other,650.927,319.763,547.095,570.547,770.459,554.926,8.0,754.6290799513692,175.64453040187325
P07T03,Other,650.958,319.768,547.1,572.543,764.556,564.727,8.0,767.0911640499476,126.95364367708328
P07T03,Other,650.987,319.764,549.049,570.558,768.511,570.549,8.0,754.417722404326,175.8824371144232
P07T03,Other,651.007,319.776,549.026,566.712,774.32,556.958,8.0,766.8305858704274,127.23282846563757
P07T03,Other,650.944,319.8,547.126,572.631,772.389,558.858,8.0,753.1119651666329,175.94197815239616
P07T03,Other,650.917,319.817,547.072,576.459,772.382,560.809,8.0,751.4023665153259,176.97840310140103
P07T03,Other,650.875,319.798,547.123,570.62,772.36,558.897,8.0,764.3898860358229,128.9296142847423
P07T03,Other,650.885,319.783,549.073,572.534,774.25,564.697,8.0,765.7878246547252,129.85731170343072
P07T03,Other,650.892,319.782,549.084,570.619,772.42,562.781,8.0,749.4364862716964,177.0034317337495
P07T03,Other,650.887,319.782,550.995,566.71,772.367,564.718,8.0,765.0663313876021,129.6885411030297
P07T03,Other,650.845,319.782,550.978,570.591,774.277,564.748,8.0,748.1800661679979,175.48023340556486
P07T03,LKnee,649.018,319.805,550.997,570.575,774.374,558.885,8.0,766.6249879649536,130.6595187081631
P07T03,Other,649.007,319.789,549.059,564.743,774.307,564.694,8.0,745.0595784405647,175.83882692951914
P07T03,Nose,648.988,319.776,547.128,562.783,774.347,554.967,8.0,764.4327640358819,127.00800123567373
P07T03,Nose,648.98,319.775,545.167,568.648,774.4,543.184,8.0,741.1952925056303,179.15106871963303
P07T03,Other,650.911,319.791,547.077,568.591,762.602,558.849,8.0,770.9327664787048,145.73734249075414
P07T03,Other,650.887,319.806,545.169,568.626,766.487,554.946,8.0,743.7721282060729,187.45005908761354
P07T03,Other,650.872,319.768,543.234,568.674,774.291,547.098,8.0,766.2513567022801,154.356797833183
P07T03,Other,650.872,319.742,543.228,568.593,766.525,552.964,8.0,735.722790381488,202.44469705217298
P07T03,Other,650.865,319.735,543.243,570.637,776.285,552.967,8.0,771.9047779910636,163.15899469334602
P07T03,Other,650.862,317.916,543.243,570.627,774.433,556.857,8.0,738.4941541925966,210.03116231509907
P07T03,Other,650.854,317.906,541.315,564.693,772.433,558.882,8.0,776.7402752043399,172.19554678996712
P07T03,Other,649.06,317.864,543.207,562.768,772.36,558.896,8.0,740.3531411253091,218.32493611120526
P07T03,Other,649.037,317.809,547.078,568.582,768.509,558.822,8.0,781.5703769487297,181.4106449171961
P07T03,Other,649.02,315.938,547.093,566.645,772.413,558.817,8.0,742.182340823583,226.74133934844045
P07T03,Other,649.043,317.806,547.089,568.674,772.347,556.943,8.0,785.6662922520319,181.2960703600394
P07T03,Other,649.06,315.926,549.04,568.611,774.302,556.864,8.0,736.8975856469546,225.2098523329548
P07T03,Other,650.85,315.894,547.108,568.648,772.409,547.096,8.0,780.296313477802,182.57155020519414
P07T03,Other,650.843,315.917,549.086,572.596,766.558,556.855,8.0,740.690056768967,225.95878651999996
P07T03,Other,650.866,315.949,549.059,570.617,772.364,556.925,8.0,775.6192318606124,183.81630231884114
P07T03,Other,650.859,315.91,549.062,568.657,766.554,554.928,8.0,743.7934131000874,226.59707281365965
P07T03,Other,650.873,315.939,549.019,570.622,766.537,551.001,8.0,770.8222456418833,185.07601218344826
P07T03,Other,650.872,315.904,549.043,570.643,768.497,554.939,8.0,738.2708645864345,225.7584071400532
P07T03,Other,650.867,313.99,549.052,572.551,766.52,556.943,8.0,765.9497108298226,186.35862350528365
P07T03,Other,649.051,315.945,549.025,570.6,764.568,554.968,8.0,733.3992218289054,225.04471967281356
P07T03,Other,649.028,315.917,549.042,570.597,766.535,554.922,8.0,734.7187919095769,213.33733955662785
P07T03,Other,649.023,315.928,549.077,572.53,772.325,554.946,8.0,754.6049875130562,173.63554024319342
P07T03,Other,649.003,315.94,547.107,570.57,764.601,558.825,8.0,754.6274915612395,175.15925141912433
P07T03,Other,648.984,317.818,547.093,570.655,764.589,556.902,8.0,734.8588684311533,213.3125394057854
P07T03,Other,648.985,317.814,547.099,570.607,768.47,552.972,8.0,758.5809422927075,175.6864852393297
P07T03,Other,649.008,317.841,547.12,570.647,762.594,558.892,8.0,733.703618759607,212.90306192554033
P07T03,Other,649.028,317.877,549.065,576.475,764.593,566.715,8.0,733.2756737659543,211.79532303209342
P07T03,Other,648.987,317.898,545.165,572.645,762.58,564.726,8.0,762.360850684406,176.24807797670553
P07T03,Other,648.942,319.753,545.114,574.524,760.617,568.586,8.0,732.9868839045835,211.81022499198272
P07T03,Other,648.94,319.764,545.125,572.648,760.64,564.754,8.0,757.9475221586296,177.69656601814236
P07T03,Other,648.956,319.763,543.252,572.647,760.637,566.708,8.0,732.9855329082261,212.22865757474884
P07T03,Other,648.973,319.75,543.244,572.649,760.645,568.655,8.0,750.08704574892,172.30554957932455
P07T03,Other,648.969,319.785,543.243,580.429,760.577,570.593,8.0,732.5614694024907,211.99733338377564
P07T03,Other,648.977,319.819,543.243,580.419,760.621,570.552,8.0,749.4796726792654,173.3405598406158
P07T03,Other,648.968,319.798,543.234,578.472,760.628,570.548,8.0,731.5530789640993,212.48155980528244
P07T03,Nose,648.923,319.774,543.179,574.511,760.679,566.683,8.0,748.1029033430422,173.06270896828482
P07T03,Other,648.89,319.776,541.268,578.455,760.703,564.754,8.0,731.3113144673976,212.18987458828076
P07T03,Other,648.908,319.786,541.256,576.465,760.624,562.786,8.0,746.9453772865152,172.40759685546573
P07T03,Other,648.937,319.81,541.24,584.266,760.585,570.52,8.0,730.249273076191,212.1799097183964
P07T03,Other,649.032,323.725,541.28,586.216,760.704,572.586,8.0,746.594392578636,172.81475665830328
P07T03,Other,649.041,323.735,541.24,582.386,762.626,572.585,8.0,730.6913060783069,212.0412570824545
P07T03,Other,649.064,321.864,541.317,576.454,762.673,572.603,8.0,744.0519519864295,171.85309643159712
P07T03,Other,650.868,321.797,541.242,582.381,768.506,570.629,8.0,729.3824053607733,211.882524209542
P07T03,Other,649.044,321.725,541.156,584.275,768.451,568.648,8.0,744.0784576886817,171.9208235114809
P07T03,Other,648.992,319.777,539.31,580.381,774.426,547.104,8.0,729.3055807968364,211.01003408668848
P07T03,Other,648.889,317.816,539.294,578.435,762.675,568.623,8.0,742.7399787026061,173.05564164188857
P07T03,Other,648.903,313.977,539.327,572.567,764.535,558.849,8.0,728.6530260697648,211.7640513057811
P07T03,Other,648.865,308.106,539.264,572.598,764.558,558.871,8.0,743.4652890304935,172.7423849947105
P07T03,Other,648.884,304.16,539.27,562.793,762.623,564.744,8.0,728.7606289113639,211.7569606265282
P07T03,Other,648.872,302.171,539.232,554.96,762.633,566.696,8.0,742.762126825226,173.2998989048878
P07T03,Other,648.901,298.309,539.168,558.837,764.572,558.909,8.0,727.1227626963002,211.7429665669743
P07T03,Other,648.866,292.481,537.246,556.914,764.559,556.941,8.0,742.0159189575065,173.30201019367652
P07T03,Other,647.011,290.512,527.521,550.983,762.632,554.936,8.0,726.2727012945401,212.0099971445576
P07T03,Other,643.118,288.565,523.608,539.186,760.731,552.991,8.0,740.7702499673742,173.10846213006926
P07T03,Other,639.173,288.403,519.703,525.516,766.52,525.578,8.0,725.4482158219068,212.00978839605324
P07T03,Other,635.251,286.556,513.831,507.891,762.567,509.917,8.0,737.6957406032175,173.59255090728675
P07T03,Other,633.288,288.44,513.784,496.153,762.592,498.153,6.0,738.2413090085157,174.42177464593715
P07T03,Other,629.364,290.395,509.954,488.287,762.573,492.207,4.0,723.5139569240171,211.8108973440425
P07T03,Other,617.688,306.117,500.056,476.513,760.612,486.366,5.0,722.882965588206,212.19562150020406
P07T03,Other,617.664,317.872,500.066,478.59,762.58,494.236,6.0,736.0908742498771,174.51392631860068
P07T03,Other,619.496,333.48,507.827,492.308,770.4,507.871,5.0,733.7375464683568,174.7576978926572
P07T03,Other,619.667,343.329,507.893,498.13,774.389,513.782,6.0,720.6040804144786,213.1182981900195
P07T03,Other,625.475,353.063,511.824,507.912,788.022,517.717,7.0,732.1539823107598,176.13349199921035
P07T03,Other,629.375,358.996,511.819,519.632,792.021,527.559,8.0,720.5562703161969,212.3616352310306
P07T03,Other,633.244,368.782,509.952,529.476,803.719,537.293,8.0,731.4228273248328,176.5689664606964
P07T03,Other,637.22,376.637,507.866,533.356,817.478,543.192,8.0,718.501193866157,212.60391040680915
P07T03,Other,645.078,380.503,507.913,537.317,833.118,552.931,9.0,730.87176932096,178.01488915292268
P07T03,Other,650.917,372.768,507.949,535.304,844.884,545.134,9.0,718.0117093667129,213.27055839900012
P07T03,Other,650.852,323.724,492.148,494.143,876.214,529.484,8.0,727.501060148122,177.096282719557
P07T03,Other,648.901,310.035,478.532,480.542,895.816,515.778,9.0,717.3364070628651,212.85749833383218
P07T03,LElbow,646.995,304.102,470.676,480.502,884.076,470.698,9.0,726.3716467389692,177.08573633193166
P07T03,LElbow,648.986,290.513,462.79,474.589,915.436,400.159,9.0,714.56671507274,214.47877194126184
P07T03,Other,662.624,292.431,460.873,486.38,980.123,460.886,10.0,725.4264687586474,176.80475624499786
P07T03,Other,664.651,290.512,445.248,486.385,985.964,364.843,10.0,714.1171729069403,214.3783047994635
P07T03,Other,664.611,288.407,421.729,490.284,0.0,0.0,11.0,723.964159452229,178.55750131786633
P07T03,LElbow,670.571,290.479,404.119,494.213,0.0,0.0,11.0,712.6966308377698,214.40859322527
P07T03,LElbow,680.313,302.166,402.093,521.643,1099.58,535.322,10.0,723.2770509958481,177.9293548355749
P07T03,Other,686.238,319.801,388.452,545.126,0.0,0.0,11.0,712.0373293115276,214.30081013374362
P07T03,Other,619.595,329.611,304.124,492.212,0.0,0.0,10.0,722.2811760402418,178.166786235002
P07T03,Other,637.294,306.181,333.549,482.428,0.0,0.0,6.0,711.8439964251688,214.30129007881038
P07T03,Other,656.831,278.712,366.792,472.647,809.666,715.614,5.0,720.4113846109146,180.263862353183
P07T03,LElbow,682.333,264.991,368.834,431.539,846.865,658.772,5.0,711.578992056093,215.6836061193369
P07T03,Other,709.679,257.111,390.371,423.688,868.446,650.967,5.0,719.9851487410206,179.00974898252707
P07T03,Other,739.085,243.391,429.566,425.629,931.033,615.652,5.0,711.0488113741369,215.15560979181836
P07T03,Other,758.72,217.958,458.962,409.927,976.102,594.12,5.0,720.1471996082125,180.0618645680613
P07T03,Other,770.396,194.354,496.172,415.874,1017.3,529.451,9.0,711.1204249628497,215.48556207324893
P07T03,LElbow,772.35,165.008,521.641,404.106,1058.44,472.626,5.0,718.5890735452255,179.48664581812616
P07T03,LElbow,762.625,143.518,533.391,394.283,1058.47,400.211,4.0,710.0942839129029,215.00869329277978
P07T03,Other,772.362,133.695,515.736,400.206,1091.74,368.883,5.0,719.1454837975608,179.70818116138156
P07T03,LElbow,756.744,147.443,462.826,384.51,1107.45,364.903,5.0,709.6395416644373,215.77949006682923
P07T03,LElbow,746.893,149.463,441.271,364.905,1087.86,339.492,9.0,717.5111256174961,179.61702807768256
P07T03,Other,743.026,135.715,437.377,353.125,1056.52,310.031,5.0,710.5124343447828,215.8797921553936
P07T03,LElbow,742.993,118.144,464.803,364.884,1036.86,292.454,5.0,716.4022947313258,179.01740899179092
P07T03,LElbow,731.271,116.106,496.161,384.552,1030.98,317.894,5.0,710.7402554813311,216.6888021115494
P07T03,LElbow,727.279,110.237,429.535,376.654,1025.06,278.704,5.0,715.2790183400629,179.33949217854345
P07T03,LElbow,727.348,116.137,423.651,382.504,1040.76,462.885,9.0,709.8878952295145,216.60594223979058
P07T03,Other,723.415,133.757,411.933,392.324,0.0,0.0,9.0,714.400519257427,179.45033897264707
P07T03,LElbow,723.381,163.085,415.876,439.336,1117.14,378.558,9.0,709.2144928413115,216.73326840789971
P07T03,Other,713.574,194.436,402.151,464.81,933.003,406.062,10.0,714.5226347262367,179.14118349246297
P07T03,Other,735.159,261.119,435.454,513.825,0.0,0.0,11.0,708.5278107123651,216.01955539888183
P07T03,Other,850.759,300.239,453.055,596.084,0.0,0.0,12.0,714.9281918039828,179.50108781645997
P07T03,Other,884.06,292.381,0.0,0.0,1103.5,715.609,12.0,707.6183837864319,215.56659768083617
P07T03,Other,899.653,276.724,0.0,0.0,0.0,0.0,16.0,716.973161609634,179.94091685829315
P07T03,Other,923.241,272.869,0.0,0.0,0.0,0.0,16.0,707.5980037217537,215.51371869096948
P07T03,Neck,956.553,357.085,0.0,0.0,0.0,0.0,16.0,713.8222517376144,179.37935145984375
P07T03,Nose,976.083,429.536,0.0,0.0,0.0,0.0,18.0,707.5283024573116,215.00849916393548
P07T03,Other,983.987,415.79,0.0,0.0,0.0,0.0,17.0,713.9715636519173,179.67289748210928
P07T03,Other,948.801,431.557,837.02,521.591,0.0,0.0,16.0,707.8479069533328,215.07084031208976
P07T03,LElbow,925.184,431.546,0.0,0.0,0.0,0.0,16.0,712.9002051634166,177.84672426373385
P07T03,Other,872.317,384.474,0.0,0.0,0.0,0.0,16.0,707.3953367689112,215.1090729575421
P07T03,Other,846.877,335.449,0.0,0.0,1025.08,576.47,16.0,713.3994912846888,178.03197559456567
P07T03,Other,813.516,288.395,0.0,0.0,0.0,0.0,15.0,707.4414320158864,215.46229307288743
P07T03,Other,840.995,319.781,0.0,0.0,0.0,0.0,15.0,711.7406449594826,178.84807885802138
P07T03,Other,815.511,372.758,0.0,0.0,0.0,0.0,15.0,706.4662071780388,214.89815291064383
P07T03,Other,760.679,341.369,0.0,0.0,933.06,698.001,14.0,713.1953753090534,178.99613217055776
P07T03,Other,741.065,321.808,0.0,0.0,982.061,701.895,14.0,706.5760531929377,214.68342776378782
P07T03,Other,776.298,323.781,0.0,0.0,935.012,697.914,14.0,712.4830182908398,178.71983515037687
P07T03,Neck,797.862,308.104,0.0,0.0,0.0,0.0,16.0,705.9133819200438,214.98201663221695
P07T03,Neck,817.477,261.05,0.0,0.0,0.0,0.0,16.0,711.9008609701076,179.83160520667494
P07T03,Other,868.362,255.159,0.0,0.0,0.0,0.0,16.0,705.9285541542513,214.93211252456882
P07T03,Other,860.595,223.8,0.0,0.0,0.0,0.0,17.0,711.3508295182469,179.0726500470837
P07T03,Other,801.788,200.357,0.0,0.0,0.0,0.0,16.0,706.213407392768,214.59756538829902
P07T03,Nose,743.025,219.911,0.0,0.0,0.0,0.0,16.0,712.2482610849316,179.78206142154298
P07T03,Other,772.373,253.213,0.0,0.0,0.0,0.0,16.0,706.152176427639,214.86809520353174
P07T03,Other,805.658,290.431,0.0,0.0,0.0,0.0,16.0,713.7786390121275,179.82258671617114
P07T03,Other,823.357,272.855,0.0,0.0,0.0,0.0,13.0,706.4547120895254,214.9139370119181
P07T03,Other,815.517,257.079,0.0,0.0,0.0,0.0,15.0,713.3213668350753,180.1492790910479
P07T03,Other,823.37,264.964,0.0,0.0,0.0,0.0,16.0,707.0415188939025,214.949636423716
P07T03,Other,842.923,270.829,566.699,433.474,0.0,0.0,15.0,713.5973390301651,178.8404939021417
P07T03,Other,821.401,288.491,0.0,0.0,0.0,0.0,16.0,707.3867087745737,215.1403595314267
P07T03,Other,768.481,261.103,0.0,0.0,0.0,0.0,18.0,714.7227956614054,180.10375122410025
P07T03,Other,727.34,198.401,0.0,0.0,0.0,0.0,14.0,707.7409295750392,215.92560689419372
P07T03,Other,729.243,178.776,0.0,0.0,0.0,0.0,17.0,715.3940489648273,180.2427538554041
P07T03,Other,762.642,221.837,0.0,0.0,0.0,0.0,15.0,707.7664356413919,215.46562929508298
P07T03,Neck,839.019,315.908,0.0,0.0,0.0,0.0,18.0,708.203352521946,215.96203152503725
P07T03,LElbow,852.742,317.833,0.0,0.0,0.0,0.0,16.0,716.3187283410266,181.23261390325024
P07T03,Neck,944.833,321.869,0.0,0.0,0.0,0.0,15.0,715.7577482377924,182.22016909905994
P07T03,Other,962.388,308.088,0.0,0.0,0.0,0.0,16.0,708.0972782180434,216.99868365326105
P07T03,RElbow,950.65,296.322,0.0,0.0,0.0,0.0,16.0,709.4994742067113,217.35611702958
P07T03,Neck,952.655,288.445,0.0,0.0,0.0,0.0,15.0,715.7621213613222,180.5443348794934
P07T03,Other,991.787,292.395,0.0,0.0,0.0,0.0,16.0,709.4976257803643,217.3386498121648
P07T03,Neck,1025.04,323.807,0.0,0.0,0.0,0.0,17.0,716.1097917194013,181.39984113666924
P07T03,Neck,1005.56,323.776,0.0,0.0,0.0,0.0,16.0,710.3007263476557,217.0955081327864
P07T03,Neck,991.801,292.43,0.0,0.0,0.0,0.0,16.0,717.3489304611593,181.37053790323034
P07T03,Neck,995.668,272.872,0.0,0.0,0.0,0.0,16.0,710.4224699538452,217.36011336167195
P07T03,Other,1009.47,266.911,0.0,0.0,0.0,0.0,17.0,718.2003386528652,181.3612756225438
P07T03,Other,1023.2,274.794,0.0,0.0,0.0,0.0,16.0,710.4562707235043,217.71019001262368
P07T03,Neck,1005.52,276.727,0.0,0.0,0.0,0.0,17.0,719.3359907715549,181.29818801924847
P07T03,Neck,993.679,286.498,0.0,0.0,0.0,0.0,16.0,711.7075020475739,217.4232155537521
P07T03,Other,964.362,259.159,0.0,0.0,0.0,0.0,15.0,718.2343938634417,180.42298853271382
P07T03,Neck,946.839,253.208,0.0,0.0,0.0,0.0,13.0,712.047604820491,217.994465383523
P07T03,Other,915.336,255.183,0.0,0.0,0.0,0.0,13.0,718.069094418318,181.70284109652175
P07T03,Other,901.63,257.164,0.0,0.0,0.0,0.0,16.0,713.3687302057203,217.75571439037392
P07T03,Neck,901.718,257.075,0.0,0.0,0.0,0.0,16.0,718.6867307581379,180.7821918350876
P07T03,Other,919.323,257.171,0.0,0.0,0.0,0.0,16.0,713.9447307299686,217.31093046962079
P07T03,Neck,960.454,278.681,0.0,0.0,0.0,0.0,16.0,720.4008300459211,182.00733774034438
P07T03,Other,980.093,290.505,0.0,0.0,0.0,0.0,17.0,714.7840951343734,218.43514441178505
P07T03,Other,985.94,329.628,0.0,0.0,0.0,0.0,17.0,719.9538808818327,180.88298680128648
P07T03,Other,984.026,323.815,0.0,0.0,0.0,0.0,17.0,715.2177119721829,217.95735968484814
P07T03,Neck,983.98,335.461,0.0,0.0,0.0,0.0,17.0,720.0592801979426,181.99962977317583
P07T03,Neck,968.284,343.365,0.0,0.0,0.0,0.0,17.0,715.4629478889201,217.8659368082118
P07T03,Other,948.808,339.479,0.0,0.0,0.0,0.0,16.0,720.4961601498987,182.6060978852129
P07T03,Other,913.387,353.186,0.0,0.0,989.838,658.784,15.0,716.0937701425769,218.9002980540695
P07T03,Other,835.114,370.826,0.0,0.0,0.0,0.0,16.0,721.1435538225376,181.5394385414166
P07T03,Other,748.915,392.349,0.0,0.0,0.0,0.0,16.0,715.9715955866059,219.10898565238668
P07T03,Other,715.578,386.451,0.0,0.0,0.0,0.0,17.0,722.6889201307881,182.47652454512294
P07T03,Other,756.685,341.429,633.28,635.236,0.0,0.0,16.0,716.8583846262809,219.62308167461453
P07T03,Neck,795.924,306.072,694.02,590.174,0.0,0.0,16.0,724.132738547889,182.45917584880365
P07T03,Other,862.48,323.736,0.0,0.0,0.0,0.0,17.0,717.8385566358787,219.77192142691294
P07T03,Other,882.035,321.838,0.0,0.0,0.0,0.0,18.0,724.0222583195252,184.68237882607386
P07T03,Other,872.35,319.723,0.0,0.0,0.0,0.0,18.0,718.4241057387962,219.6064367976945
P07T03,Other,854.716,319.744,0.0,0.0,0.0,0.0,18.0,724.3418450134945,186.24953720965286
P07T03,Other,839.08,331.619,758.704,599.97,0.0,0.0,15.0,717.4615539100553,220.3256238470261
P07T03,Other,835.025,317.915,739.093,490.27,774.361,492.206,14.0,725.8013765398555,187.16142896740192
P07T03,Other,807.651,353.087,660.705,639.19,901.673,625.449,14.0,719.604750331592,221.43032599385913
P07T03,Other,776.345,337.512,519.678,662.68,0.0,0.0,16.0,727.775085056443,186.2840731162896
P07T03,Other,737.096,319.894,554.91,619.656,0.0,0.0,15.0,720.2047964168388,221.36051194243944
P07T03,Other,748.862,323.775,543.164,633.206,0.0,0.0,16.0,728.158391897012,187.03386194756465
P07T03,Other,766.529,327.698,478.519,656.803,0.0,0.0,16.0,719.558092851338,220.71497010980423
P07T03,Neck,756.756,302.211,411.919,666.646,0.0,0.0,16.0,725.8376604266874,186.92860193646698
P07T03,Neck,754.793,270.827,374.707,715.598,0.0,0.0,16.0,728.3208603874507,186.32064671808988
P07T03,Neck,750.849,243.384,0.0,0.0,0.0,0.0,17.0,720.3050572313356,220.97135796370745
P07T03,Neck,699.903,210.062,464.838,682.272,0.0,0.0,16.0,730.1874132075434,189.01984517183757
P07T03,Other,696.005,212.029,0.0,0.0,0.0,0.0,17.0,721.7192108280371,221.42413246464636
P07T03,Neck,774.288,231.672,0.0,0.0,956.57,574.519,15.0,729.935001090058,189.51185886662347
P07T03,Neck,831.16,182.748,0.0,0.0,0.0,0.0,17.0,723.3294543134126,221.23713398619174
P07T03,Other,915.341,194.472,0.0,0.0,0.0,0.0,17.0,731.9734020424548,187.20148886068415
P07T03,Neck,1029.07,186.599,0.0,0.0,0.0,0.0,17.0,723.144586090234,220.92989022514914
P07T03,Neck,1170.08,253.244,0.0,0.0,0.0,0.0,18.0,731.0984893064265,187.92194575264182
P07T03,Other,1187.75,288.442,0.0,0.0,0.0,0.0,17.0,723.6965295762883,220.91272499677174
P07T03,Other,1150.45,272.786,0.0,0.0,0.0,0.0,17.0,731.4682513397966,188.429174371371
P07T03,Neck,1074.19,243.42,0.0,0.0,0.0,0.0,16.0,724.0767794859938,221.65961480856703
P07T03,Neck,950.648,225.804,711.668,715.618,1076.07,541.245,13.0,733.4067597689408,189.28216165170187
P07T03,Neck,839.099,214.071,694.001,695.95,1038.85,505.958,13.0,724.2541458759249,221.82727312455089
P07T03,Neck,844.886,245.429,711.611,715.612,1078.01,533.392,14.0,733.0200638530727,188.58547997653088
P07T03,Other,870.444,341.39,0.0,0.0,1113.3,590.17,15.0,725.0550270843036,222.3589823747002
P07T03,Other,837.08,390.385,629.397,715.607,1076.05,621.544,14.0,735.0818893942412,189.88943213078008
P07T03,Other,805.636,413.87,578.461,715.595,0.0,0.0,16.0,725.3895832602964,222.37926489222872
P07T03,Other,774.411,472.605,543.218,690.096,0.0,0.0,16.0,736.6199199635619,190.37631991366547
P07T03,Other,774.349,498.154,0.0,0.0,0.0,0.0,18.0,726.1960884399282,223.04721396853688
P07T03,Other,854.706,504.023,650.996,670.526,0.0,0.0,16.0,734.8769764396218,189.65368086408404
P07T03,Other,927.187,507.826,721.451,678.375,0.0,0.0,16.0,727.0475292719098,223.3328238998777
P07T03,Other,993.766,525.629,807.6,715.589,0.0,0.0,16.0,735.7048940641215,190.37109072925082
P07T03,Other,1089.74,547.079,0.0,0.0,0.0,0.0,17.0,726.8876803351322,223.55601289878297
P07T03,Other,1170.11,554.989,0.0,0.0,0.0,0.0,21.0,739.1528473089979,192.22983603407874
P07T03,Other,498.123,284.566,0.0,0.0,0.0,0.0,10.0,727.8039467288024,223.73602672607458
P07T03,Other,1248.53,627.406,0.0,0.0,0.0,0.0,20.0,737.3863955930091,190.21105840992257
P07T03,Other,1248.49,605.911,0.0,0.0,0.0,0.0,22.0,727.9314183161634,223.71954766745898
P07T03,Other,1230.8,590.175,0.0,0.0,0.0,0.0,19.0,741.3448421108892,191.84221752653383
P07T03,Other,1185.8,586.316,0.0,0.0,0.0,0.0,19.0,729.167913112399,224.27178741991045
P07T03,Other,1164.16,601.981,0.0,0.0,0.0,0.0,17.0,739.6412025686881,190.77303875463534
P07T03,Other,1123.12,572.522,0.0,0.0,0.0,0.0,17.0,731.2754857341076,223.79159880122333
P07T03,Other,1076.1,541.291,0.0,0.0,0.0,0.0,17.0,740.4163468775907,190.87725879286705
P07T03,Other,157.242,22.0649,106.293,116.071,188.56,104.297,0.0,731.3350233880676,224.5977737185148
P07T03,Other,143.55,35.7909,88.6426,127.857,149.38,121.988,0.0,742.2937349106104,192.01251354131455
P07T03,Other,149.344,53.3806,84.7837,137.666,172.898,137.62,0.0,734.0589034811458,224.00809204565547
P07T03,Other,174.814,65.1619,151.329,149.363,180.713,151.371,0.0,742.8366165369457,190.31795574593244
P07T03,Other,1074.02,598.0,0.0,0.0,0.0,0.0,18.0,733.6442487794453,224.1000197698811
P07T03,Other,208.098,78.84,163.11,172.896,0.0,0.0,4.0,742.6627388354773,190.38838353284362
P07T03,Other,182.783,82.8015,149.405,170.926,190.505,165.033,5.0,735.096159006759,224.21415344015918
P07T03,Other,962.501,509.938,0.0,0.0,0.0,0.0,17.0,744.1689555064876,191.35544117870754
P07T03,Other,917.313,496.174,0.0,0.0,0.0,0.0,18.0,735.1285858329852,224.01811839069842
P07T03,Other,893.871,480.5,0.0,0.0,0.0,0.0,17.0,745.2721290287616,190.7248592978483
P07T03,Other,860.529,480.484,0.0,0.0,0.0,0.0,18.0,735.8987670958741,224.05525144000018
P07T03,Other,807.683,488.317,0.0,0.0,0.0,0.0,17.0,746.0684998031593,190.79904126600263
P07T03,Neck,772.384,433.458,0.0,0.0,0.0,0.0,17.0,737.0529677014915,224.04762831335105
P07T03,Neck,713.616,406.025,0.0,0.0,0.0,0.0,17.0,747.505476820854,190.09801948162817
P07T03,LKnee,129.84,178.794,120.039,206.214,155.264,253.186,0.0,737.5163806681705,223.9460563351071
P07T03,Neck,762.593,192.468,0.0,0.0,944.793,527.544,14.0,746.7698579478651,190.7696215634426
P07T03,Neck,741.062,210.121,0.0,0.0,880.164,558.831,14.0,737.0792284970814,223.62256532048212
P07T03,LKnee,135.757,149.418,145.46,231.681,176.847,223.823,0.0,749.263480706383,189.37918900970553
P07T03,Other,165.062,141.587,157.232,229.693,194.375,223.815,0.0,739.0592885175727,223.7299138495602
P07T03,Other,161.121,149.504,149.377,241.456,178.819,231.707,0.0,748.5650263852508,189.31827490144806
P07T03,Other,145.467,163.132,135.673,257.085,167.03,243.492,7.0,739.068296712792,223.7008941912279
P07T03,Other,141.565,174.869,123.914,270.84,167.001,263.001,0.0,747.8437485196255,188.84046680728102
P07T03,Other,139.599,186.649,125.883,276.716,163.163,268.869,0.0,738.666943910464,224.5073677571647
P07T03,LKnee,131.831,180.775,118.031,270.862,151.363,261.083,0.0,748.8042842678274,189.06312160112955
P07T03,Other,133.636,178.688,112.172,263.035,149.469,259.048,1.0,739.9404280971005,224.48008245737913
P07T03,Other,149.374,182.718,135.667,270.89,170.955,268.859,0.0,749.396657017912,191.53556765710303
P07T03,Other,388.388,208.089,372.745,290.406,413.809,288.517,3.0,738.4691368336898,223.54265159498897
P07T03,Other,384.564,196.416,360.952,276.729,390.362,274.849,0.0,750.0622701828513,189.28790227066835
P07T03,Other,71.0763,170.977,82.8074,216.002,82.7306,216.02,1.0,738.5294441084723,223.06142205804403
P07T03,Other,819.397,337.555,662.709,690.128,0.0,0.0,16.0,749.4909604734855,190.11855951251633
P07T03,Other,784.186,335.459,680.315,680.338,0.0,0.0,16.0,739.156504147427,223.18644274966303
P07T03,Other,805.776,321.874,0.0,0.0,0.0,0.0,17.0,749.4257945209084,189.68718123418046
P07T03,Other,891.896,341.389,745.036,715.589,0.0,0.0,16.0,737.3723346663782,223.65328088765742
P07T03,Other,386.503,133.704,360.985,216.046,413.828,212.129,0.0,749.883355678386,189.70175169720753
P07T03,LKnee,388.403,119.999,357.076,210.072,413.816,204.256,0.0,739.0747138228783,222.90924152310777
P07T03,LKnee,386.518,120.02,372.737,200.347,409.927,198.404,0.0,750.5292720412159,189.62147304105096
P07T03,Other,380.488,125.881,357.046,212.12,398.253,206.196,1.0,738.6523649930793,223.31576567899936
P07T03,Other,382.502,116.079,355.138,198.38,406.011,194.373,0.0,750.8498640526905,188.72524292836954
P07T03,Other,441.322,112.187,417.766,196.371,460.905,192.468,0.0,739.1056388641034,222.95774115619477
P07T03,Other,443.19,112.191,415.913,194.491,460.844,192.444,0.0,750.5995629940094,188.53587673328522
P07T03,LKnee,202.329,114.156,182.769,182.726,194.355,190.491,2.0,739.0920218898196,223.26986136536985
P07T03,LKnee,423.684,116.013,406.021,196.405,445.177,194.45,1.0,738.9621189431712,222.93415595969984
P07T03,LKnee,400.203,121.955,388.423,202.309,417.761,196.464,0.0,750.8647634533748,189.85767527577593
P07T03,LKnee,390.346,137.68,382.517,210.162,398.129,165.114,0.0,739.7312542431478,223.23648621207846
P07T03,LKnee,411.916,123.95,388.379,202.273,435.422,206.206,0.0,750.7159434744219,189.76963563607293
P07T03,LKnee,398.214,98.383,382.479,180.708,429.582,176.829,0.0,740.0843115160487,222.83667501999898
P07T03,LKnee,400.203,100.345,386.495,178.805,431.563,170.921,0.0,752.3612547763898,190.19967835728534
P07T03,LKnee,417.865,90.6594,409.976,118.045,445.174,159.161,0.0,740.8072889507285,222.77012163537987
P07T03,LKnee,439.311,82.7977,425.633,163.05,464.837,161.102,0.0,751.577570458373,189.78180392895217
P07T03,Other,458.852,25.9897,429.485,100.353,480.466,100.473,0.0,739.7577280502971,223.09603278465642
P07T03,Other,1224.96,116.057,0.0,0.0,0.0,0.0,17.0,749.7900761613845,188.08590769772314
P07T03,Other,1244.52,43.5802,0.0,0.0,0.0,0.0,22.0,740.0069849138329,222.86619184046825
P07T03,Nose,nan,nan,nan,nan,nan,nan,nan,751.4957575507669,187.48906122753286
P07T03,Nose,nan,nan,nan,nan,nan,nan,nan,740.5778760209714,223.11482804557755
P07T03,Nose,nan,nan,nan,nan,nan,nan,nan,749.5867966655162,189.65072375446198
P07T03,RKnee,0.0,0.0,0.0,0.0,0.0,0.0,14.0,740.5231761493599,223.33502272978
P07T03,RKnee,0.0,0.0,0.0,0.0,0.0,0.0,17.0,749.95723952749,189.43136692462167
P07T03,RKnee,0.0,0.0,0.0,0.0,0.0,0.0,20.0,740.7506207143053,222.23837912781815
P07T03,Nose,nan,nan,nan,nan,nan,nan,nan,750.3368497475263,188.9203893286526
P07T03,Nose,nan,nan,nan,nan,nan,nan,nan,740.8502721497069,222.5850892891635
P07T03,Nose,nan,nan,nan,nan,nan,nan,nan,749.3646631993921,189.008159158204
P07T03,Nose,nan,nan,nan,nan,nan,nan,nan,739.9932322746714,222.86250766030722
P07T03,Nose,nan,nan,nan,nan,nan,nan,nan,750.5785417539155,188.04840881044035
P07T03,Nose,nan,nan,nan,nan,nan,nan,nan,740.4973014836198,222.5282431816
P07T03,Nose,nan,nan,nan,nan,nan,nan,nan,750.1797008584326,188.49768844053764
P07T03,Other,nan,nan,nan,nan,nan,nan,nan,739.3291562834179,221.51945450467645
P07T03,Other,nan,nan,nan,nan,nan,nan,nan,749.9620825794611,187.3189675651977
P07T03,Other,nan,nan,nan,nan,nan,nan,nan,740.687889268062,222.99047529812248
P07T03,Other,nan,nan,nan,nan,nan,nan,nan,749.6897033396614,187.89528930123768
P07T03,Other,nan,nan,nan,nan,nan,nan,nan,740.0389907144069,222.97786061483382
P07T03,Other,nan,nan,nan,nan,nan,nan,nan,749.6149203980772,187.89037467317058
P07T03,Other,0.0,0.0,0.0,0.0,713.684,619.608,22.0,741.0690634137062,222.19042944268372
P07T03,Other,nan,nan,nan,nan,nan,nan,nan,750.4248072367097,186.93610139206893
P07T03,Other,0.0,0.0,0.0,0.0,690.137,590.174,22.0,740.2196731050885,222.88037431747884
P07T03,Other,nan,nan,nan,nan,nan,nan,nan,749.1540328861958,186.5727254084677
P07T03,Other,nan,nan,nan,nan,nan,nan,nan,739.9718753267932,223.04929511496968
P07T03,Other,nan,nan,nan,nan,nan,nan,nan,748.9152749390373,186.459856762222
P07T03,Other,0.0,0.0,0.0,0.0,668.551,586.232,22.0,740.1282875916514,222.98579935530952
P07T03,Other,0.0,0.0,0.0,0.0,0.0,0.0,21.0,748.8189954573874,186.8690466760706
P07T03,Nose,0.0,0.0,0.0,0.0,0.0,0.0,22.0,739.94793512455,223.28958474451332
P07T03,Neck,1207.33,335.516,0.0,0.0,0.0,0.0,18.0,750.5314060150906,187.7155291159219
P07T03,Nose,1181.88,337.417,0.0,0.0,0.0,0.0,18.0,739.4395272261754,222.85389148156418
P07T03,Nose,1134.88,323.815,0.0,0.0,0.0,0.0,18.0,747.930685809431,187.2994142558864
P07T03,Nose,1072.2,308.083,0.0,0.0,0.0,0.0,17.0,739.8127547489671,222.58046955274827
P07T03,Nose,1029.04,300.214,541.19,652.906,0.0,0.0,15.0,748.8540236805622,188.0329784848612
P07T03,Nose,1011.38,315.919,0.0,0.0,0.0,0.0,17.0,735.5849152892155,226.29580017624463
P07T03,Neck,1009.37,337.451,0.0,0.0,0.0,0.0,16.0,742.67920071638,194.81401156735933
P07T03,Neck,1009.38,366.87,0.0,0.0,0.0,0.0,16.0,725.3013309700556,246.14806432960003
P07T03,Neck,1007.5,370.791,0.0,0.0,0.0,0.0,16.0,734.2743034928042,217.9128663488275
P07T03,LElbow,494.227,51.3938,476.466,94.5458,496.183,100.443,6.0,724.5686037102762,270.2877713524875
P07T03,LElbow,507.893,55.4706,492.178,108.24,515.719,114.052,6.0,730.359112976139,238.98326366996625
P07T03,LKnee,509.91,55.2638,494.214,102.444,496.189,102.364,9.0,725.2628475886053,247.98453012166934
P07T03,LKnee,511.86,47.5435,494.289,100.376,509.82,104.347,5.0,729.5659182629868,279.0551812879081
P07T03,LKnee,519.685,41.7288,498.099,100.303,509.887,102.32,9.0,724.8064906002862,247.1203194924243
P07T03,LKnee,519.662,41.6795,496.18,100.305,509.931,102.363,7.0,731.774939377798,273.8336835197199
P07T03,LKnee,517.703,39.6317,500.097,90.5998,507.864,92.6093,7.0,728.5492809011519,244.077213048986
P07T03,LKnee,525.592,27.9592,507.837,82.8082,523.647,84.8233,5.0,730.8643013575182,270.22053014791464
P07T03,Other,541.234,24.0358,527.537,71.1323,527.553,71.0007,11.0,728.4498507217337,245.93769127568314
P07T03,LElbow,603.912,5.33944,599.954,57.3017,599.994,55.2722,10.0,728.3475927252897,271.422445879221
P07T03,Other,646.939,5.35054,633.344,41.7109,645.028,43.5846,10.0,728.9839753510946,245.09871342878967
P07T03,Other,1144.6,308.139,0.0,0.0,0.0,0.0,16.0,727.108912833444,271.98791906803774
P07T03,Other,1152.48,306.128,0.0,0.0,0.0,0.0,16.0,727.8434911134436,245.98478786244252
P07T03,Other,1197.43,331.604,0.0,0.0,0.0,0.0,19.0,727.5671397549124,272.78880798345745
P07T03,Other,1215.25,349.223,0.0,0.0,0.0,0.0,20.0,727.0990084185426,247.3389466011723
P07T03,Other,827.278,5.37721,827.263,35.7961,840.966,37.7102,8.0,726.6431140508668,272.33713251030383
P07T03,Other,0.0,0.0,0.0,0.0,0.0,0.0,17.0,726.8384788586561,245.46506252594176
P07T03,Other,0.0,0.0,0.0,0.0,0.0,0.0,12.0,726.1371134524247,273.2624868592876
P07T03,Other,0.0,0.0,0.0,0.0,0.0,0.0,12.0,727.0088572381114,247.447520864922
P07T03,Other,0.0,0.0,0.0,0.0,0.0,0.0,12.0,725.6879027361298,271.7890061450617
P07T03,Other,0.0,0.0,0.0,0.0,0.0,0.0,12.0,727.3097678887987,247.7155326787173
P07T03,Other,0.0,0.0,0.0,0.0,0.0,0.0,17.0,724.8890012821512,272.125193846005
P07T03,Other,0.0,0.0,0.0,0.0,0.0,0.0,17.0,727.6930262113765,246.74225046640592
P07T03,Other,0.0,0.0,0.0,0.0,0.0,0.0,17.0,725.4604173466337,272.37255283448906
P07T03,Other,0.0,0.0,0.0,0.0,0.0,0.0,12.0,727.8765247121621,246.58208658991302
P07T03,Other,0.0,0.0,0.0,0.0,0.0,0.0,17.0,725.440424802284,272.7207824657834
