P07T08,Other,635.256,257.093,455.002,460.961,825.282,458.897,8.0,728.2254503555318,282.2013735479736
P07T08,Other,635.191,257.186,456.992,462.878,831.177,431.593,8.0,565.0686901875113,231.8419899094965
P07T08,Other,635.177,259.097,456.962,466.748,758.672,496.139,8.0,727.992140534447,282.83543752524037
P07T08,Other,635.187,259.193,453.034,474.587,774.35,490.251,8.0,564.8932015915808,231.14735648476042
P07T08,LElbow,633.373,261.138,449.174,476.534,789.983,494.219,8.0,727.1456656945456,282.01002850049593
P07T08,LElbow,633.334,266.906,447.244,478.509,748.892,378.586,8.0,565.3258507641776,230.69465521180567
P07T08,Other,633.345,270.802,447.221,484.377,729.398,349.212,8.0,726.5700077385341,281.74809360150095
P07T08,Other,633.319,272.732,449.126,490.305,719.527,335.496,8.0,563.4711120647851,230.55127192388915
P07T08,Other,633.37,272.833,447.236,494.13,713.562,333.511,8.0,726.7143687766898,282.1985938929073
P07T08,Other,635.176,272.875,449.141,496.146,713.562,337.469,8.0,563.5271960056529,230.2139650712996
P07T08,Other,633.354,272.861,447.192,505.94,709.666,333.544,8.0,726.9175465375457,281.1057906431473
P07T08,Other,633.265,272.806,449.151,505.907,717.553,337.457,8.0,726.6943345451066,280.94291635513633
P07T08,Other,633.289,272.724,453.092,498.154,731.239,353.178,8.0,562.4006519467721,229.6078081386319
P07T08,Other,631.297,270.792,451.077,503.99,727.411,353.19,8.0,726.1417776011128,281.47772743182526
P07T08,Other,631.277,268.93,453.088,505.877,729.228,351.109,8.0,562.6559660732203,229.832171807873
P07T08,Other,629.38,268.889,455.014,507.867,721.467,341.365,8.0,726.4925824973463,280.4706487963324
P07T08,Other,629.391,268.876,456.986,507.871,725.383,347.228,8.0,561.9641050946769,229.37061885754827
P07T08,Other,631.269,264.977,460.807,507.855,719.509,337.469,8.0,724.9026382170703,280.728989256334
P07T08,Other,631.29,262.993,460.851,507.866,729.282,349.203,8.0,726.784287710351,280.66728760238294
P07T08,Other,697.881,282.6,556.831,498.122,852.758,458.933,8.0,561.3078007369331,229.7571145858042
P07T08,Other,695.992,286.478,588.196,492.216,746.957,496.156,8.0,726.4894530551605,279.6591417849124
P07T08,Other,694.031,286.555,570.658,496.2,0.0,0.0,9.0,561.0440521835526,230.08384149157803
P07T08,Other,692.024,288.462,570.582,496.158,760.72,474.538,8.0,726.5884493835638,280.62357745283055
P07T08,Other,686.232,288.499,639.182,460.877,695.962,468.73,8.0,560.0480863285941,229.92872826061452
P07T08,Other,682.235,288.465,656.793,445.231,697.909,474.529,8.0,721.8934626199781,282.923073294946
P07T08,Other,680.25,288.523,643.089,460.801,698.047,476.564,8.0,557.047811512227,231.72644458428348
P07T08,Other,674.459,288.519,646.975,460.908,703.854,486.337,8.0,713.4553555877071,292.43138791208474
P07T08,Other,666.599,288.528,627.424,474.647,705.781,494.259,8.0,542.5651766459546,245.22149532033677
P07T08,Other,664.588,288.504,609.792,492.183,729.283,503.961,8.0,699.7557053058929,311.05521047437645
P07T08,Other,660.673,288.463,572.588,511.807,727.353,523.568,8.0,534.5010579589281,259.1093468887626
P07T08,Other,652.884,288.481,568.587,513.832,743.038,527.551,8.0,699.8075369048734,311.2322838796967
P07T08,Other,648.966,288.452,556.842,541.245,752.785,552.991,8.0,534.6993644440873,267.15037466497256
P07T08,LKnee,645.074,288.448,539.223,556.874,758.584,568.605,8.0,699.3757141718181,307.4305282410815
P07T08,LKnee,639.187,288.447,521.659,570.565,760.702,558.882,8.0,539.8822033928457,266.6304953100551
P07T08,LKnee,635.293,288.549,507.86,572.622,772.323,562.782,8.0,697.1365479029525,307.1789556122561
P07T08,LKnee,635.177,290.417,496.169,572.562,772.408,556.884,8.0,539.2590763404384,263.7904002949286
P07T08,Other,633.386,290.549,492.255,562.789,774.288,543.197,8.0,697.1876957277041,306.9497150491307
P07T08,Other,635.26,298.248,488.353,552.923,776.389,533.361,8.0,536.0887303161327,263.72529108191765
P07T08,LKnee,637.283,302.151,490.308,539.207,778.285,535.33,8.0,696.2721465938844,307.2507900888323
P07T08,Other,643.122,304.163,492.222,525.625,788.102,533.403,8.0,535.223087219026,264.0902026841119
P07T08,Other,648.945,306.064,494.197,523.547,788.055,539.195,8.0,696.239728821174,306.90941911949733
P07T08,Other,652.896,306.06,498.091,515.761,792.064,539.315,8.0,534.7651820013702,264.96526323771417
P07T08,Other,662.648,306.069,507.918,519.677,797.904,543.234,8.0,695.7884886062632,307.28840299696526
P07T08,Other,666.523,306.072,513.823,527.546,805.686,550.995,8.0,534.1363812278786,264.4593359684207
P07T08,Other,670.5,306.087,525.487,531.408,807.722,552.974,8.0,695.5451583828677,307.57754087353095
P07T08,LKnee,678.289,306.057,535.302,537.276,815.533,556.825,8.0,533.9303240474327,264.6172955214538
P07T08,LKnee,680.374,302.207,552.932,547.093,821.394,572.545,8.0,695.0378380402641,307.3173340854049
P07T08,Other,682.33,292.471,566.688,552.935,823.313,572.518,8.0,533.8261620793412,264.9252663161337
P07T08,LKnee,682.327,290.383,572.672,556.971,821.279,554.893,8.0,694.9034014066518,306.28384687213264
P07T08,LKnee,680.271,288.429,574.589,549.034,807.635,537.254,8.0,533.8330574231535,265.0642489302049
P07T08,Other,672.507,286.487,574.54,547.088,795.911,531.394,8.0,694.5980729194341,306.38648634574594
P07T08,Other,664.728,286.513,566.724,543.213,778.292,537.243,8.0,533.0351830895606,266.1407009452759
P07T08,Other,656.814,288.384,554.854,543.153,762.571,541.247,8.0,694.4041032291309,306.62751970551506
P07T08,LKnee,650.998,288.476,543.141,541.266,758.675,554.904,8.0,533.1175379265501,266.0012429559577
P07T08,Other,649.0,288.508,539.274,554.895,752.834,556.912,8.0,694.4942840925655,306.5596991813406
P07T08,Other,647.035,288.542,533.368,556.854,746.967,562.771,8.0,533.2091256706553,265.9860235875603
P07T08,Other,643.122,288.542,525.486,554.848,746.979,570.551,8.0,694.0014117549889,305.66570125389467
P07T08,LKnee,637.282,288.466,521.585,552.971,748.934,570.542,8.0,532.9292856240859,266.3769001149169
P07T08,Other,635.247,288.452,511.861,541.264,750.856,566.654,8.0,693.4149981066555,305.3902789760463
P07T08,LKnee,633.345,288.414,509.883,541.249,754.773,556.885,8.0,532.7992503642872,265.9948656325046
P07T08,Other,633.236,288.456,507.979,537.303,756.759,554.912,8.0,694.2513629127826,305.8957881135162
P07T08,Other,631.304,288.464,507.84,533.356,760.724,541.186,8.0,533.3774275473254,266.392250384456
P07T08,Other,627.442,288.429,505.955,535.369,760.684,550.985,8.0,694.1168882055956,305.6235635169561
P07T08,Other,627.435,286.531,507.972,539.249,758.744,552.948,8.0,532.4508171532118,266.47776416160775
P07T08,Other,627.433,286.526,509.88,537.332,758.608,556.915,8.0,692.9387533173843,304.66038112212954
P07T08,LKnee,627.442,284.556,515.744,543.161,754.729,556.929,8.0,532.5518539989915,266.411920924518
P07T08,Other,629.336,284.546,525.462,545.109,748.914,549.075,8.0,692.6046483182481,305.1548811788313
P07T08,Other,631.291,282.571,529.505,541.205,746.895,547.082,8.0,531.7468082708646,266.07679295941585
P07T08,LKnee,631.318,280.629,535.324,541.268,744.962,552.959,8.0,692.3065916850519,304.5922941486437
P07T08,LKnee,631.318,278.742,537.269,541.171,745.01,554.945,8.0,531.916646957865,266.54098251672633
P07T08,Other,631.327,278.713,537.32,541.204,744.995,556.824,8.0,736.0387090246492,255.02343326231934
P07T08,Other,631.359,278.709,539.149,543.202,746.961,554.95,8.0,530.7890194401149,266.4726662365845
P07T08,Other,633.193,280.637,539.15,541.283,752.826,552.917,8.0,736.204067860669,255.43401897982366
P07T08,Other,633.196,278.713,533.376,547.121,758.676,549.041,8.0,530.9701081447757,267.08702693779526
P07T08,LKnee,633.203,276.808,529.461,547.09,758.701,552.935,8.0,734.470219434256,255.07131047295402
P07T08,Other,633.197,276.794,525.545,545.144,760.72,545.142,8.0,530.937941181146,266.1224333760443
P07T08,Other,633.206,276.802,523.647,543.18,762.635,547.089,8.0,734.2380644440541,255.20002927920498
P07T08,Other,633.26,276.801,523.664,543.231,766.495,541.207,8.0,530.1936714256028,267.5261935246934
P07T08,LKnee,633.288,278.667,523.651,543.236,764.567,541.243,8.0,734.4096131145684,255.38862986327666
P07T08,LKnee,633.303,278.689,523.615,543.185,764.599,541.254,8.0,529.3285186965761,267.17558412778624
P07T08,LKnee,633.308,278.708,523.594,541.264,766.534,539.281,8.0,733.6739043204861,254.98521183428272
P07T08,Other,633.327,278.743,523.641,541.278,762.615,543.194,8.0,529.0990560177025,267.9914705815811
P07T08,Other,633.34,278.733,525.503,543.236,762.646,543.185,8.0,732.838137863363,255.6992188585775
P07T08,LKnee,633.375,278.687,525.57,543.211,760.742,543.179,8.0,528.540343658113,268.2479503105322
P07T08,LKnee,633.365,278.692,527.483,545.169,760.742,547.115,8.0,733.4983197826551,255.32142465287308
P07T08,Other,633.351,278.68,527.556,547.108,760.588,547.113,8.0,527.935906322438,267.3470126112577
P07T08,LKnee,633.353,276.79,529.464,545.132,758.759,541.262,8.0,732.6614866949006,256.9443959173547
P07T08,LKnee,633.354,276.727,531.425,545.121,758.644,541.282,8.0,526.8395558170811,267.38216497893404
P07T08,Other,633.363,276.704,533.368,549.02,758.603,543.225,8.0,732.1665323677798,257.05693875233146
P07T08,Other,633.361,274.862,535.341,541.291,758.58,541.156,8.0,527.2100116102243,268.493233244076
P07T08,Other,633.369,274.832,535.299,539.269,756.729,541.301,8.0,731.4902507567849,257.386377615057
P07T08,LKnee,635.179,274.835,537.271,539.184,756.702,541.295,8.0,526.5686693711536,268.76228577003906
P07T08,LKnee,635.197,274.828,537.335,535.331,756.738,541.206,8.0,526.7156698976817,269.9150928960883
P07T08,Other,635.167,274.776,535.326,539.232,756.729,541.214,8.0,731.8307636509137,257.037832885177
P07T08,RKnee,635.187,274.727,531.422,537.278,756.734,543.159,8.0,525.568847696471,269.71169303462716
P07T08,RKnee,635.218,274.723,529.482,539.289,758.621,543.146,8.0,732.1097034054287,258.01479352362696
P07T08,RKnee,635.247,274.755,527.556,541.179,758.658,543.224,8.0,525.7832888895784,270.1383745487177
P07T08,RKnee,635.283,274.761,529.444,541.223,758.67,543.207,8.0,731.7434144060933,257.564420676997
P07T08,Other,637.19,274.801,527.487,541.173,760.715,543.155,8.0,525.1505645992122,270.3451547265584
P07T08,Other,637.242,274.79,527.494,541.237,762.575,541.286,8.0,732.0681969283589,258.4112291331764
P07T08,Other,639.231,274.815,527.567,541.298,760.733,541.285,8.0,525.3231072455536,270.85568005066693
P07T08,Other,641.133,274.777,529.487,541.196,760.716,541.254,8.0,731.0905363748636,258.51884228842584
P07T08,Other,641.14,272.898,529.505,537.314,760.689,543.159,8.0,525.1942481247709,271.7927792595851
P07T08,Other,641.151,272.8,527.585,533.377,760.623,543.152,8.0,730.4698100881207,257.42469931595315
P07T08,Other,641.094,272.783,527.52,537.27,758.762,541.223,8.0,524.5216064393685,272.20642325658986
P07T08,Other,637.286,272.73,529.443,539.174,758.745,537.288,8.0,731.4675242434522,259.01264634919426
P07T08,Other,635.341,270.806,527.469,529.493,758.638,537.289,8.0,525.2050566876111,271.7351792189089
P07T08,Other,635.234,268.887,525.52,535.333,758.587,533.39,8.0,731.57399708291,258.6681944122259
P07T08,Other,635.207,270.815,525.536,539.206,756.758,537.321,8.0,524.841414790734,272.2944489461134
P07T08,Other,635.192,270.827,525.492,537.235,756.737,539.19,8.0,731.8836248877037,259.4357813564932
P07T08,Other,635.172,270.846,523.595,535.371,756.717,537.294,8.0,525.1588209509132,272.17405521772423
P07T08,Other,633.34,270.864,523.639,535.319,756.706,539.182,8.0,732.2082613171311,259.33795331360136
P07T08,Other,633.3,270.898,523.564,535.331,756.74,539.238,8.0,525.4472188635594,272.20608793508757
P07T08,Other,633.253,270.881,523.557,537.331,758.57,539.194,8.0,731.8342922308244,259.278461046648
P07T08,Other,633.221,270.888,523.547,537.288,758.585,537.284,8.0,525.9602382250707,272.3993755677453
P07T08,RKnee,633.211,272.713,523.537,535.355,756.714,539.222,8.0,732.415286617427,259.69460898208797
P07T08,LKnee,633.218,272.712,523.515,537.258,756.746,539.308,8.0,526.0206330833093,272.78866550215565
P07T08,LKnee,633.242,272.733,523.561,533.406,758.584,541.16,8.0,731.8961511557085,259.3908196216215
P07T08,LKnee,633.262,272.772,523.592,535.312,758.59,541.256,8.0,526.717243059702,273.32984559180403
P07T08,RKnee,633.258,272.727,523.612,533.358,758.634,539.266,8.0,732.1273724880198,259.6573500340368
P07T08,RKnee,633.281,272.722,523.665,535.352,758.609,541.166,8.0,526.7436876041744,272.5416495518324
P07T08,Other,633.292,272.75,525.52,533.417,758.597,541.268,8.0,732.4534413858944,259.8360551149124
P07T08,Other,633.313,272.756,525.557,537.275,758.571,539.282,8.0,527.0636860229799,273.9371205543314
P07T08,RKnee,633.352,272.735,525.621,537.28,758.582,539.306,8.0,733.0040926977322,259.59672887160605
P07T08,LKnee,633.364,272.762,525.659,537.276,758.576,541.233,8.0,527.9145693101477,273.84120736060737
P07T08,Other,633.367,272.781,525.611,535.314,758.575,541.242,8.0,734.0482819596946,260.31160824491417
P07T08,Other,633.375,272.775,525.638,537.266,758.608,541.254,8.0,528.5025401234772,273.6453818929813
P07T08,Other,635.186,272.809,527.501,537.303,758.651,539.27,8.0,734.0313347487358,260.33433108286346
P07T08,MidHip,635.266,272.801,527.567,539.184,758.662,541.246,8.0,528.9189280226095,274.09214913776236
P07T08,MidHip,637.188,272.776,527.575,539.179,758.712,541.174,8.0,734.2790323802249,260.26817364595615
P07T08,MidHip,637.283,272.737,527.58,535.313,758.703,541.215,8.0,529.1687432253316,274.83139978284527
P07T08,MidHip,637.199,270.822,527.518,537.255,758.695,541.186,8.0,734.6673510004085,260.72111011308664
P07T08,MidHip,635.353,263.066,525.657,535.343,758.704,535.339,8.0,529.3934219422935,275.4829467938906
P07T08,Other,635.34,261.062,527.484,529.49,758.666,531.393,8.0,735.6598103799772,260.40858361148275
P07T08,Other,635.284,259.09,525.596,525.589,758.691,525.602,7.0,529.4556950723518,275.48813512779356
P07T08,Other,635.271,257.155,525.546,523.651,758.691,525.629,6.0,736.3365075712353,262.04695399053975
P07T08,Other,635.236,257.072,525.564,523.539,758.716,525.499,7.0,735.597179905363,262.27996101523615
P07T08,MidHip,635.208,257.107,525.562,523.502,758.709,523.543,8.0,530.4787444663825,275.08358279247733
P07T08,MidHip,633.369,259.063,525.624,515.767,758.643,523.646,7.0,737.0566667532466,261.54048763365944
P07T08,Other,633.245,262.998,525.505,515.722,758.613,517.709,4.0,530.5260483164134,275.0032582847495
P07T08,Other,629.385,270.78,523.556,515.759,756.735,515.776,6.0,742.0422202346217,253.19715711206175
P07T08,MidHip,623.506,274.768,513.765,509.863,750.826,509.871,5.0,534.9983077141533,266.4324995107986
P07T08,MidHip,617.684,280.625,507.963,513.811,748.87,507.96,4.0,748.9527949873814,233.08870136233645
P07T08,MidHip,615.583,284.584,498.148,521.587,746.913,507.848,5.0,544.9482953679113,242.70255105385536
P07T08,Other,607.88,282.639,492.283,513.762,746.967,496.192,4.0,743.3691375243784,222.81638955031386
P07T08,Other,609.778,278.703,492.303,505.933,748.883,496.135,4.0,544.0663624882036,227.0237509673496
P07T08,MidHip,609.828,274.794,494.238,492.168,754.793,494.235,4.0,740.5949984762162,223.51245521036628
P07T08,Other,613.737,272.908,500.096,474.617,760.64,494.293,4.0,536.910163937785,226.47082468523016
P07T08,Other,617.656,274.802,505.993,458.9,774.239,500.1,3.0,744.5349283147897,227.40545166638617
P07T08,MidHip,621.62,276.793,513.833,455.007,780.21,515.719,3.0,535.9943906707474,232.1660709526266
P07T08,MidHip,631.267,284.53,523.506,449.136,792.071,535.358,3.0,745.5624212150585,224.90041892403008
P07T08,MidHip,637.221,276.799,525.584,445.256,805.744,537.287,4.0,536.148869270566,231.10750757978343
P07T08,Other,641.159,270.846,523.627,433.453,809.665,533.385,4.0,745.0445955759819,224.03924384623284
P07T08,Other,639.22,257.19,515.726,425.596,813.57,523.54,4.0,538.6833909309141,229.57803765768801
P07T08,LElbow,637.24,243.445,507.975,417.804,821.361,492.225,5.0,746.0911604710997,224.47070340515086
P07T08,MidHip,637.18,227.821,502.019,406.068,823.404,462.815,7.0,538.8536002296975,228.6494135164556
P07T08,MidHip,641.115,212.062,498.131,409.945,821.383,429.521,8.0,747.4902659786605,224.55846444732052
P07T08,LElbow,641.153,188.552,505.936,372.715,817.443,388.388,8.0,539.9248670820272,229.1471749817322
P07T08,LElbow,647.022,161.14,552.973,298.313,0.0,0.0,9.0,748.0569300736511,223.97306286380262
P07T08,MidHip,646.966,133.688,549.053,268.9,831.145,306.125,8.0,540.3021659411856,228.9204991261856
P07T08,Other,645.027,112.172,490.288,313.978,850.767,306.109,4.0,748.4388859861928,223.77527325184678
P07T08,Other,645.074,96.5089,486.377,298.283,0.0,0.0,5.0,540.7321611476534,229.53342603406472
P07T08,Other,646.982,82.8078,480.532,300.251,0.0,0.0,5.0,749.3708443675473,223.9187952710548
P07T08,LElbow,650.875,71.0486,492.215,280.673,868.414,294.357,4.0,541.305587619805,229.4671449011028
P07T08,MidHip,662.65,69.1547,554.914,231.698,0.0,0.0,8.0,750.1737611171155,223.39921367382127
P07T08,LElbow,670.545,69.1086,568.62,237.575,934.977,382.494,8.0,541.6774781249155,229.4169439433974
P07T08,MidHip,696.001,61.2385,494.17,339.443,974.173,409.941,8.0,751.6114690726972,224.36914736691597
P07T08,MidHip,721.44,57.3016,592.168,227.718,974.2,288.498,8.0,541.9393244490632,229.55155552390545
P07T08,MidHip,733.248,55.4122,0.0,0.0,1015.33,357.049,9.0,752.420858937903,224.52616782358467
P07T08,MidHip,741.059,45.5842,594.126,212.125,987.898,453.053,8.0,542.3697981495299,229.6418287847494
P07T08,MidHip,742.937,31.851,464.854,339.452,0.0,0.0,9.0,752.4869042651023,224.38466243049433
P07T08,LElbow,745.0,20.0883,0.0,0.0,0.0,0.0,14.0,543.1610416528814,228.46430879408047
P07T08,MidHip,762.67,4.38865,588.243,210.166,0.0,0.0,12.0,752.6472496022619,224.43258443041665
P07T08,MidHip,786.066,5.34534,627.394,180.746,935.019,268.902,10.0,543.8129355275174,228.44306189932507
P07T08,MidHip,801.779,5.34559,656.809,186.606,1060.42,415.867,12.0,754.1846666838271,224.94489948005386
P07T08,MidHip,811.57,5.34064,0.0,0.0,1058.45,398.164,12.0,544.4245926518462,228.60024382661172
P07T08,MidHip,0.0,0.0,621.557,259.143,1070.19,294.381,12.0,754.731834580038,225.3289454632444
P07T08,MidHip,825.285,16.1529,0.0,0.0,0.0,0.0,14.0,545.4409205743572,228.2430043289921
P07T08,MidHip,839.068,23.9379,658.765,272.781,1117.19,302.24,8.0,756.1842763423804,225.42264295957466
P07T08,MidHip,854.703,33.8215,805.709,288.54,1121.1,261.079,6.0,546.8919478524934,229.28886040826356
P07T08,MidHip,868.39,45.5295,652.893,319.901,1150.46,290.46,5.0,757.7201741038525,224.336403696903
P07T08,MidHip,882.034,67.1368,0.0,0.0,1123.13,372.727,5.0,548.2590993035958,228.70909308805878
P07T08,MidHip,884.132,90.6093,584.32,404.068,0.0,0.0,6.0,758.1555066717904,223.78754258100722
P07T08,MidHip,893.865,137.643,0.0,0.0,0.0,0.0,13.0,549.6989686947098,228.57030909012866
P07T08,MidHip,872.336,182.762,646.999,474.616,1111.34,480.496,11.0,759.5746958152625,224.11201250170376
P07T08,MidHip,866.368,216.046,656.804,470.684,0.0,0.0,12.0,550.3097744078403,228.52679604670283
P07T08,MidHip,870.363,235.615,652.886,464.861,1074.1,460.861,10.0,761.2660801696561,225.44395745201993
P07T08,LElbow,868.331,241.488,650.891,451.12,1005.53,545.136,10.0,551.5693945368771,228.36994077965844
P07T08,LElbow,858.609,227.748,647.004,437.356,0.0,0.0,10.0,761.4394919298227,225.22446669384928
P07T08,MidHip,844.908,210.171,633.321,423.664,962.438,482.466,6.0,552.6924874462969,227.46946849294224
P07T08,MidHip,831.158,227.812,625.469,462.914,980.059,558.854,9.0,763.239827686924,225.54429347057092
P07T08,LElbow,786.129,225.749,619.589,468.71,933.068,552.954,9.0,554.1086668220565,227.81813162790672
P07T08,LElbow,772.35,184.704,617.595,447.167,1021.23,458.888,4.0,763.387431756709,225.4027158080353
P07T08,MidHip,756.672,161.094,605.869,431.425,1023.13,417.82,5.0,555.3899735391826,227.703861384581
P07T08,MidHip,729.301,147.331,601.937,413.824,968.308,409.96,5.0,764.3930004726938,225.0495824850478
P07T08,LElbow,650.931,125.864,556.876,392.344,0.0,0.0,10.0,556.491628775216,228.09967246637922
P07T08,MidHip,639.198,122.001,558.835,392.311,917.413,378.605,4.0,765.0898682127117,224.55971056929994
P07T08,LElbow,641.149,116.117,539.235,392.356,913.431,362.942,9.0,557.1764176239635,228.0776239068293
P07T08,MidHip,639.157,116.12,551.017,400.141,929.1,368.828,8.0,768.035351225491,225.30593853512985
P07T08,LElbow,645.072,129.816,0.0,0.0,966.342,509.885,11.0,558.4034112307361,227.35134716849336
P07T08,MidHip,635.311,161.145,533.386,464.849,954.577,292.467,10.0,767.7327067193947,224.72730493429555
P07T08,LElbow,648.986,194.433,523.574,525.627,868.42,398.243,10.0,559.4182399063072,227.31661213538644
P07T08,MidHip,666.628,241.448,492.216,570.635,862.516,476.538,10.0,769.1186480567737,224.56577539688737
P07T08,LElbow,684.225,268.869,537.31,584.316,0.0,0.0,11.0,560.2601304211605,227.13627414747145
P07T08,LElbow,711.592,282.625,517.693,570.58,899.775,682.294,13.0,769.8270149098087,224.98829948881865
P07T08,Neck,788.031,319.833,635.222,637.205,962.413,695.961,13.0,561.676540203625,226.8887034469362
P07T08,Neck,823.378,302.224,590.237,578.451,1050.58,637.238,13.0,771.0359288417867,224.63202626356875
P07T08,LElbow,844.909,276.747,586.233,582.345,1166.12,617.643,13.0,562.041541450135,226.76139441065544
P07T08,MidHip,866.462,261.085,717.52,578.437,1203.43,519.67,10.0,772.1919594910281,224.7825756677786
P07T08,Other,911.493,274.71,713.598,684.241,0.0,0.0,14.0,562.1218436218975,226.18119238675132
P07T08,Neck,948.8,257.166,697.957,684.212,0.0,0.0,14.0,772.9166339485964,224.91522038659042
P07T08,Neck,980.16,225.806,664.599,686.171,1046.7,598.01,13.0,562.6947516564908,226.28338893826856
P07T08,Neck,1009.38,186.641,680.298,684.255,1011.39,564.749,13.0,773.691315941964,224.40519095684712
P07T08,RElbow,1027.08,151.348,0.0,0.0,1111.32,699.94,14.0,562.8295712935064,226.59055181342242
P07T08,RElbow,1029.11,163.091,0.0,0.0,0.0,0.0,16.0,565.1104320214862,225.71728546226365
P07T08,LElbow,1019.26,180.788,0.0,0.0,0.0,0.0,17.0,775.2547023072382,225.1571977944764
P07T08,MidHip,995.749,172.901,0.0,0.0,1103.48,697.924,12.0,565.9158352347058,225.79711538765306
P07T08,MidHip,999.647,206.175,0.0,0.0,1197.56,409.979,12.0,776.4484667378036,224.5999241869056
P07T08,RElbow,1007.47,227.801,0.0,0.0,1168.11,380.55,15.0,567.029847708684,224.67657972590297
P07T08,Neck,985.971,210.081,0.0,0.0,1087.79,337.441,12.0,777.403708462622,223.8483810320418
P07T08,RElbow,944.758,196.35,711.65,666.58,0.0,0.0,16.0,568.2871708717291,224.24643691746084
P07T08,RElbow,907.543,214.089,0.0,0.0,1015.32,357.079,7.0,778.2994550957474,223.67778720528074
P07T08,MidHip,872.334,196.48,646.987,660.725,1025.09,402.141,11.0,569.7923702181398,223.88453453871676
P07T08,Other,842.949,212.064,619.627,633.349,1005.51,496.179,6.0,779.3174008220542,223.822804208541
P07T08,Other,827.305,243.538,625.442,648.957,983.971,570.623,10.0,570.4775650525532,223.14153496257933
P07T08,Other,837.087,304.196,617.627,666.578,946.78,600.016,10.0,780.8856125275291,223.07956715449274
P07T08,Other,837.004,329.63,599.977,645.028,917.43,613.702,11.0,571.6692946974088,222.01854842722017
P07T08,LElbow,831.2,308.074,574.538,590.176,915.418,601.884,9.0,792.0003083170743,224.10076175164122
P07T08,Other,825.3,261.067,572.512,572.601,936.986,578.443,9.0,572.7830715794615,221.94022885678686
P07T08,Other,821.438,247.351,574.499,545.154,962.4,568.604,9.0,793.6965399102291,223.76697063344744
P07T08,LElbow,823.254,233.604,588.247,527.566,0.0,0.0,10.0,574.3181770317241,221.4885158855761
P07T08,LElbow,823.341,219.884,580.415,511.832,0.0,0.0,10.0,795.7741093664993,222.06526166965295
P07T08,Other,823.444,202.313,601.976,502.007,1023.17,507.931,9.0,574.5301647917196,221.72108196230775
P07T08,Other,831.15,194.501,601.951,498.118,1038.85,511.836,9.0,797.0488616166019,220.73115046640103
P07T08,Other,827.298,196.394,603.882,519.684,1056.41,494.193,10.0,798.8327377566213,220.5701537986118
P07T08,MidHip,844.858,210.16,601.958,547.116,0.0,0.0,11.0,582.9413886881572,221.9365874588945
P07T08,Neck,854.693,231.705,578.445,562.783,1089.79,494.161,10.0,800.4366360738925,220.4776089222852
P07T08,Other,852.638,241.554,543.188,578.435,1072.1,525.571,13.0,582.7640695730576,222.11223991536463
P07T08,Neck,850.716,243.415,519.654,570.546,1107.42,435.417,11.0,800.7319005249744,219.6222061665158
P07T08,Neck,858.644,241.447,547.111,584.308,0.0,0.0,12.0,583.2337752622602,222.282853918387
P07T08,MidHip,888.043,227.776,586.282,586.238,0.0,0.0,12.0,802.8668572519903,216.612519772499
P07T08,MidHip,905.663,225.761,641.135,605.915,0.0,0.0,11.0,579.1777870111702,217.27789524674313
P07T08,Other,917.441,241.542,684.264,633.237,0.0,0.0,14.0,805.9585710096298,217.20532919099128
P07T08,Other,919.337,288.519,694.037,621.543,1058.43,694.026,11.0,580.4401095667522,216.27722489007232
P07T08,Other,946.679,319.825,762.616,629.404,1097.63,715.596,11.0,588.4694788590419,224.36314342754108
P07T08,Other,964.31,319.744,815.475,570.548,1117.16,715.594,10.0,806.3493803338959,217.36633997208338
P07T08,Other,977.999,306.11,760.642,509.855,1011.37,525.592,11.0,584.0858196649687,218.10488913837423
P07T08,LElbow,980.049,294.364,744.981,478.568,1052.57,715.615,10.0,807.3205808567538,216.0619193757831
P07T08,LElbow,956.528,270.852,774.353,466.765,0.0,0.0,11.0,585.1338725533426,217.1253320036376
P07T08,LElbow,938.922,253.202,778.259,449.109,899.69,715.608,10.0,808.5825602287543,216.36883098261092
P07T08,Other,921.298,192.431,715.617,402.135,983.986,496.162,10.0,585.7330745683549,217.13313914429682
P07T08,MidHip,929.106,170.957,791.963,384.518,995.688,678.34,10.0,811.0974338111776,215.4911928852284
P07T08,LElbow,931.073,149.39,809.628,382.597,1089.76,535.331,10.0,587.1737507214076,216.31475407051505
P07T08,LElbow,946.706,149.354,774.348,402.098,1127.02,556.918,10.0,811.9693963795738,215.19483915523256
P07T08,MidHip,964.366,151.397,827.254,413.869,1158.35,574.528,10.0,813.2788763916453,214.56705231118949
P07T08,MidHip,976.165,163.133,862.528,415.798,1170.12,572.593,10.0,587.9547745548089,215.63960819393128
P07T08,MidHip,980.161,167.013,803.723,419.783,1185.74,570.626,10.0,814.9806776534406,213.71355798689314
P07T08,MidHip,991.825,161.092,819.409,398.115,1195.52,603.89,9.0,588.2264917933578,215.64258158773143
P07T08,MidHip,1009.36,147.352,858.593,376.646,1181.8,639.151,10.0,816.3839804032184,212.31663677452067
P07T08,LElbow,1027.09,163.176,840.976,398.221,1168.11,650.957,10.0,588.6962815724044,214.58118701465273
P07T08,MidHip,1029.07,182.688,805.699,400.245,1072.1,631.291,9.0,817.5531349831316,211.23887527101792
P07T08,MidHip,993.832,153.306,860.562,384.454,1183.84,656.821,9.0,590.9499554325932,214.29976804655283
P07T08,MidHip,1005.5,184.672,903.648,431.53,1203.41,697.982,9.0,818.271906337799,211.4511410337665
P07T08,Neck,1027.11,245.359,823.378,507.904,1226.89,715.586,10.0,591.1262927338953,213.43621892555234
P07T08,Neck,1054.46,286.468,852.683,521.594,0.0,0.0,15.0,819.379427111438,209.938330619678
P07T08,Other,1062.37,284.571,893.852,521.611,0.0,0.0,13.0,592.5046107464361,212.47212479830299
P07T08,Other,1066.29,300.217,840.963,537.284,0.0,0.0,11.0,820.1180614871676,209.33961839321387
P07T08,Other,1044.74,306.115,805.703,537.281,0.0,0.0,11.0,592.8701700191091,211.73264342592418
P07T08,Neck,1011.39,327.703,817.472,549.046,0.0,0.0,14.0,821.5132881867189,208.2730481586674
P07T08,Neck,1005.53,331.573,760.625,556.973,0.0,0.0,14.0,593.5299089283624,211.0424272434951
P07T08,Other,991.8,319.784,889.942,539.296,0.0,0.0,12.0,819.2326554231329,210.0332076225072
P07T08,Other,966.375,302.154,780.258,558.912,0.0,0.0,12.0,594.0549963453313,211.04200710730788
P07T08,Other,958.506,298.293,782.207,552.925,0.0,0.0,12.0,809.3310336678346,227.4243244506962
P07T08,Other,907.597,257.103,744.993,505.94,1107.41,715.586,10.0,586.4490189990968,226.85686249085987
P07T08,Other,839.003,212.046,772.4,449.171,1103.5,613.711,10.0,803.2896282013996,246.25893124577746
P07T08,RElbow,821.283,210.055,731.257,449.196,1095.64,539.258,10.0,587.3280144450468,249.55565300961013
P07T08,Neck,807.627,208.094,729.326,437.401,1085.85,466.767,10.0,799.8788709460225,254.26762739685196
P07T08,Neck,792.049,198.356,682.283,453.096,1121.14,539.195,10.0,587.7064293941814,255.97724380695192
P07T08,MidHip,788.073,206.172,694.045,447.136,1111.35,388.399,10.0,802.6519263477327,252.45455350273596
P07T08,MidHip,789.959,214.082,707.728,456.998,1121.12,394.258,10.0,589.3884343079467,247.27425218376825
P07T08,MidHip,803.689,229.718,674.465,492.285,1128.96,441.272,10.0,804.7193466357663,248.16652333121297
P07T08,Neck,797.83,221.859,666.601,474.607,1136.79,362.899,9.0,589.7009962212592,243.09181972018737
P07T08,Neck,790.057,210.191,699.913,445.186,0.0,0.0,11.0,805.3999639545586,248.80884047227156
P07T08,Neck,807.596,227.842,711.679,460.892,1128.98,319.897,10.0,588.5680468907492,241.64321990722644
P07T08,MidHip,821.405,245.38,0.0,0.0,1123.1,321.742,11.0,805.6388610624608,248.0823233018384
P07T08,Neck,831.161,261.029,594.121,590.2,1081.95,494.251,10.0,588.0684765478383,243.32335807145526
P07T08,Neck,838.983,304.195,695.969,619.597,1121.09,633.308,13.0,806.2953563460406,248.38942416652893
P07T08,Neck,870.298,335.537,588.197,666.585,0.0,0.0,14.0,588.4619398204187,242.68060343792578
P07T08,Neck,933.06,400.147,0.0,0.0,0.0,0.0,17.0,807.2736901195983,248.57532413582155
P07T08,Other,1003.57,423.68,0.0,0.0,0.0,0.0,18.0,588.4689067629765,242.70834526689532
P07T08,Other,1025.16,398.226,0.0,0.0,0.0,0.0,17.0,808.5826290692157,247.82346191802523
P07T08,Other,1148.49,490.265,0.0,0.0,0.0,0.0,18.0,589.1438144584497,243.34628824304667
P07T08,Other,1166.19,482.482,0.0,0.0,0.0,0.0,18.0,808.6778466188637,247.4443552583742
P07T08,Other,1162.23,460.856,0.0,0.0,0.0,0.0,17.0,588.7669944277808,241.93866599833757
P07T08,Other,1152.41,447.147,0.0,0.0,0.0,0.0,16.0,808.5180620927003,247.69290025460325
P07T08,Other,1150.4,437.361,0.0,0.0,0.0,0.0,17.0,588.6663355869218,241.69868396854852
P07T08,Other,1164.18,404.066,0.0,0.0,0.0,0.0,18.0,808.5706425236174,247.3877313181401
P07T08,Other,1205.39,366.898,0.0,0.0,0.0,0.0,18.0,588.935828184169,242.11060705674984
P07T08,Other,1213.22,290.512,0.0,0.0,1142.66,523.585,15.0,808.8286688543346,248.1409046067856
P07T08,Other,1199.49,210.119,0.0,0.0,1158.34,474.562,14.0,588.2967131665212,242.2349987276656
P07T08,Other,1201.49,176.777,878.165,527.518,1191.66,462.915,10.0,808.9535550488459,247.99694539144886
P07T08,Other,1203.42,188.555,870.405,486.374,1215.13,472.671,12.0,588.0288533711326,241.83245416810172
P07T08,Other,1201.5,202.309,0.0,0.0,0.0,0.0,15.0,808.6709196266215,247.1114526237066
P07T08,Other,1199.43,216.027,866.44,551.029,0.0,0.0,15.0,587.3814928933415,241.90066488899026
P07T08,Other,1203.43,237.513,0.0,0.0,0.0,0.0,15.0,808.0770539352272,247.51300051160229
P07T08,Other,1215.09,255.178,0.0,0.0,0.0,0.0,13.0,587.0085523440193,240.82241199002064
P07T08,Other,1183.9,198.346,0.0,0.0,0.0,0.0,15.0,807.3893037178195,247.3496309293521
P07T08,Other,1185.76,176.748,0.0,0.0,0.0,0.0,16.0,586.7620590311241,240.81567139727562
P07T08,RElbow,1181.81,149.395,0.0,0.0,0.0,0.0,18.0,808.2903769347874,246.92259621015194
P07T08,Other,1242.54,157.233,0.0,0.0,0.0,0.0,19.0,586.7770825359785,240.96505079289088
P07T08,Other,1266.1,135.73,0.0,0.0,0.0,0.0,19.0,806.8289306176043,246.96189456742923
P07T08,Other,0.0,0.0,0.0,0.0,0.0,0.0,20.0,586.8445605257224,240.9522727179855
P07T08,Other,0.0,0.0,0.0,0.0,0.0,0.0,20.0,807.2896084257013,246.58985026208077
P07T08,Other,1262.15,149.286,0.0,0.0,0.0,0.0,20.0,585.8751500178711,240.36005080231587
P07T08,Other,1244.59,192.508,899.693,672.476,0.0,0.0,18.0,806.286021867585,244.76070086246938
P07T08,Other,1213.12,172.932,0.0,0.0,0.0,0.0,22.0,585.875197070949,240.4413255878077
P07T08,Other,1230.91,165.066,0.0,0.0,0.0,0.0,22.0,804.9111738654356,245.20125102370736
P07T08,Other,666.668,100.376,605.917,170.945,617.65,180.706,1.0,585.6439617634217,240.11520580329957
P07T08,Other,nan,nan,nan,nan,nan,nan,nan,805.7114899373976,244.15213426977854
P07T08,Other,0.0,0.0,0.0,0.0,0.0,0.0,20.0,584.6242499956229,240.03244280653303
P07T08,Other,nan,nan,nan,nan,nan,nan,nan,805.0488635623138,244.113646053022
P07T08,Other,0.0,0.0,980.142,678.344,0.0,0.0,22.0,584.0526673459232,239.7363415543332
P07T08,Other,nan,nan,nan,nan,nan,nan,nan,804.8706359086059,245.2482328962297
P07T08,Other,809.649,380.545,0.0,0.0,0.0,0.0,19.0,582.913794969688,239.74997653061524
P07T08,Other,nan,nan,nan,nan,nan,nan,nan,805.2333216106041,246.46368424810882
P07T08,Other,1207.35,190.559,0.0,0.0,0.0,0.0,19.0,582.3267684122293,239.63096493136888
P07T08,Other,1142.7,190.528,821.326,386.414,0.0,0.0,15.0,805.5264173588307,247.16919674991786
P07T08,Other,1103.49,206.22,0.0,0.0,0.0,0.0,17.0,581.4272496007818,240.87920523760647
P07T08,Other,1074.16,247.394,776.306,437.372,0.0,0.0,16.0,580.9275364234294,241.36480677138124
P07T08,Other,1074.03,288.448,852.696,511.855,0.0,0.0,16.0,804.1593511759327,247.96192564761887
P07T08,Other,1056.37,319.87,866.406,519.689,0.0,0.0,16.0,579.7450211986443,241.6715397384187
P07T08,Other,1072.04,308.088,0.0,0.0,1123.07,562.778,15.0,804.4338741368008,249.45420364138297
P07T08,Other,462.879,290.396,494.253,366.906,502.029,368.855,1.0,578.5497185721149,242.70407468665093
P07T08,Other,1170.08,462.867,0.0,0.0,0.0,0.0,18.0,803.6147883200357,248.10393287673662
P07T08,Other,1121.06,492.175,0.0,0.0,0.0,0.0,17.0,577.488039520649,242.66585808647022
P07T08,Other,1103.54,494.175,0.0,0.0,0.0,0.0,18.0,802.0012962740327,248.40560403455166
P07T08,Other,1121.06,507.89,0.0,0.0,0.0,0.0,18.0,585.6290098366087,250.83929412657355
P07T08,Other,1107.47,476.46,0.0,0.0,0.0,0.0,19.0,802.559082736766,248.69243775006825
P07T08,Other,1089.85,429.541,0.0,0.0,0.0,0.0,20.0,585.3076967561667,250.50268221649043
P07T08,Other,1072.08,396.194,0.0,0.0,0.0,0.0,19.0,801.0205349216757,247.9747796107613
P07T08,Other,1060.44,353.134,0.0,0.0,0.0,0.0,17.0,585.6383893482146,250.82984025635852
P07T08,Other,1058.47,327.688,0.0,0.0,0.0,0.0,18.0,800.496580493324,248.23819494105186
P07T08,Other,1103.54,325.735,0.0,0.0,0.0,0.0,18.0,578.130599315381,251.18244131691398
P07T08,Other,1154.48,317.881,0.0,0.0,0.0,0.0,21.0,800.4062374192541,247.94991937458278
P07T08,Other,1199.49,319.788,0.0,0.0,0.0,0.0,22.0,579.0099498681142,251.4960528905061
P07T08,Other,nan,nan,nan,nan,nan,nan,nan,798.1606737923253,248.47590377063807
P07T08,Other,1168.11,319.797,0.0,0.0,0.0,0.0,22.0,573.5885095304186,242.0654302145003
P07T08,Other,1154.47,286.486,0.0,0.0,0.0,0.0,21.0,798.0341076016525,247.30584113441196
P07T08,Other,1087.78,274.731,0.0,0.0,1021.21,523.549,16.0,574.2010228036913,251.0377245080374
P07T08,Other,1048.66,282.607,0.0,0.0,0.0,0.0,19.0,796.7960904987954,248.0728644819482
P07T08,Other,1052.52,304.083,0.0,0.0,0.0,0.0,19.0,571.5674325421677,242.6668372917355
P07T08,LElbow,1054.45,290.535,0.0,0.0,1117.19,552.927,17.0,795.502108838689,248.04514332828114
P07T08,Other,1085.85,304.075,0.0,0.0,1072.06,492.303,17.0,579.7459591858083,251.43441006439016
P07T08,Other,1091.76,317.839,0.0,0.0,1150.47,550.995,17.0,795.2851012101835,248.85705746695848
P07T08,Other,1107.45,312.005,0.0,0.0,1115.25,519.65,17.0,579.3351211699277,251.07336271356925
P07T08,Other,1152.56,323.778,0.0,0.0,0.0,0.0,22.0,794.0558744216963,243.76875929533597
P07T08,Other,nan,nan,nan,nan,nan,nan,nan,566.7137530282911,243.5634751552734
P07T08,Other,nan,nan,nan,nan,nan,nan,nan,795.1051604283929,252.27115392721763
P07T08,Other,nan,nan,nan,nan,nan,nan,nan,575.6601078912296,260.27324838263695
P07T08,Other,nan,nan,nan,nan,nan,nan,nan,795.9705176153952,259.79059493585595
P07T08,Other,nan,nan,nan,nan,nan,nan,nan,575.1838263023161,267.3378669182694
P07T08,Other,1209.25,288.558,1068.19,603.833,0.0,0.0,18.0,795.9552017704598,259.40720456958593
P07T08,Other,1168.21,274.727,964.398,603.92,0.0,0.0,18.0,567.6173371737098,275.23436506411116
P07T08,Other,1152.48,308.144,995.775,586.284,0.0,0.0,18.0,796.0136864069586,259.68802556257464
P07T08,Other,1132.88,323.805,0.0,0.0,0.0,0.0,21.0,568.33835632817,275.15801697819325
P07T08,Other,1085.83,351.178,887.973,535.324,0.0,0.0,16.0,796.9510744912825,267.97707502597393
P07T08,Other,1054.5,407.979,0.0,0.0,0.0,0.0,18.0,568.4221039360795,275.7517698603275
P07T08,Other,1025.18,433.503,0.0,0.0,0.0,0.0,18.0,804.890516192944,266.9962088725275
P07T08,Other,1007.47,431.547,0.0,0.0,0.0,0.0,18.0,568.5070387059507,276.3481002297273
P07T08,Other,964.406,427.618,0.0,0.0,0.0,0.0,18.0,812.3363380848089,266.7528288263569
P07T08,Other,1123.1,492.205,0.0,0.0,0.0,0.0,17.0,591.9384131437754,260.8315087523044
P07T08,RElbow,1138.79,472.632,697.941,478.53,0.0,0.0,15.0,819.8742472264331,266.52741746974925
P07T08,Nose,1150.53,462.857,0.0,0.0,0.0,0.0,17.0,590.3674914912765,262.55352740339043
P07T08,Other,1105.51,400.209,0.0,0.0,0.0,0.0,18.0,819.5857083610204,266.9431767150669
P07T08,Neck,1068.23,315.935,0.0,0.0,0.0,0.0,17.0,621.9536177330803,263.20892126641553
P07T08,Other,997.697,223.812,537.297,462.822,0.0,0.0,15.0,1279.433836691733,465.14482553768477
P07T08,Other,909.518,204.227,0.0,0.0,0.0,0.0,17.0,253.66345801373916,694.8335314265939
P07T08,Other,807.666,253.238,0.0,0.0,0.0,0.0,16.0,1279.433836691733,465.14482553768477
P07T08,RElbow,795.913,270.828,0.0,0.0,0.0,0.0,17.0,253.66345801373916,694.8335314265939
P07T08,Other,842.945,261.049,737.142,715.611,0.0,0.0,16.0,1279.433836691733,465.14482553768477
P07T08,Other,858.592,288.459,741.061,701.87,0.0,0.0,16.0,253.66345801373916,694.8335314265939
P07T08,Other,837.097,298.296,703.796,715.607,0.0,0.0,16.0,1279.433836691733,465.14482553768477
P07T08,Other,809.594,351.121,633.234,688.153,0.0,0.0,16.0,253.66345801373916,694.8335314265939
P07T08,Other,770.44,396.236,586.319,696.01,0.0,0.0,16.0,1279.433836691733,465.14482553768477
P07T08,Other,715.637,419.741,0.0,0.0,0.0,0.0,17.0,253.66345801373916,694.8335314265939
P07T08,Nose,682.26,431.552,570.603,684.263,0.0,0.0,16.0,1279.433836691733,465.14482553768477
P07T08,Nose,680.351,441.306,625.433,684.251,0.0,0.0,16.0,253.66345801373916,694.8335314265939
P07T08,Nose,711.71,458.912,697.938,682.319,0.0,0.0,16.0,1279.433836691733,465.14482553768477
P07T08,Nose,748.876,464.819,0.0,0.0,0.0,0.0,20.0,253.66345801373916,694.8335314265939
P07T08,Other,758.611,460.82,760.687,633.359,0.0,0.0,16.0,1279.433836691733,465.14482553768477
P07T08,Nose,737.107,447.253,0.0,0.0,0.0,0.0,18.0,1279.433836691733,465.14482553768477
P07T08,Nose,729.278,443.194,0.0,0.0,0.0,0.0,18.0,253.66345801373916,694.8335314265939
P07T08,Nose,780.231,439.365,819.374,635.261,0.0,0.0,16.0,1279.433836691733,465.14482553768477
P07T08,Nose,860.55,445.223,0.0,0.0,0.0,0.0,17.0,253.66345801373916,694.8335314265939
P07T08,Nose,886.057,460.904,0.0,0.0,0.0,0.0,19.0,1279.433836691733,465.14482553768477
P07T08,Nose,850.701,462.793,0.0,0.0,0.0,0.0,18.0,759.8352540480189,446.29244525317034
P07T08,Nose,852.721,458.932,0.0,0.0,0.0,0.0,18.0,1279.433836691733,465.14482553768477
P07T08,Nose,868.306,429.607,0.0,0.0,0.0,0.0,18.0,2025.527361145168,1822.707399605599
P07T08,Nose,882.11,400.212,0.0,0.0,0.0,0.0,18.0,476.4552201720047,-111.76941128079815
P07T08,Neck,870.319,353.082,682.271,631.358,0.0,0.0,16.0,2480.6170985221497,2252.7668491719814
P07T08,Neck,846.844,329.623,664.653,596.08,0.0,0.0,16.0,14767.370544757738,52059.880156684194
P07T08,Neck,844.853,321.765,686.207,572.623,0.0,0.0,16.0,4625.819112009396,4288.502571828247
P07T08,Neck,838.936,333.545,686.194,572.569,0.0,0.0,16.0,23683.7440352627,72000.0
P07T08,Neck,852.692,349.232,674.459,598.056,0.0,0.0,16.0,6147.509358702888,5840.23702999933
P07T08,Neck,868.402,355.151,703.842,615.674,0.0,0.0,16.0,35088.93266028185,72000.0
P07T08,Neck,862.505,353.136,0.0,0.0,0.0,0.0,18.0,20624.602046823544,19109.65106850448
P07T08,Neck,839.068,337.433,742.995,645.025,0.0,0.0,16.0,41378.545490294426,72000.0
P07T08,Neck,823.315,319.781,713.635,652.953,976.133,588.3,14.0,48511.26338542765,44000.3856378342
P07T08,Neck,805.686,276.744,729.259,631.274,0.0,0.0,16.0,77535.55253311196,72000.0
P07T08,RElbow,786.075,227.704,770.415,586.29,0.0,0.0,16.0,25997.58179173973,25105.039752643843
P07T08,Neck,811.607,196.42,0.0,0.0,0.0,0.0,18.0,125650.75697842799,72000.0
P07T08,RElbow,872.359,163.076,901.717,505.981,0.0,0.0,16.0,77398.54322889524,66576.00832806298
P07T08,Neck,870.285,147.389,0.0,0.0,0.0,0.0,18.0,128000.0,72000.0
P07T08,RElbow,837.006,161.124,856.631,556.84,0.0,0.0,16.0,107673.82709681428,72000.0
P07T08,Neck,827.284,196.452,839.029,603.917,0.0,0.0,15.0,128000.0,72000.0
P07T08,Neck,727.317,261.082,725.387,699.931,0.0,0.0,15.0,128000.0,72000.0
P07T08,Neck,697.907,229.712,0.0,0.0,0.0,0.0,19.0,1279.433836691733,465.14482553768477
P07T08,Neck,707.735,212.053,0.0,0.0,0.0,0.0,19.0,128000.0,72000.0
P07T08,Neck,860.534,408.007,774.308,693.976,972.247,453.051,15.0,1279.433836691733,465.14482553768477
P07T08,Neck,791.937,180.777,0.0,0.0,0.0,0.0,19.0,40543.46132975018,27033.48962816936
P07T08,Neck,799.805,172.898,0.0,0.0,0.0,0.0,18.0,1279.433836691733,465.14482553768477
P07T08,RElbow,762.575,159.212,743.01,666.553,0.0,0.0,16.0,96579.23851446193,70340.39569933638
P07T08,RElbow,741.073,149.447,727.386,639.155,0.0,0.0,16.0,1279.433836691733,465.14482553768477
P07T08,RElbow,760.703,104.333,707.738,598.003,0.0,0.0,17.0,128000.0,72000.0
P07T08,RElbow,784.165,82.8099,682.301,570.616,0.0,0.0,16.0,1279.433836691733,465.14482553768477
P07T08,Neck,774.423,112.174,680.376,572.624,0.0,0.0,16.0,123721.7250888754,72000.0
P07T08,Neck,852.741,159.169,742.968,582.39,0.0,0.0,16.0,1279.433836691733,465.14482553768477
P07T08,Neck,931.018,139.593,772.336,652.913,0.0,0.0,16.0,128000.0,72000.0
P07T08,Neck,978.057,145.473,762.587,619.595,0.0,0.0,16.0,1279.433836691733,465.14482553768477
P07T08,Neck,966.339,163.107,680.315,715.597,0.0,0.0,16.0,128000.0,72000.0
P07T08,Neck,944.773,190.546,0.0,0.0,0.0,0.0,18.0,1279.433836691733,465.14482553768477
P07T08,Neck,966.405,264.989,0.0,0.0,0.0,0.0,18.0,807.1327148399844,-192.15033351928454
P07T08,Other,1038.86,276.766,0.0,0.0,0.0,0.0,17.0,1279.433836691733,465.14482553768477
P07T08,Other,1060.42,274.819,0.0,0.0,0.0,0.0,17.0,667.6109353718198,-220.51051308441396
P07T08,Other,1083.88,276.738,0.0,0.0,0.0,0.0,17.0,1279.433836691733,465.14482553768477
P07T08,Other,1089.84,274.81,0.0,0.0,0.0,0.0,16.0,675.4411164909521,-223.52397873914126
P07T08,RElbow,1105.52,266.971,0.0,0.0,0.0,0.0,16.0,1279.433836691733,465.14482553768477
P07T08,Other,1074.14,272.723,0.0,0.0,0.0,0.0,16.0,669.5535719297893,-216.46023188875827
P07T08,Other,1058.37,274.82,0.0,0.0,0.0,0.0,16.0,1279.433836691733,465.14482553768477
P07T08,Other,1074.09,351.19,0.0,0.0,0.0,0.0,16.0,664.9918807923198,-221.61315848703384
P07T08,Other,1056.43,382.55,742.982,674.468,0.0,0.0,15.0,1279.433836691733,465.14482553768477
P07T08,Other,1042.75,388.392,758.677,633.327,0.0,0.0,16.0,670.1449592762883,-253.6162878883494
P07T08,Other,1017.27,353.094,729.329,625.487,0.0,0.0,15.0,1279.433836691733,465.14482553768477
P07T08,RElbow,999.686,313.979,778.257,590.195,0.0,0.0,16.0,672.915395886972,-260.9347708828775
P07T08,RElbow,1009.39,319.884,0.0,0.0,0.0,0.0,17.0,1279.433836691733,465.14482553768477
P07T08,Neck,978.09,353.103,680.326,594.097,0.0,0.0,16.0,676.1523374704052,-274.6833217009238
P07T08,Neck,930.999,343.331,635.24,584.289,0.0,0.0,16.0,1279.433836691733,465.14482553768477
P07T08,Neck,874.275,339.455,0.0,0.0,0.0,0.0,18.0,724.0789134360273,-280.406093848176
P07T08,Nose,950.676,453.076,0.0,0.0,0.0,0.0,18.0,693.3248754299459,-285.05334917735667
P07T08,Nose,1025.17,431.563,0.0,0.0,0.0,0.0,18.0,1279.433836691733,465.14482553768477
P07T08,Neck,1060.37,415.828,0.0,0.0,0.0,0.0,17.0,705.7849156019286,-287.6880948297282
P07T08,Nose,1064.32,425.591,0.0,0.0,0.0,0.0,16.0,1279.433836691733,465.14482553768477
P07T08,Neck,1042.82,415.806,603.978,517.72,0.0,0.0,15.0,707.7979784473752,-290.3934145957806
P07T08,Other,1009.4,417.767,0.0,0.0,0.0,0.0,17.0,1279.433836691733,465.14482553768477
P07T08,Neck,982.044,445.176,0.0,0.0,0.0,0.0,18.0,710.3474951030624,-292.49456180008934
P07T08,Nose,0.0,0.0,0.0,0.0,0.0,0.0,22.0,1279.433836691733,465.14482553768477
P07T08,Nose,893.851,456.988,0.0,0.0,0.0,0.0,21.0,720.1378026321352,-293.46256694923164
P07T08,Nose,nan,nan,nan,nan,nan,nan,nan,1279.433836691733,465.14482553768477
P07T08,Other,nan,nan,nan,nan,nan,nan,nan,735.7672949392713,-291.9245508635729
P07T08,Other,nan,nan,nan,nan,nan,nan,nan,1279.433836691733,465.14482553768477
P07T08,Other,nan,nan,nan,nan,nan,nan,nan,742.5530667814725,-283.9736375389343
P07T08,Other,854.688,619.53,0.0,0.0,0.0,0.0,21.0,1279.433836691733,465.14482553768477
P07T08,Other,nan,nan,nan,nan,nan,nan,nan,743.4786107132755,-277.381595591311
P07T08,Other,0.0,0.0,0.0,0.0,0.0,0.0,19.0,1279.433836691733,465.14482553768477
P07T08,Other,697.971,429.533,368.757,519.659,0.0,0.0,17.0,721.2524061992885,-293.8776164610301
P07T08,Nose,664.689,402.12,0.0,0.0,0.0,0.0,19.0,1279.433836691733,465.14482553768477
P07T08,Other,729.305,464.82,0.0,0.0,0.0,0.0,17.0,725.5763783812488,-291.3834837066542
P07T08,Other,615.632,509.93,0.0,0.0,0.0,0.0,21.0,1279.433836691733,465.14482553768477
P07T08,Other,488.304,523.512,0.0,0.0,0.0,0.0,20.0,727.4293918783474,-287.6771739311289
P07T08,Other,nan,nan,nan,nan,nan,nan,nan,1279.433836691733,465.14482553768477
P07T08,Nose,507.943,496.149,0.0,0.0,0.0,0.0,22.0,735.7172473648327,-280.72199707268277
P07T08,Other,nan,nan,nan,nan,nan,nan,nan,1279.433836691733,465.14482553768477
P07T08,Other,517.73,449.195,0.0,0.0,0.0,0.0,22.0,736.2900664469541,-272.08659275147164
P07T08,Other,492.203,425.609,0.0,0.0,0.0,0.0,21.0,1279.433836691733,465.14482553768477
P07T08,Other,470.662,382.577,0.0,0.0,0.0,0.0,22.0,749.3271412596187,-255.94470112342285
P07T08,Other,613.687,351.216,0.0,0.0,0.0,0.0,18.0,1279.433836691733,465.14482553768477
P07T08,Nose,572.533,319.856,0.0,0.0,0.0,0.0,17.0,753.6739794486548,-236.19593371658743
P07T08,Nose,713.691,319.788,0.0,0.0,0.0,0.0,17.0,1279.433836691733,465.14482553768477
P07T08,Nose,699.906,302.151,0.0,0.0,0.0,0.0,18.0,756.7629333108894,-208.96765468448558
P07T08,Other,607.835,302.215,0.0,0.0,0.0,0.0,20.0,1279.433836691733,465.14482553768477
P07T08,Other,0.0,0.0,0.0,0.0,0.0,0.0,22.0,752.8882474620548,-177.38341213655167
P07T08,Other,nan,nan,nan,nan,nan,nan,nan,1279.433836691733,465.14482553768477
P07T08,Other,nan,nan,nan,nan,nan,nan,nan,751.40387382986,-129.47384656684784
P07T08,Nose,nan,nan,nan,nan,nan,nan,nan,1279.433836691733,465.14482553768477
P07T08,Other,nan,nan,nan,nan,nan,nan,nan,719.5831305467557,-293.8510185871133
P07T08,Other,0.0,0.0,0.0,0.0,0.0,0.0,17.0,1279.433836691733,465.14482553768477
P07T08,Other,nan,nan,nan,nan,nan,nan,nan,734.4049685409641,-291.95797574070957
P07T08,Other,nan,nan,nan,nan,nan,nan,nan,1279.433836691733,465.14482553768477
P07T08,Other,nan,nan,nan,nan,nan,nan,nan,728.6826331828879,-290.593175916047
P07T08,Other,nan,nan,nan,nan,nan,nan,nan,1279.433836691733,465.14482553768477
P07T08,Other,nan,nan,nan,nan,nan,nan,nan,724.0565579118357,-287.73755867126994
P07T08,Other,0.0,0.0,727.286,288.456,637.201,274.792,11.0,1279.433836691733,465.14482553768477
P07T08,Other,nan,nan,nan,nan,nan,nan,nan,726.070835310501,-282.4488538662475
P07T08,Other,nan,nan,nan,nan,nan,nan,nan,1279.433836691733,465.14482553768477
P07T08,Other,nan,nan,nan,nan,nan,nan,nan,733.8073294625187,-273.9113107383694
P07T08,Other,nan,nan,nan,nan,nan,nan,nan,1279.433836691733,465.14482553768477
P07T08,Other,nan,nan,nan,nan,nan,nan,nan,734.011095244892,-263.7973680287142
P07T08,Other,nan,nan,nan,nan,nan,nan,nan,1279.433836691733,465.14482553768477
P07T08,Other,nan,nan,nan,nan,nan,nan,nan,713.0616455867553,-294.4259630889776
P07T08,Other,nan,nan,nan,nan,nan,nan,nan,1279.433836691733,465.14482553768477
P07T08,Other,nan,nan,nan,nan,nan,nan,nan,717.2258707570257,-293.82746251995235
P07T08,Other,nan,nan,nan,nan,nan,nan,nan,1279.433836691733,465.14482553768477
P07T08,Other,nan,nan,nan,nan,nan,nan,nan,719.0016748630738,-292.2719102563195
P07T08,Other,nan,nan,nan,nan,nan,nan,nan,1279.433836691733,465.14482553768477
P07T08,Other,nan,nan,nan,nan,nan,nan,nan,713.7085206991678,-290.1901615877787
P07T08,Other,nan,nan,nan,nan,nan,nan,nan,1279.433836691733,465.14482553768477
P07T08,Other,nan,nan,nan,nan,nan,nan,nan,1279.433836691733,465.14482553768477
P07T08,Nose,nan,nan,nan,nan,nan,nan,nan,723.1903893404981,-282.85680387355615
P07T08,Other,nan,nan,nan,nan,nan,nan,nan,939.0845017469385,435.8879065798442
P07T08,Other,nan,nan,nan,nan,nan,nan,nan,682.5649338592342,-290.19913242586694
P07T08,Other,nan,nan,nan,nan,nan,nan,nan,1279.433836691733,465.14482553768477
P07T08,Other,nan,nan,nan,nan,nan,nan,nan,688.1907043921502,-293.3897054556321
P07T08,Other,nan,nan,nan,nan,nan,nan,nan,1279.433836691733,465.14482553768477
P07T08,Other,nan,nan,nan,nan,nan,nan,nan,689.9445436214942,-294.5656342431011
P07T08,Other,nan,nan,nan,nan,nan,nan,nan,1279.433836691733,465.14482553768477
P07T08,Other,nan,nan,nan,nan,nan,nan,nan,698.908140950281,-295.0344341131979
P07T08,Other,nan,nan,nan,nan,nan,nan,nan,1279.433836691733,465.14482553768477
P07T08,Other,nan,nan,nan,nan,nan,nan,nan,707.2297156594689,-294.9154589403845
P07T08,Other,nan,nan,nan,nan,nan,nan,nan,1279.433836691733,465.14482553768477
P07T08,Other,nan,nan,nan,nan,nan,nan,nan,708.3548861821239,-294.50852835953106
P07T08,Other,nan,nan,nan,nan,nan,nan,nan,1279.433836691733,465.14482553768477
P07T08,Other,nan,nan,nan,nan,nan,nan,nan,710.005817979493,-293.3229715267413
P07T08,Other,nan,nan,nan,nan,nan,nan,nan,1279.433836691733,465.14482553768477
P07T08,Other,nan,nan,nan,nan,nan,nan,nan,718.5486464501639,-290.6539316890869
P07T08,Other,nan,nan,nan,nan,nan,nan,nan,1279.433836691733,465.14482553768477
P07T08,Other,nan,nan,nan,nan,nan,nan,nan,712.5288574692659,-288.20811680015277
P07T08,Other,nan,nan,nan,nan,nan,nan,nan,1279.433836691733,465.14482553768477
P07T08,Other,nan,nan,nan,nan,nan,nan,nan,708.1036065036628,-290.3333181114318
P07T08,Other,nan,nan,nan,nan,nan,nan,nan,1279.433836691733,465.14482553768477
P07T08,Other,nan,nan,nan,nan,nan,nan,nan,681.1821595681294,-290.2310854019945
P07T08,Other,nan,nan,nan,nan,nan,nan,nan,1279.433836691733,465.14482553768477
P07T08,Other,nan,nan,nan,nan,nan,nan,nan,685.38582264215,-293.1195848230688
P07T08,Other,nan,nan,nan,nan,nan,nan,nan,1279.433836691733,465.14482553768477
P07T08,Other,nan,nan,nan,nan,nan,nan,nan,685.3665264493851,-293.8275401531707
P07T08,Other,nan,nan,nan,nan,nan,nan,nan,1279.433836691733,465.14482553768477
P07T08,Other,nan,nan,nan,nan,nan,nan,nan,-19693.52234096296,58084.305093617804
P07T08,Other,nan,nan,nan,nan,nan,nan,nan,1279.433836691733,465.14482553768477
P07T08,Other,nan,nan,nan,nan,nan,nan,nan,-19693.52234096296,58084.305093617804
P07T08,Other,nan,nan,nan,nan,nan,nan,nan,1279.433836691733,465.14482553768477
P07T08,Other,nan,nan,nan,nan,nan,nan,nan,-19693.52234096296,58084.305093617804
P07T08,Other,nan,nan,nan,nan,nan,nan,nan,1279.433836691733,465.14482553768477
P07T08,Other,nan,nan,nan,nan,nan,nan,nan,-19693.52234096296,58084.305093617804
P07T08,Other,nan,nan,nan,nan,nan,nan,nan,1279.433836691733,465.14482553768477
P07T08,Other,nan,nan,nan,nan,nan,nan,nan,-19693.52234096296,58084.305093617804
P07T08,Other,nan,nan,nan,nan,nan,nan,nan,1279.433836691733,465.14482553768477
P07T08,Other,nan,nan,nan,nan,nan,nan,nan,-19693.52234096296,58084.305093617804
P07T08,Other,nan,nan,nan,nan,nan,nan,nan,1279.433836691733,465.14482553768477
P07T08,Other,nan,nan,nan,nan,nan,nan,nan,546.1176818250837,-9.911754271135091
P07T08,Other,nan,nan,nan,nan,nan,nan,nan,1279.433836691733,465.14482553768477
P07T08,Other,nan,nan,nan,nan,nan,nan,nan,676.0734886889452,-96.38495860814943
P07T08,Other,nan,nan,nan,nan,nan,nan,nan,1279.433836691733,465.14482553768477
P07T08,Other,nan,nan,nan,nan,nan,nan,nan,668.7112518459952,-123.1681463196804
P07T08,Other,nan,nan,nan,nan,nan,nan,nan,1279.433836691733,465.14482553768477
P07T08,Other,nan,nan,nan,nan,nan,nan,nan,670.4128229887596,-127.56071846615939
P07T08,Nose,nan,nan,nan,nan,nan,nan,nan,1279.433836691733,465.14482553768477
P07T08,Other,nan,nan,nan,nan,nan,nan,nan,720.8814324281116,-125.53265353011084
P07T08,Other,nan,nan,nan,nan,nan,nan,nan,1279.433836691733,465.14482553768477
P07T08,Other,nan,nan,nan,nan,nan,nan,nan,727.0689784255887,-125.91176152593656
P07T08,Other,nan,nan,nan,nan,nan,nan,nan,1279.433836691733,465.14482553768477
P07T08,Other,nan,nan,nan,nan,nan,nan,nan,728.6065149547937,-126.56765047852815
P07T08,Other,nan,nan,nan,nan,nan,nan,nan,763.3586079444658,-124.85041979277926
P07T08,Other,nan,nan,nan,nan,nan,nan,nan,1279.433836691733,465.14482553768477
P07T08,Other,nan,nan,nan,nan,nan,nan,nan,1279.433836691733,465.14482553768477
P07T08,Other,887.992,298.306,0.0,0.0,0.0,0.0,3.0,755.1776726761304,-126.23392113071382
P07T08,Other,nan,nan,nan,nan,nan,nan,nan,758.3692496372305,-126.72720048049548
P07T08,Other,nan,nan,nan,nan,nan,nan,nan,1279.433836691733,465.14482553768477
P07T08,Other,nan,nan,nan,nan,nan,nan,nan,761.0377850690363,-133.60459589484512
P07T08,Other,nan,nan,nan,nan,nan,nan,nan,1279.433836691733,465.14482553768477
P07T08,Other,nan,nan,nan,nan,nan,nan,nan,763.59819079285,-133.6946693201039
P07T08,Other,nan,nan,nan,nan,nan,nan,nan,-7341.861830472566,10438.073807373148
P07T08,Other,nan,nan,nan,nan,nan,nan,nan,758.0295466249687,-134.92857383788922
P07T08,Other,nan,nan,nan,nan,nan,nan,nan,-654.7912660827548,1809.8527678841879
P07T08,Other,995.689,69.1108,0.0,0.0,948.74,223.789,7.0,761.1739405968764,-135.48914511624392
P07T08,Other,nan,nan,nan,nan,nan,nan,nan,-258.2077789811839,1523.9967219146183
P07T08,Other,1019.22,229.732,1027.08,253.251,1050.61,253.203,2.0,763.642020937386,-136.09128031480165
P07T08,Other,1050.61,227.791,1058.42,261.071,1083.91,253.205,4.0,-689.3641551345917,2051.8735960835243
P07T08,Other,nan,nan,nan,nan,nan,nan,nan,766.1156846714495,-136.68609588685257
