P07T25,Other,793.995,274.861,699.918,507.829,895.826,492.29,8.0,484.95221125243427,394.6477942304955
P07T25,Other,793.915,278.665,709.646,507.97,897.77,492.261,8.0,478.2536824059049,342.4725041718857
P07T25,Other,793.909,278.67,705.753,507.903,893.826,494.147,8.0,484.9769657989011,395.6206396390449
P07T25,Other,795.88,274.88,701.851,500.063,897.769,492.189,8.0,477.97485844722314,342.0152440887927
P07T25,Other,799.839,274.766,680.332,494.139,899.733,492.222,8.0,485.555821945709,394.6583134375294
P07T25,Other,805.75,272.729,698.04,482.463,897.734,482.445,8.0,485.35351708622755,394.8501304688846
P07T25,Other,807.679,270.797,699.93,478.551,886.005,490.243,8.0,477.7205141648119,340.75014245367555
P07T25,Other,811.576,266.972,707.727,476.626,882.079,492.166,8.0,484.11611296810804,394.10996985717634
P07T25,Other,815.47,268.875,703.803,476.541,880.177,492.244,8.0,476.49859786988816,338.78787577611297
P07T25,Other,815.499,270.805,707.714,476.48,884.027,492.275,8.0,477.3433222740633,339.1324661883468
P07T25,Other,815.5,272.727,701.905,478.57,882.079,494.137,8.0,485.00932829242606,393.08922364804016
P07T25,Other,809.679,272.72,699.884,478.587,886.036,490.259,8.0,475.6670729235483,339.18186887570124
P07T25,Other,809.648,262.999,697.972,480.538,870.431,492.181,8.0,484.6462373967534,392.0202664840981
P07T25,Other,807.742,249.282,719.52,478.63,899.76,462.864,8.0,476.51720908439984,338.7970238558456
P07T25,Other,813.566,247.362,727.301,476.551,903.713,462.858,8.0,482.93327130136095,391.482762208591
P07T25,Other,817.446,247.356,733.22,478.51,901.788,468.746,8.0,473.7682847209583,339.04643648257087
P07T25,Other,817.466,255.155,742.926,488.32,919.341,460.888,8.0,483.83150256343026,391.536845816177
P07T25,Other,813.564,259.019,745.0,492.291,917.378,462.832,8.0,477.46059936480725,340.55498539541907
P07T25,Other,811.622,259.118,746.948,498.092,919.368,464.815,8.0,481.0400784857296,391.9336198987202
P07T25,Other,813.517,261.088,754.784,496.145,923.25,462.906,8.0,476.5935989446,340.87773674659417
P07T25,Other,813.54,262.99,760.619,496.167,923.249,462.892,8.0,484.2575047635174,397.42176294021675
P07T25,Other,811.59,264.983,766.545,507.849,931.081,449.206,8.0,476.75389659383626,340.59328636861324
P07T25,Other,807.678,266.946,774.362,507.939,933.0,453.048,8.0,483.46980537754,398.3085168526205
P07T25,Other,819.425,276.728,791.976,527.572,948.691,478.562,8.0,476.00136800807957,340.8751517431854
P07T25,Other,821.285,288.577,778.295,529.485,948.714,478.612,8.0,483.4215620157121,396.3563123735724
P07T25,Other,823.275,292.45,784.137,539.308,946.65,498.161,8.0,476.69537906047884,341.0279045086145
P07T25,Other,831.165,298.28,780.219,539.296,950.7,494.213,8.0,482.6219072985733,396.67528554625534
P07T25,Other,837.013,304.161,770.431,541.228,933.067,521.597,8.0,476.47810517324353,341.89599462856603
P07T25,Nose,827.293,310.029,756.741,547.097,932.972,523.559,8.0,483.403575636815,397.51409083682364
P07T25,Nose,823.243,321.807,745.026,556.844,921.3,539.287,9.0,476.2998612745755,341.5187672540175
P07T25,Other,811.555,329.652,737.145,556.988,903.691,547.102,10.0,483.20228998997317,398.03695115020207
P07T25,Other,803.78,335.507,727.397,564.75,893.872,554.857,10.0,476.7193471115798,343.7330657944383
P07T25,Other,792.038,337.542,715.559,564.742,887.985,556.89,10.0,482.9622567019959,397.84202651713906
P07T25,Other,782.168,325.715,701.849,543.165,872.294,545.174,9.0,476.57101059717013,344.65649685863264
P07T25,Other,789.996,321.717,692.031,539.207,872.356,541.219,8.0,483.617668849664,400.65165461159376
P07T25,Other,792.047,319.739,697.986,525.568,870.31,541.297,8.0,476.8446637303779,345.7147892332632
P07T25,Other,793.967,306.05,699.925,513.826,870.417,527.567,8.0,483.48210680072805,401.79558261934454
P07T25,Other,791.979,300.277,694.027,507.943,878.177,511.883,8.0,480.9140582510321,344.3810892329891
P07T25,Other,789.927,292.461,695.938,507.826,868.408,513.776,8.0,483.77190168516427,402.62323216941826
P07T25,Other,776.38,290.424,686.169,505.93,868.327,502.016,8.0,486.8418747906976,342.7092473307729
P07T25,Other,766.512,290.43,676.376,505.898,848.823,509.854,8.0,487.51870784883573,403.69161245553187
P07T25,Other,756.695,290.402,664.643,505.905,839.107,505.917,8.0,492.85712902711066,405.2926133454739
P07T25,Other,742.923,290.504,650.947,505.932,827.273,505.885,8.0,484.60528782059146,345.89360546250606
P07T25,LElbow,697.895,302.139,615.632,517.675,793.963,509.862,8.0,484.8270610881144,407.83202607361767
P07T25,Other,692.09,302.169,603.838,517.721,805.714,507.94,8.0,490.56751172238717,349.84355689302663
P07T25,Other,686.165,298.27,588.3,513.769,819.427,500.098,8.0,504.5633953939063,355.9438614103035
P07T25,Other,682.241,300.197,564.703,513.83,835.039,504.021,8.0,491.13439812841534,407.47134845578864
P07T25,LElbow,680.329,300.205,547.085,515.752,837.002,505.908,8.0,505.9391302324242,355.58576320099564
P07T25,Other,680.31,296.365,539.321,515.771,842.957,507.834,8.0,511.1954168684998,411.1406322821573
P07T25,Other,682.199,298.252,525.528,521.581,854.651,509.929,8.0,502.20742640279417,355.5934731043805
P07T25,LElbow,682.289,294.349,523.51,515.744,852.708,511.87,8.0,512.8002953747714,412.26044990120437
P07T25,LElbow,684.283,290.56,533.354,509.841,850.779,507.869,8.0,502.66848399282685,355.5559683724084
P07T25,LElbow,688.184,290.41,556.884,496.205,829.208,500.069,8.0,508.94283195659466,412.60929265232596
P07T25,Other,711.709,272.717,660.722,484.379,776.266,468.711,8.0,502.8052830829946,355.94359389873085
P07T25,Other,711.565,272.708,647.021,496.222,782.199,492.164,8.0,509.2933386785087,411.9774451798104
P07T25,LKnee,701.885,274.853,633.342,521.621,792.032,507.948,8.0,503.8084984689708,356.23334666446294
P07T25,RKnee,697.873,290.481,619.524,545.13,801.784,554.896,8.0,510.25073711336995,411.02637307538913
P07T25,Other,694.013,310.076,603.854,586.25,807.642,586.313,8.0,502.82606320770765,357.5069380950241
P07T25,RKnee,686.219,333.477,586.311,611.75,813.534,603.974,8.0,503.27475002000756,357.1946019598477
P07T25,MidHip,682.388,353.128,572.503,619.536,821.456,615.659,10.0,509.9360586347567,412.75578319041654
P07T25,Other,684.242,372.703,564.692,621.544,825.321,619.611,10.0,512.5220885465463,411.15649522075347
P07T25,Other,686.207,398.1,552.957,621.579,831.172,629.369,10.0,503.9187170097688,356.8107473842617
P07T25,Other,688.188,415.832,553.004,631.37,835.033,633.263,10.0,510.40293938994705,411.2267506618847
P07T25,Other,694.06,431.537,547.072,623.531,839.002,633.214,10.0,504.6963599901101,359.2112709360615
P07T25,Other,698.036,443.232,550.992,619.563,844.86,629.403,10.0,504.0816031669717,359.7282860854982
P07T25,Other,698.001,441.304,551.03,619.625,839.103,625.451,10.0,510.63753889001896,414.48097753896474
P07T25,Other,696.002,439.319,545.13,619.613,836.985,619.634,10.0,509.7163278016307,413.5361016910835
P07T25,Other,690.124,437.366,543.17,619.6,836.974,625.479,10.0,503.7359902350944,360.2269134942112
P07T25,Other,682.223,437.415,547.128,619.577,825.261,641.121,10.0,510.39899824959747,415.0688633151174
P07T25,Other,676.357,445.205,552.992,639.176,809.637,650.975,10.0,503.6048700006279,358.611366335987
P07T25,Other,664.722,449.169,549.048,656.807,805.66,662.701,10.0,503.3292854406605,356.5424982931861
P07T25,Other,660.67,456.956,547.114,676.382,790.035,670.513,10.0,510.16382761008026,413.5334765031702
P07T25,Other,651.011,458.906,539.252,664.627,780.246,682.269,10.0,503.1507708902568,356.13317438568373
P07T25,Other,648.932,460.813,541.158,686.233,774.333,695.983,10.0,509.3629821508257,409.72177110213
P07T25,Other,643.113,460.862,541.134,694.021,762.601,693.993,10.0,503.3165476607423,356.72921168583804
P07T25,Other,633.191,460.917,533.411,688.129,729.377,692.088,10.0,508.90095008219055,411.6395854017203
P07T25,Other,621.517,456.986,525.602,668.544,713.668,680.358,10.0,502.97156274614883,357.5856960383321
P07T25,Other,619.542,449.182,525.524,666.549,711.554,670.536,10.0,509.60502258005624,410.4056940920218
P07T25,Other,617.688,445.304,525.491,666.55,709.646,664.692,10.0,503.24218676554045,359.053808903902
P07T25,Other,617.519,441.308,523.58,650.909,701.854,660.715,10.0,509.312035515435,411.88813908776757
P07T25,Other,611.718,431.47,521.605,637.257,698.054,656.833,10.0,502.19461252455073,360.00372665781146
P07T25,Other,604.003,425.62,509.936,633.339,698.008,652.923,10.0,509.8440995348584,414.14851252757876
P07T25,Other,601.989,419.769,507.966,633.301,698.011,658.78,10.0,503.10728459670736,358.0800015771815
P07T25,Other,599.964,423.629,505.959,635.238,709.692,652.928,10.0,508.9208251857935,415.7809295198982
P07T25,Other,603.842,423.649,507.978,658.765,729.333,658.769,10.0,501.79359567278186,357.52736167290755
P07T25,Other,605.889,417.833,509.853,652.931,741.078,662.64,10.0,509.5582872473934,412.3228357699416
P07T25,Other,609.77,415.925,509.942,652.89,746.908,660.739,10.0,501.44639368615606,357.6279931128872
P07T25,Other,611.709,415.769,509.955,647.011,756.657,652.913,10.0,507.8248844678957,411.21402124259004
P07T25,Other,613.689,413.855,509.921,639.168,758.64,654.89,10.0,501.48103644767116,357.05118494975204
P07T25,Other,613.709,413.792,509.907,635.284,760.632,649.04,10.0,501.5446411437772,357.0294690313972
P07T25,Other,613.683,413.776,507.972,633.266,762.602,650.972,10.0,507.84960236501695,410.1477348692273
P07T25,Other,613.664,411.937,507.929,631.359,764.536,650.953,10.0,506.5883341382722,410.8756283340065
P07T25,Other,611.769,411.834,509.967,635.305,766.534,650.958,10.0,498.9963555948739,356.60870808727225
P07T25,Other,611.744,409.945,517.699,643.058,764.555,652.873,10.0,505.31047047975323,409.8053790787935
P07T25,Other,609.768,404.078,523.638,646.974,758.632,652.934,10.0,500.2025568223802,356.6666692388819
P07T25,Other,607.831,402.171,525.462,645.019,747.005,652.892,10.0,499.31670195760347,356.6690079436986
P07T25,Other,607.812,402.104,525.606,637.254,743.084,652.953,10.0,498.7193895761117,355.80194403577013
P07T25,Other,605.895,400.099,527.515,623.486,729.219,649.027,10.0,498.35621438949534,355.9433209972747
P07T25,Other,605.873,398.203,527.555,621.59,723.403,646.979,10.0,498.20841663831584,355.3502824872815
P07T25,Other,605.939,398.153,523.532,611.754,713.687,648.978,10.0,504.2309467479025,406.4640508422421
P07T25,Other,607.804,398.151,529.479,623.486,707.748,650.959,10.0,498.1254798617681,357.621816025454
P07T25,Other,607.836,398.183,523.601,617.633,699.931,648.933,10.0,497.2009283496649,357.5918029398231
P07T25,Other,609.763,398.197,525.564,619.656,698.011,648.928,10.0,497.3755675662619,357.7668665122633
P07T25,Other,611.769,400.114,515.752,603.992,699.948,650.865,10.0,496.8735114261757,357.89127031979183
P07T25,Other,615.602,400.091,519.648,617.584,711.599,651.022,10.0,497.00051429151387,357.4983850940254
P07T25,Other,615.69,398.251,523.594,623.484,715.569,652.865,10.0,496.4836846194645,358.1095303448349
P07T25,Other,617.552,398.195,523.489,617.567,727.309,648.984,10.0,496.11038375570564,358.5827900819569
P07T25,Other,617.584,398.123,521.596,613.723,731.3,648.976,10.0,496.57221628819525,359.954646627448
P07T25,Other,617.654,396.19,519.7,607.813,743.041,649.026,10.0,502.6041546387621,410.20214291947724
P07T25,Other,619.537,394.252,523.616,619.575,748.88,648.895,10.0,497.2424584637729,361.6721921367602
P07T25,Other,619.545,394.236,523.622,619.531,758.574,645.032,10.0,503.4317242301621,412.763146789049
P07T25,Other,619.497,394.248,525.503,625.447,760.746,643.117,10.0,504.17196326206613,413.5332032650133
P07T25,Other,617.647,394.317,523.566,619.631,762.641,639.184,10.0,497.995788681898,363.35024845143386
P07T25,Other,611.731,394.282,525.498,627.433,758.589,637.211,10.0,504.276391263602,415.21532651759986
P07T25,Other,609.781,394.291,525.465,627.399,746.903,643.058,10.0,498.8616010309144,364.1804596484501
P07T25,Other,607.846,394.26,525.516,629.399,742.896,646.97,10.0,505.00641393826027,415.4507280387041
P07T25,Other,607.804,394.301,525.508,629.388,731.3,648.906,10.0,497.9823480596324,365.47975805937466
P07T25,Other,605.936,398.193,523.644,633.23,719.506,650.883,10.0,504.1985979877021,417.07583269688047
P07T25,Other,607.83,398.244,523.568,631.349,713.54,652.854,10.0,498.61278163576264,366.6032376529475
P07T25,Other,607.871,398.251,517.721,623.526,709.649,658.74,10.0,504.7692014159052,417.2515004284195
P07T25,Other,607.834,398.23,519.648,627.405,705.751,652.932,10.0,500.4002493074971,366.65793704356054
P07T25,Other,605.89,398.172,515.746,631.342,699.903,658.744,10.0,506.4963257657224,417.3514442163027
P07T25,Other,603.96,398.149,511.816,633.248,703.862,656.826,10.0,500.75052222526836,367.380720326401
P07T25,Other,603.924,398.105,509.95,635.267,711.581,650.963,10.0,506.97319138390765,418.8498992950118
P07T25,Other,603.867,396.203,509.894,635.216,713.567,650.92,10.0,501.13791893674465,369.17754808532715
P07T25,Other,602.004,396.19,509.801,635.313,713.712,648.897,10.0,507.45261557269237,421.07215404247853
P07T25,Other,601.903,394.298,509.825,637.201,721.461,648.976,10.0,503.18785083534146,368.7808272212656
P07T25,Other,600.008,394.29,509.843,635.264,725.327,649.001,10.0,509.3101837218553,419.7298087334996
P07T25,Other,598.067,394.293,509.879,633.314,727.402,649.02,10.0,504.32586522473656,369.0368780939152
P07T25,Other,598.005,396.178,511.826,633.302,729.36,648.991,10.0,510.43218066251325,420.0921789740487
P07T25,Other,592.152,398.159,513.826,631.331,727.397,652.897,10.0,505.4502061465663,369.96571402132327
P07T25,Other,590.211,398.14,517.733,633.273,725.406,652.887,10.0,511.72842139691005,421.77567765428995
P07T25,Other,588.35,398.234,521.571,635.229,723.386,652.893,10.0,506.05956376478736,370.20801920382354
P07T25,Other,588.336,398.275,519.69,633.358,715.619,658.756,10.0,512.4029312646541,422.46313318004763
P07T25,Other,590.171,398.29,517.696,635.252,713.6,656.8,10.0,507.48958102218154,369.60683559164596
P07T25,Other,590.176,400.09,519.691,635.255,711.571,656.827,10.0,513.7100552284253,421.06953119584915
P07T25,Other,590.197,400.092,517.741,635.276,703.819,658.742,10.0,508.94418941823403,368.72060166602546
P07T25,Other,590.232,400.082,515.725,631.369,699.957,654.854,10.0,510.8076975117964,368.6316336065861
P07T25,Other,592.124,398.287,509.918,625.439,697.997,654.871,10.0,510.7107209057414,368.19895558617617
P07T25,Other,592.163,400.072,509.957,633.258,697.912,662.686,10.0,511.21595716397746,367.65803360831956
P07T25,Other,592.146,398.233,509.926,633.226,697.925,660.721,10.0,511.318545736037,366.378171324618
P07T25,Other,592.164,398.197,509.79,629.4,697.913,656.84,10.0,511.86053762347797,366.09826756512973
P07T25,Other,592.15,398.171,509.87,633.246,698.031,658.792,10.0,512.6543352498187,365.68678200385705
P07T25,Other,594.113,396.278,508.005,633.25,699.916,654.873,10.0,514.6955352969879,365.6012291404609
P07T25,Other,596.052,396.193,507.994,625.469,705.767,652.905,10.0,515.0753747340926,364.63050697811946
P07T25,Other,596.072,394.272,509.797,625.456,709.727,656.791,10.0,514.9328772031417,363.48806934899125
P07T25,Other,596.101,394.231,509.821,625.487,711.604,652.875,10.0,514.8840730849652,362.55249843386594
P07T25,Other,597.988,390.378,509.885,625.484,711.69,652.928,10.0,514.9488501614926,362.0210283382513
P07T25,Other,598.033,388.441,509.975,623.505,713.565,650.961,10.0,514.7332189442543,360.32657728296215
P07T25,Other,598.034,386.444,511.877,627.406,713.581,648.984,10.0,513.9843326965665,359.3293516976418
P07T25,Other,596.082,384.594,509.942,619.583,711.731,650.939,10.0,514.1550232251604,357.5536249921931
P07T25,Other,596.076,384.587,511.815,623.486,711.704,648.937,10.0,514.200831189187,357.39618765569816
P07T25,Other,596.08,384.512,509.907,619.565,711.624,648.903,10.0,514.5271970036081,354.3064923879642
P07T25,Other,596.086,384.48,509.911,621.51,711.614,647.021,10.0,512.0386949317233,353.46707845751587
P07T25,Other,596.067,384.479,509.906,619.671,707.703,648.96,10.0,511.94108131177563,357.40007621543054
P07T25,Other,596.057,384.499,508.002,619.597,707.76,648.899,10.0,511.375930230715,357.0724545916572
P07T25,Other,596.066,384.541,507.922,619.53,703.827,648.916,10.0,508.71493968620814,368.45408243128315
P07T25,Other,596.073,386.416,507.838,617.646,703.837,650.867,10.0,505.60102835535474,376.28944335351696
P07T25,Other,594.154,386.454,507.812,619.575,703.856,648.989,10.0,530.791295965315,433.90317124345654
P07T25,Other,594.097,386.47,505.894,617.616,703.839,648.982,10.0,518.414662294519,321.5930800482838
P07T25,Other,592.166,386.475,504.025,617.641,703.804,648.929,10.0,530.8084853229782,442.3612461059597
P07T25,Other,592.162,388.43,498.129,603.898,711.716,647.045,10.0,524.0248417197507,331.2249983090584
P07T25,Other,590.274,388.434,507.823,617.637,713.563,645.022,10.0,524.1627867566933,451.6837944662783
P07T25,Other,592.149,390.406,507.912,619.63,713.555,645.083,10.0,529.6706474841274,340.99771679757976
P07T25,Other,592.18,394.278,509.794,623.507,715.571,643.079,10.0,526.1602354827014,460.1280693531202
P07T25,Other,594.099,396.255,509.838,623.525,715.656,643.12,10.0,521.9759285495529,375.09280589161534
P07T25,Other,594.12,400.13,509.962,627.394,723.406,645.065,10.0,527.5165219754244,468.75285486895007
P07T25,Other,594.155,402.129,509.949,625.45,723.398,643.111,10.0,551.6943650932507,388.41342445606404
P07T25,Other,598.042,409.94,509.897,621.57,725.36,641.125,10.0,517.7518061455933,343.3829540535611
P07T25,Other,601.836,413.858,511.892,631.366,725.38,648.952,10.0,528.8999088227033,477.4931716654946
P07T25,Other,602.034,415.894,517.742,633.322,727.371,647.041,10.0,542.0821169451831,386.60608881942846
P07T25,Other,604.012,419.749,519.667,635.195,729.31,648.92,10.0,592.2676596207093,381.64856313267137
P07T25,Other,615.68,431.555,523.518,633.245,731.251,650.914,10.0,566.1647894310054,393.0229647483439
P07T25,Other,619.548,435.466,523.676,635.265,733.25,648.931,10.0,549.2318269519087,420.0444549331756
P07T25,Other,635.229,441.322,541.151,637.205,752.827,643.117,10.0,572.5970319610278,395.57542333008814
P07T25,Other,639.216,437.398,543.228,635.244,758.685,645.011,10.0,561.2053662915094,416.6443265296649
P07T25,Other,646.973,431.571,552.937,633.29,762.643,637.26,10.0,525.5496154783423,278.5220433311441
P07T25,Other,654.824,413.908,564.689,629.372,788.011,633.314,10.0,560.2011226447803,407.86802644290924
P07T25,Neck,658.731,359.038,558.923,599.96,807.717,607.844,8.0,540.0008203426427,317.03378195930793
P07T25,Neck,654.843,333.539,555.009,586.323,811.593,590.177,8.0,517.5117323193592,376.5036853660757
P07T25,Neck,650.972,304.113,543.219,556.931,817.491,570.64,8.0,514.8830180082387,372.616267788667
P07T25,Neck,648.943,272.852,529.478,523.638,821.39,545.159,8.0,508.3074633705775,382.62349388145464
P07T25,Neck,645.023,243.457,519.646,494.169,823.359,527.475,8.0,538.7549715347773,334.1029511903982
P07T25,MidHip,635.34,221.883,507.975,466.815,825.256,511.803,8.0,514.8689131765194,365.922803566868
P07T25,Neck,631.341,204.235,505.909,460.893,827.301,494.29,8.0,541.2051660658207,325.77425454653553
P07T25,Neck,623.516,184.706,480.532,396.236,837.042,490.29,8.0,538.3312269509128,357.67949106744265
P07T25,Neck,621.621,170.929,488.288,400.153,842.912,494.148,8.0,540.6574598328771,324.64513786862153
P07T25,Neck,625.497,163.099,0.0,0.0,852.781,482.464,9.0,537.0747777579234,355.86235581509317
P07T25,Neck,631.327,149.459,492.256,357.073,856.676,484.435,8.0,542.3045345603554,321.26751629071856
P07T25,Neck,635.354,145.474,503.994,378.617,868.322,484.409,8.0,541.6556731927769,354.8335835076199
P07T25,Neck,637.227,137.613,462.877,276.785,868.378,494.24,7.0,543.0184760047113,318.6833873953705
P07T25,Neck,635.28,131.796,458.92,272.746,872.285,509.923,6.0,541.2059483087352,354.40173889151356
P07T25,Neck,637.262,131.722,472.638,396.214,870.33,525.546,6.0,541.8659081165008,315.58106304415384
P07T25,Neck,637.274,131.731,470.711,319.858,872.347,523.626,6.0,543.2008570359282,352.39027580450244
P07T25,Neck,635.345,131.77,470.688,382.498,884.054,507.933,4.0,542.2537357546328,315.0092530422085
P07T25,Neck,633.256,129.74,474.57,378.628,886.019,500.079,5.0,544.1163975003936,350.886737402302
P07T25,Neck,621.557,122.002,460.933,384.469,886.068,507.939,4.0,542.2539015312809,313.75477584420446
P07T25,Neck,619.536,116.138,0.0,0.0,891.925,517.726,6.0,544.4939154420218,351.08929428110906
P07T25,Neck,621.505,116.046,451.098,288.507,917.323,521.599,4.0,542.0623576484529,310.5207874347954
P07T25,Neck,635.191,116.021,500.096,366.844,929.141,539.248,4.0,542.782388565213,346.57013197713155
P07T25,Neck,650.904,120.027,445.239,425.627,937.003,527.546,4.0,541.8423847183511,310.45598438449787
P07T25,Neck,666.558,131.748,453.086,419.773,948.78,543.183,4.0,543.5168869022067,347.3178472938462
P07T25,Neck,682.309,141.536,552.931,333.543,944.789,572.53,4.0,540.4684539908301,306.91008620482626
P07T25,Neck,701.882,149.454,460.918,411.92,952.628,564.711,4.0,543.2076912822051,347.03360908313607
P07T25,MidHip,727.339,161.132,480.517,415.907,968.286,564.737,5.0,540.4154508565113,304.7095974186202
P07T25,LElbow,752.827,165.0,494.231,421.73,976.138,564.751,9.0,543.1349491220981,343.73027597413306
P07T25,LElbow,774.416,174.845,0.0,0.0,984.011,560.815,10.0,540.66660696175,303.0651965824341
P07T25,Neck,793.93,180.778,656.82,349.23,987.886,572.603,9.0,543.099658064925,343.93400825717623
P07T25,Neck,805.768,184.654,686.194,353.142,991.847,549.055,9.0,540.3097205363566,301.0671753169019
P07T25,Neck,813.52,192.499,670.544,390.349,995.788,539.27,9.0,541.4906185240634,340.01361783631035
P07T25,LElbow,823.318,196.357,690.112,398.225,997.686,533.364,9.0,539.7641828913255,298.89956733146533
P07T25,Other,829.197,198.348,699.909,400.191,991.783,527.513,10.0,541.3381484545337,337.13136413771804
P07T25,Other,833.081,210.19,697.964,415.845,985.926,517.719,9.0,539.7212939552846,297.77703792376747
P07T25,LElbow,831.183,221.852,696.01,437.389,983.992,523.618,10.0,541.6464359992148,336.0852742169719
P07T25,LElbow,833.154,229.702,707.722,441.271,985.969,531.412,10.0,538.9593016738763,296.40117607479283
P07T25,Neck,837.07,243.426,701.877,449.12,993.728,535.33,10.0,541.2739455961816,333.6348773042387
P07T25,Neck,842.937,249.301,709.679,449.118,991.823,551.019,10.0,540.9140790410775,332.89227416390304
P07T25,Neck,852.681,259.072,699.92,460.835,997.687,568.658,8.0,539.1312987906967,294.59865938369063
P07T25,Neck,866.451,272.767,713.658,458.959,999.68,568.665,9.0,538.5762897667408,330.2235863477585
P07T25,Neck,870.435,276.744,729.278,451.115,1003.58,599.95,10.0,538.6816537267986,294.39563139219445
P07T25,Neck,876.221,280.667,737.15,460.934,1013.34,619.614,6.0,540.0698438802117,330.2222744629516
P07T25,Neck,868.369,276.748,733.225,464.8,1009.5,635.23,6.0,537.6206533393974,292.13553545139
P07T25,Neck,852.662,274.842,709.685,476.551,1009.51,617.629,6.0,540.1930958289346,327.53282802896393
P07T25,Neck,835.098,276.797,686.191,480.502,1011.44,601.974,5.0,536.9668969338037,291.8056234668236
P07T25,Nose,821.437,282.585,652.899,492.27,1013.39,607.821,7.0,539.9626244877652,328.5527475066637
P07T25,Neck,815.498,278.732,674.438,490.293,1013.39,601.966,5.0,536.6797651133752,289.79820137775266
P07T25,Nose,807.704,278.692,652.871,492.275,1013.41,607.85,5.0,538.8822053254002,325.76138087367815
P07T25,Nose,805.682,284.596,625.453,507.899,1019.27,621.569,6.0,537.4704472184551,287.81949866605385
P07T25,Nose,790.025,272.751,629.382,494.241,1029.03,603.939,10.0,538.2542799441308,325.55140092512295
P07T25,Nose,776.368,263.055,637.219,494.156,1034.92,601.945,10.0,536.3420260220759,286.2559782744609
P07T25,Nose,774.361,268.923,601.964,494.211,1048.62,617.58,10.0,536.9470360247703,325.2415465627636
P07T25,Nose,772.429,274.745,623.5,496.202,1058.47,631.32,10.0,535.4157406611008,285.1713258253818
P07T25,Nose,774.266,276.73,596.067,492.225,1083.91,678.35,11.0,538.05068959778,323.0783471926171
P07T25,Nose,780.23,286.492,588.188,492.261,0.0,0.0,10.0,534.2021297427866,283.9187525579055
P07T25,Nose,793.915,286.485,603.891,494.228,1072.15,680.327,6.0,533.5210222552699,283.34654814527244
P07T25,Neck,805.752,255.189,601.972,476.582,0.0,0.0,10.0,538.0359606368357,322.011754916016
P07T25,Neck,811.547,214.037,635.255,468.746,0.0,0.0,9.0,532.8174232928942,282.45276383687377
P07T25,Neck,821.443,204.258,672.492,507.909,1056.45,635.234,6.0,537.0719420306486,323.1061105297673
P07T25,Neck,821.431,190.557,664.66,496.142,0.0,0.0,5.0,533.5415501896856,280.94507449842376
P07T25,Neck,819.371,165.06,658.785,443.25,997.71,670.512,5.0,532.0547216673422,279.7283802508487
P07T25,Neck,811.589,139.606,621.542,394.272,1001.62,650.935,8.0,534.6996335826489,320.60562837621006
P07T25,LElbow,805.713,118.064,609.825,384.506,946.747,590.255,8.0,534.2053853009311,319.64044662886414
P07T25,Neck,790.1,104.358,588.264,374.731,917.425,554.899,8.0,531.442319480085,279.5342381615396
P07T25,LElbow,778.321,102.434,598.043,413.919,884.04,568.641,8.0,530.7672739975717,278.7469905931954
P07T25,LElbow,772.403,102.407,586.236,411.871,882.125,541.195,8.0,532.5459608136435,317.3126049464504
P07T25,LElbow,760.657,102.371,584.296,380.564,884.073,539.238,4.0,533.0851601176813,319.63817551376235
P07T25,LElbow,756.754,102.392,574.561,370.813,897.798,533.393,4.0,530.3206759945737,275.9887506071912
P07T25,LElbow,747.003,114.07,570.548,368.887,917.451,523.631,9.0,533.369877251526,318.0664746533963
P07T25,LElbow,744.898,129.763,586.328,425.618,935.025,519.666,9.0,529.6655701439695,275.1877474599364
P07T25,LElbow,735.148,139.621,586.204,429.565,960.452,525.507,4.0,532.583559916021,316.76682988085986
P07T25,LElbow,727.294,147.465,584.341,433.498,966.366,515.768,4.0,529.6719600479433,273.3809201372046
P07T25,Neck,723.4,161.072,592.139,417.807,978.113,519.661,8.0,532.0241694061236,316.6795535790332
P07T25,LElbow,723.385,178.754,588.292,447.213,991.815,539.29,8.0,531.031027301347,271.65883171533426
P07T25,MidHip,719.516,196.495,574.574,431.525,0.0,0.0,7.0,531.9412513471135,314.98587257397804
P07T25,Neck,719.505,217.964,570.604,453.073,1042.76,556.937,9.0,530.8288589874305,270.63565470834544
P07T25,MidHip,723.4,255.179,560.851,523.56,0.0,0.0,11.0,533.1643240868002,313.016752654705
P07T25,LElbow,715.64,259.13,603.925,498.117,884.092,460.864,9.0,531.2085041837782,271.1018729463984
P07T25,MidHip,715.596,272.767,552.946,588.281,997.699,441.292,9.0,533.00941000317,312.887608174842
P07T25,Neck,723.422,280.624,549.052,552.967,925.202,525.502,10.0,531.04794023376,270.187944252973
P07T25,MidHip,729.321,296.322,533.4,558.821,980.053,541.247,9.0,533.000682488125,269.26023624114225
P07T25,MidHip,741.012,310.014,541.185,570.619,0.0,0.0,11.0,533.5464465254174,314.17212639292575
P07T25,Nose,746.954,323.743,572.603,607.842,980.086,574.517,10.0,532.7469525671055,268.0991618869805
P07T25,Nose,764.602,337.477,566.703,621.572,1095.64,572.595,10.0,535.6359934106175,314.4651376056411
P07T25,Nose,790.089,351.173,576.509,637.186,1101.51,552.932,11.0,533.4828494592687,268.0364809700951
P07T25,Nose,821.4,357.1,596.086,635.269,1126.99,560.829,11.0,536.0706721553464,313.2061215850389
P07T25,Nose,854.596,357.086,588.241,639.158,1132.87,470.719,11.0,534.4477617160603,266.74247649918993
P07T25,Nose,886.05,353.224,568.649,641.152,1089.75,523.61,11.0,537.4929664843513,316.2472443987308
P07T25,Neck,913.385,341.41,590.247,648.941,0.0,0.0,15.0,535.0442205589853,266.8084360445479
P07T25,Neck,919.402,323.767,660.724,645.067,1097.63,684.222,14.0,537.5804631734342,312.21846827774675
P07T25,Neck,915.47,274.831,748.889,566.662,1089.74,462.875,11.0,534.9736287377076,265.6835644667011
P07T25,Neck,915.348,257.075,842.926,588.231,0.0,0.0,13.0,537.6496916207676,312.80705765575595
P07T25,Neck,903.624,243.463,741.048,554.86,1117.15,394.271,11.0,535.8808865571765,265.8662128484245
P07T25,MidHip,889.936,241.416,727.294,523.534,1105.43,404.115,11.0,537.723306482668,313.1520757966713
P07T25,LElbow,874.262,243.454,715.622,507.931,1074.06,380.568,11.0,536.7236185546783,265.3639626378675
P07T25,Neck,856.711,259.038,713.62,509.821,1040.81,476.573,10.0,539.4554150202243,312.66713218002116
P07T25,LElbow,844.92,259.148,705.789,509.887,1074.15,437.378,10.0,537.3333154589925,265.9200718383548
P07T25,MidHip,837.12,261.055,717.53,480.495,1074.05,441.306,10.0,540.1232532275093,313.6948195177436
P07T25,LElbow,838.991,261.125,727.374,460.875,1056.48,388.403,10.0,538.0289977620643,265.2263958207121
P07T25,MidHip,848.834,272.845,748.888,443.217,1031.03,382.526,10.0,540.9743652554553,313.9993994070463
P07T25,Neck,854.66,286.556,0.0,0.0,1058.49,574.526,11.0,537.9641033299192,264.2795296114803
P07T25,Neck,862.525,306.043,695.985,523.562,1015.34,476.534,10.0,540.9135742829236,313.5266856428022
P07T25,Neck,860.541,292.425,697.969,507.957,1060.4,617.546,10.0,537.971401883777,265.54691004629814
P07T25,Neck,852.681,284.533,705.791,503.972,993.795,460.84,9.0,541.1120086872451,316.08571134459345
P07T25,Neck,852.716,290.492,707.77,513.777,1072.17,558.845,9.0,539.9290864513789,263.60182876477427
P07T25,MidHip,852.638,304.101,672.495,552.976,0.0,0.0,10.0,540.9717901985139,263.5631612134285
P07T25,Neck,848.794,306.199,680.287,570.641,1072.11,619.607,10.0,544.0203348430177,314.6357322193018
P07T25,Neck,852.645,308.09,705.783,558.88,1060.41,637.225,10.0,545.3787693952702,316.89008221696406
P07T25,Neck,852.743,308.152,666.59,570.651,1074.08,648.979,10.0,542.7294300620773,264.29332645278464
P07T25,RElbow,1187.75,272.763,1177.96,337.545,1197.59,339.485,0.0,545.7761749467751,316.62328336078986
P07T25,RElbow,1179.92,268.895,1164.2,337.406,1185.82,337.537,1.0,544.2145950699646,266.79303028336204
P07T25,RElbow,1162.24,259.141,1154.46,335.439,1177.95,335.565,0.0,545.5174763070718,267.95573698288695
P07T25,Neck,827.295,300.25,627.425,592.198,0.0,0.0,14.0,548.4148332994296,318.0928130704249
P07T25,RElbow,1142.71,257.158,1136.75,327.673,1154.46,333.51,0.0,546.3187064829943,270.98779807812963
P07T25,MidHip,1134.73,257.183,1132.84,323.837,1152.44,323.751,0.0,549.4962478563722,322.33450349357724
P07T25,Neck,797.894,292.466,625.484,525.559,1056.45,560.852,10.0,548.0901118701406,272.6888002252481
P07T25,RKnee,1044.71,212.175,1050.56,290.401,1072.07,288.543,0.0,551.3628843673356,326.05111599092083
P07T25,Neck,807.663,321.729,617.588,558.88,1076.08,699.89,13.0,549.2592563272053,276.8033438068994
P07T25,LKnee,1197.44,292.413,1189.66,353.058,1201.41,353.113,10.0,552.8750543098856,331.003668342482
P07T25,RElbow,1168.16,300.235,1162.24,353.195,1179.86,355.132,11.0,550.0203293749122,276.8891072470851
P07T25,Neck,817.474,329.616,633.322,588.24,1007.5,715.597,11.0,553.5875363141025,331.38388714910155
P07T25,MidHip,1101.48,306.047,1087.84,366.781,1113.3,366.846,10.0,557.1919496413789,333.0050421218217
P07T25,MidHip,1064.32,306.122,1046.67,364.914,1078.02,366.925,11.0,554.5470713858404,278.81884935600226
P07T25,Neck,819.41,323.804,682.263,603.952,0.0,0.0,14.0,561.1352500349094,335.84193256030807
P07T25,RElbow,1013.41,292.438,999.635,353.178,1027.09,353.213,11.0,557.173940628196,279.9344641302352
P07T25,Neck,823.28,306.057,641.139,609.799,993.804,699.933,13.0,556.957022281084,280.81305510140555
P07T25,MidHip,989.891,284.574,976.147,341.394,1007.47,341.401,11.0,558.1597880902546,336.41044471819487
P07T25,MidHip,980.064,274.798,966.372,337.553,993.789,337.529,11.0,560.0247429977087,283.1240268527558
P07T25,MidHip,980.048,272.751,966.379,335.578,995.684,335.557,11.0,560.7420945654077,339.27053802188607
P07T25,MidHip,980.118,270.805,962.42,335.499,995.729,335.478,11.0,562.6858586704974,286.9226815368443
P07T25,MidHip,980.127,272.8,0.0,0.0,987.893,337.53,12.0,563.9388176676746,341.5561438568257
P07T25,MidHip,972.257,274.756,0.0,0.0,978.104,335.455,12.0,565.4627691185015,287.3831412000635
P07T25,Neck,850.698,300.21,650.922,611.754,1056.42,609.784,12.0,566.7343998642418,346.8607647204325
P07T25,LElbow,874.241,310.059,605.878,615.687,1083.88,635.283,13.0,566.6826504624811,289.4144151433061
P07T25,LElbow,933.046,321.779,764.56,650.923,0.0,0.0,15.0,570.5964443632001,347.4539593492274
P07T25,Other,1038.85,317.911,795.91,635.266,1230.82,682.281,13.0,570.4055714264057,292.3802191104718
P07T25,LElbow,1105.38,284.576,966.348,619.582,0.0,0.0,15.0,574.8726973516328,351.0957546328866
P07T25,LElbow,1123.11,229.687,880.149,572.523,0.0,0.0,12.0,572.663401650811,295.00751280530295
P07T25,LElbow,1115.23,194.458,866.438,531.417,1199.47,658.762,9.0,576.5616134809919,353.31035692074664
P07T25,LElbow,1087.74,161.125,844.897,492.266,1166.12,643.117,10.0,577.0416949861531,298.43209125488545
P07T25,LElbow,1062.38,198.368,909.525,523.583,1154.45,503.988,12.0,580.8764683465221,356.2406928662323
P07T25,LElbow,1074.2,210.177,788.056,505.941,1119.13,543.179,12.0,578.0442343752101,300.0783691827517
P07T25,Neck,1074.13,212.068,750.847,527.494,0.0,0.0,13.0,582.05545449883,360.9534325306539
P07T25,Neck,1062.39,225.782,711.657,566.675,0.0,0.0,15.0,581.0849987492065,299.42800094398183
P07T25,Neck,1056.38,253.255,772.419,633.31,0.0,0.0,15.0,584.5191446821391,357.0776699436658
P07T25,Other,1060.38,272.81,699.913,648.956,1230.86,701.863,14.0,583.1429429873522,297.78186471048645
P07T25,Other,1058.49,290.447,0.0,0.0,0.0,0.0,17.0,583.625116704504,300.94069138097973
P07T25,Other,1058.4,308.099,0.0,0.0,0.0,0.0,17.0,586.1419776842548,352.3836461744431
P07T25,Other,1056.53,335.52,0.0,0.0,0.0,0.0,16.0,578.1168802181852,279.75240147060344
P07T25,Other,1062.31,374.69,0.0,0.0,0.0,0.0,16.0,589.7708643519511,380.250270623343
P07T25,LKnee,694.046,270.837,674.413,321.8,690.123,323.723,5.0,576.6664459684904,285.9952308180734
P07T25,LKnee,668.594,241.503,652.938,290.492,668.579,294.406,4.0,592.3227695078366,385.6531386962355
P07T25,Other,962.475,353.133,0.0,0.0,0.0,0.0,16.0,553.5605670667467,280.0585044529075
P07T25,Neck,1042.8,355.134,0.0,0.0,0.0,0.0,16.0,592.0368808094703,366.69128541089884
P07T25,LKnee,839.018,257.193,821.353,323.743,854.705,323.792,3.0,152.7919777761224,681.0523691002388
P07T25,Neck,1152.45,341.367,725.4,664.644,0.0,0.0,15.0,1250.3950532027652,407.4523868845795
P07T25,Other,931.1,304.222,899.682,368.855,919.402,368.898,2.0,152.7919777761224,681.0523691002388
P07T25,Other,966.418,308.142,933.022,370.818,958.502,374.724,3.0,1250.3950532027652,407.4523868845795
P07T25,Other,1023.11,335.411,995.664,398.182,1003.6,400.1,5.0,152.7919777761224,681.0523691002388
P07T25,Other,1074.12,384.515,1042.68,443.293,1054.46,447.158,2.0,1250.3950532027652,407.4523868845795
P07T25,Other,1087.83,429.564,1046.71,480.461,1056.54,492.178,0.0,152.7919777761224,681.0523691002388
P07T25,Other,1079.97,449.156,1029.05,498.114,1044.69,511.821,4.0,1250.3950532027652,407.4523868845795
P07T25,Other,1058.45,462.933,1009.38,513.79,1025.11,527.537,10.0,152.7919777761224,681.0523691002388
P07T25,Other,1226.94,443.249,833.14,603.835,0.0,0.0,16.0,552.8011278756741,344.6346717499277
P07T25,Other,1187.72,443.261,803.755,603.914,0.0,0.0,15.0,558.5625740604918,281.4009013501687
P07T25,Other,1060.39,384.582,780.226,478.489,0.0,0.0,15.0,610.8694567134617,386.1334900505324
P07T25,Other,1080.01,411.871,788.077,476.638,0.0,0.0,14.0,691.0861304842139,270.73082641838965
P07T25,Other,1072.17,413.877,776.302,466.809,0.0,0.0,15.0,688.2040560728307,406.2916082082336
P07T25,Other,1058.5,384.556,637.241,476.572,0.0,0.0,15.0,575.6828780357472,350.6861381567653
P07T25,Other,1091.8,400.212,641.145,509.884,0.0,0.0,15.0,678.9786772077417,498.4453642684623
P07T25,Other,1103.54,433.533,615.692,560.842,0.0,0.0,14.0,577.237130728951,343.03050984446384
P07T25,Other,1064.33,386.428,578.471,566.708,1181.79,554.865,11.0,674.8990843352294,538.9492075434065
P07T25,Other,1027.09,353.136,588.289,570.637,1166.22,566.663,10.0,578.6180840610258,344.1890570385753
P07T25,Neck,1007.45,335.549,603.913,598.038,1134.82,582.365,10.0,686.5782583806175,583.0680514623622
P07T25,Neck,995.842,321.715,654.838,586.259,1123.06,609.807,10.0,608.6968090911926,566.5785568501009
P07T25,Other,993.708,306.231,678.322,592.161,1097.6,641.125,10.0,622.179987864909,311.6213603948668
P07T25,Other,989.858,306.049,695.985,600.006,1044.72,680.32,10.0,611.497096403793,312.57179357467686
P07T25,Nose,938.925,321.856,666.566,629.344,1019.24,662.679,10.0,539.4615190646301,575.142597826405
P07T25,Other,915.349,335.537,650.937,643.121,1009.48,666.562,10.0,610.3167239793073,356.86660142621764
P07T25,Other,886.081,351.099,635.282,643.079,997.677,666.578,11.0,1250.3950532027652,407.4523868845795
P07T25,Other,1034.94,382.441,0.0,0.0,1046.72,435.42,11.0,565.1973042999907,342.8990968287901
P07T25,Neck,866.446,355.071,635.33,637.223,982.01,662.674,10.0,1250.3950532027652,407.4523868845795
P07T25,Neck,856.658,351.1,645.036,621.563,989.872,666.602,11.0,152.7919777761224,681.0523691002388
P07T25,Neck,854.742,343.325,0.0,0.0,999.639,666.619,13.0,1250.3950532027652,407.4523868845795
P07T25,Neck,852.712,333.474,650.966,599.972,1011.41,674.443,11.0,152.7919777761224,681.0523691002388
P07T25,Neck,844.904,321.769,648.973,590.226,1011.38,686.208,10.0,1250.3950532027652,407.4523868845795
P07T25,Neck,838.986,315.882,651.007,570.64,1015.34,656.805,10.0,152.7919777761224,681.0523691002388
P07T25,Neck,835.044,304.094,650.928,543.202,1011.47,635.289,10.0,1250.3950532027652,407.4523868845795
P07T25,LKnee,646.98,206.207,635.282,274.711,664.627,263.0,4.0,152.7919777761224,681.0523691002388
P07T25,Neck,836.97,268.861,650.922,535.369,1068.2,586.294,10.0,1250.3950532027652,407.4523868845795
P07T25,Neck,837.048,270.845,656.818,541.269,1077.99,603.953,10.0,1250.3950532027652,407.4523868845795
P07T25,LKnee,635.193,182.697,621.601,257.185,645.048,253.212,4.0,58992.95196700703,72000.0
P07T25,Neck,838.93,264.955,633.332,578.448,0.0,0.0,11.0,1250.3950532027652,407.4523868845795
P07T25,Neck,821.452,257.068,611.75,558.876,0.0,0.0,11.0,41487.086653504186,72000.0
P07T25,LKnee,521.625,178.735,507.973,245.4,533.402,243.443,1.0,1250.3950532027652,407.4523868845795
P07T25,LKnee,494.313,182.669,488.356,257.181,507.977,251.292,1.0,11143.562430426115,31417.267828029304
P07T25,LKnee,492.205,180.675,480.498,255.113,500.088,249.31,1.0,1250.3950532027652,407.4523868845795
P07T25,LKnee,480.478,165.175,466.798,233.625,488.345,229.733,1.0,7905.0900317381465,24115.616073462515
P07T25,LKnee,457.008,139.605,443.294,210.071,462.857,206.233,1.0,1250.3950532027652,407.4523868845795
P07T25,LKnee,433.543,135.677,425.604,210.075,445.243,206.235,1.0,10142.145141831577,32484.067184666157
P07T25,LKnee,429.523,145.491,415.908,214.045,435.424,214.011,1.0,1250.3950532027652,407.4523868845795
P07T25,LKnee,429.564,143.491,415.938,214.048,435.442,212.116,1.0,14731.17557434529,48837.393972262165
P07T25,LKnee,431.571,147.352,427.589,212.169,445.125,212.13,1.0,1250.3950532027652,407.4523868845795
P07T25,LKnee,449.149,147.439,443.268,212.193,460.903,212.165,1.0,21315.062905029154,72000.0
P07T25,LKnee,449.173,139.638,443.212,210.169,462.793,210.106,1.0,1250.3950532027652,407.4523868845795
P07T25,LKnee,445.159,147.362,439.37,214.053,456.976,212.164,1.0,31443.386757326734,72000.0
P07T25,LKnee,445.258,149.468,437.363,225.769,460.789,217.971,1.0,1250.3950532027652,407.4523868845795
P07T25,LKnee,445.199,149.45,439.342,221.907,460.798,214.066,1.0,13197.366122769252,47259.22611980046
P07T25,LKnee,447.165,147.466,443.273,214.111,462.82,212.185,1.0,1250.3950532027652,407.4523868845795
P07T25,LKnee,447.172,147.453,443.299,215.972,460.978,214.059,1.0,20923.904053892005,72000.0
P07T25,LKnee,445.301,147.413,441.263,214.12,460.828,212.168,1.0,1250.3950532027652,407.4523868845795
P07T25,LKnee,413.771,149.388,404.046,225.782,427.593,217.942,1.0,63238.44855876219,72000.0
P07T25,LKnee,415.787,163.031,409.949,237.537,429.583,229.721,1.0,1250.3950532027652,407.4523868845795
P07T25,LKnee,421.733,163.107,411.922,233.622,431.527,229.719,1.0,74795.81745206485,72000.0
P07T25,LKnee,402.192,147.468,394.299,214.109,413.798,214.026,1.0,1250.3950532027652,407.4523868845795
P07T25,LKnee,398.131,129.817,384.556,198.441,400.23,196.443,1.0,128000.0,72000.0
P07T25,LKnee,400.077,118.052,386.429,194.406,406.045,192.467,1.0,1250.3950532027652,407.4523868845795
P07T25,LKnee,413.937,114.117,404.075,184.688,423.663,186.617,1.0,128000.0,72000.0
P07T25,LKnee,427.619,118.15,413.91,196.34,431.597,194.533,1.0,1250.3950532027652,407.4523868845795
P07T25,LKnee,443.27,121.935,433.524,198.357,455.042,196.329,1.0,128000.0,72000.0
P07T25,LKnee,460.866,114.074,451.126,182.776,472.601,180.761,1.0,1250.3950532027652,407.4523868845795
P07T25,LKnee,474.574,106.329,462.936,180.766,480.516,180.702,1.0,128000.0,72000.0
P07T25,LKnee,462.82,102.414,456.969,178.751,476.469,174.855,1.0,1250.3950532027652,407.4523868845795
P07T25,LKnee,458.95,100.411,451.134,168.959,470.692,167.0,1.0,128000.0,72000.0
P07T25,LKnee,447.293,98.4187,443.21,167.082,460.955,165.117,1.0,1250.3950532027652,407.4523868845795
P07T25,LKnee,441.276,94.5567,431.453,165.136,447.26,165.113,1.0,128000.0,72000.0
P07T25,LKnee,417.811,90.6489,409.972,165.123,429.611,165.016,1.0,1250.3950532027652,407.4523868845795
P07T25,LKnee,413.881,98.3926,408.025,169.003,427.609,165.153,1.0,128000.0,72000.0
P07T25,LKnee,415.791,104.371,406.046,180.826,427.57,178.867,1.0,1250.3950532027652,407.4523868845795
P07T25,LKnee,400.162,102.353,394.31,178.758,413.771,172.937,1.0,128000.0,72000.0
P07T25,LKnee,402.124,102.379,398.134,180.706,415.87,178.857,1.0,1250.3950532027652,407.4523868845795
P07T25,LKnee,413.915,114.169,406.018,194.39,427.582,182.78,1.0,128000.0,72000.0
P07T25,LKnee,417.791,118.15,411.898,198.414,431.54,196.47,1.0,1250.3950532027652,407.4523868845795
P07T25,LKnee,429.447,131.711,415.852,210.17,441.27,206.23,1.0,128000.0,72000.0
P07T25,LKnee,445.158,133.764,433.499,214.076,458.877,212.165,1.0,1250.3950532027652,407.4523868845795
P07T25,LKnee,474.623,139.604,462.863,225.793,490.296,223.827,1.0,128000.0,72000.0
P07T25,Other,496.202,141.585,478.623,223.854,509.873,223.774,1.0,1250.3950532027652,407.4523868845795
P07T25,Other,472.681,104.362,449.165,184.681,476.516,184.685,1.0,128000.0,72000.0
P07T25,Other,492.262,108.277,476.465,192.524,496.203,192.455,1.0,1250.3950532027652,407.4523868845795
P07T25,Other,523.535,90.6342,500.081,172.889,523.627,169.03,1.0,128000.0,72000.0
P07T25,Other,805.788,196.413,786.125,210.177,803.757,227.734,4.0,1250.3950532027652,407.4523868845795
P07T25,Other,590.261,53.352,570.584,131.764,588.315,133.658,1.0,128000.0,72000.0
P07T25,Other,641.154,84.705,617.67,163.027,643.089,165.055,0.0,128000.0,72000.0
P07T25,Other,713.662,102.413,688.152,178.693,711.567,180.684,1.0,1250.3950532027652,407.4523868845795
P07T25,Other,nan,nan,nan,nan,nan,nan,nan,128000.0,72000.0
P07T25,Other,1103.38,274.691,1089.77,349.234,1093.72,349.258,10.0,1250.3950532027652,407.4523868845795
P07T25,Other,1168.08,315.883,0.0,0.0,1150.52,337.522,11.0,128000.0,72000.0
P07T25,Other,1168.13,321.909,0.0,0.0,0.0,0.0,13.0,1250.3950532027652,407.4523868845795
P07T25,Other,nan,nan,nan,nan,nan,nan,nan,128000.0,72000.0
P07T25,Other,1183.81,266.931,0.0,0.0,0.0,0.0,17.0,1250.3950532027652,407.4523868845795
P07T25,Other,nan,nan,nan,nan,nan,nan,nan,152.7919777761224,681.0523691002388
P07T25,Other,1189.69,227.794,1136.83,290.441,0.0,0.0,11.0,1250.3950532027652,407.4523868845795
P07T25,Other,1240.64,245.42,1158.34,353.194,0.0,0.0,11.0,152.7919777761224,681.0523691002388
P07T25,Other,1279.86,247.378,1250.46,319.846,0.0,0.0,13.0,1250.3950532027652,407.4523868845795
P07T25,Other,nan,nan,nan,nan,nan,nan,nan,152.7919777761224,681.0523691002388
P07T25,Other,nan,nan,nan,nan,nan,nan,nan,695.6549572935901,552.5111420084238
P07T25,Other,nan,nan,nan,nan,nan,nan,nan,128000.0,72000.0
P07T25,Other,nan,nan,nan,nan,nan,nan,nan,771.7022667445752,655.0387093049013
P07T25,Other,nan,nan,nan,nan,nan,nan,nan,1999.0353880468388,2347.602495649817
P07T25,Other,nan,nan,nan,nan,nan,nan,nan,729.710529110024,684.136860340824
P07T25,Other,nan,nan,nan,nan,nan,nan,nan,152.7919777761224,681.0523691002388
P07T25,Other,0.0,0.0,0.0,0.0,0.0,0.0,20.0,734.3616538363414,693.3908162307637
P07T25,Other,nan,nan,nan,nan,nan,nan,nan,152.7919777761224,681.0523691002388
P07T25,Other,nan,nan,nan,nan,nan,nan,nan,804.7638288500285,716.252689241325
P07T25,Other,nan,nan,nan,nan,nan,nan,nan,592.0928670138646,266.25501090621077
P07T25,Other,nan,nan,nan,nan,nan,nan,nan,563.1217334867663,213.43672045906322
P07T25,Other,nan,nan,nan,nan,nan,nan,nan,585.8784420929085,275.3179646782762
P07T25,Other,nan,nan,nan,nan,nan,nan,nan,588.0222296777497,266.02950396425604
P07T25,Other,nan,nan,nan,nan,nan,nan,nan,579.5924351841966,265.32657007506685
P07T25,Other,0.0,0.0,0.0,0.0,1050.59,715.633,21.0,580.7472006036845,262.91959238575174
P07T25,Other,0.0,0.0,0.0,0.0,0.0,0.0,21.0,582.7371549105937,253.47054080124485
P07T25,Other,0.0,0.0,0.0,0.0,0.0,0.0,19.0,583.3151142682865,250.98445097602425
P07T25,Other,0.0,0.0,0.0,0.0,0.0,0.0,16.0,568.7385137344653,270.4988767208582
P07T25,Other,0.0,0.0,0.0,0.0,0.0,0.0,22.0,561.5285182716623,238.1182203264397
P07T25,Other,0.0,0.0,0.0,0.0,0.0,0.0,17.0,567.6705069320836,269.1521655735456
P07T25,Other,0.0,0.0,1181.84,380.555,0.0,0.0,22.0,566.8665210521468,268.77698848282637
P07T25,Other,1132.88,223.824,0.0,0.0,0.0,0.0,5.0,556.240435659807,237.8551982733289
P07T25,Other,0.0,0.0,1076.1,425.623,0.0,0.0,20.0,565.5563505071648,266.4022107245437
P07T25,Other,1262.23,208.166,1009.49,449.173,0.0,0.0,14.0,564.7362619095811,265.77882521330207
P07T25,MidHip,1221.04,194.493,966.368,413.889,1224.92,545.128,9.0,559.7778383812285,235.64740249609875
P07T25,MidHip,1179.85,180.819,913.407,437.405,1199.5,558.847,9.0,562.0241492926205,263.745300818045
P07T25,MidHip,1136.79,176.781,870.284,427.569,1174.04,556.869,9.0,558.1311945946313,234.76701044038802
P07T25,MidHip,1103.42,167.088,833.091,449.157,1146.56,599.988,9.0,561.7777660446062,264.20265443974426
P07T25,MidHip,1081.91,165.151,807.681,451.107,1150.56,588.254,9.0,557.2265407835127,234.51533123994784
P07T25,MidHip,1072.16,163.185,795.917,464.835,1132.85,564.757,9.0,560.8223692439191,263.99954392518424
P07T25,MidHip,1070.2,161.11,803.753,527.512,1146.57,570.624,9.0,557.0070779177705,234.55764143411565
P07T25,MidHip,1076.11,159.217,791.994,492.252,1177.91,617.585,9.0,561.5849696148396,264.336208535513
P07T25,MidHip,819.416,219.926,792.002,292.415,0.0,0.0,13.0,555.5163793662289,234.97498751597197
P07T25,MidHip,1091.7,157.221,776.271,527.501,0.0,0.0,10.0,559.8293372913308,263.499186530205
P07T25,LElbow,778.351,227.703,746.953,302.142,0.0,0.0,6.0,554.1548409781191,234.32187821019886
P07T25,LKnee,746.987,227.746,740.982,304.083,758.629,302.232,5.0,558.7732025330738,265.6179069319412
P07T25,LKnee,740.981,231.686,727.255,306.23,750.878,306.108,0.0,553.9555236834442,233.82216488672387
P07T25,LKnee,711.673,227.688,697.873,298.282,721.479,304.079,0.0,556.3403158407957,264.38107096009554
P07T25,LKnee,654.898,210.115,635.233,288.393,664.578,286.565,0.0,553.7343783099852,234.68589029149825
P07T25,LKnee,621.61,229.682,617.569,306.113,635.251,306.038,0.0,556.2232100748286,264.79408754269105
P07T25,LKnee,635.178,255.225,621.544,325.738,648.892,331.575,0.0,552.7310394392053,235.12443159873462
P07T25,LKnee,647.002,257.21,631.355,333.513,650.925,333.494,0.0,559.8359522643765,265.92530418937014
P07T25,LKnee,648.948,259.064,631.344,335.491,650.898,335.476,0.0,551.9986584583695,235.66038493495293
P07T25,LKnee,625.482,259.207,603.88,335.559,625.476,335.592,2.0,558.189229733798,266.61783530833515
P07T25,LKnee,601.934,263.012,584.249,337.515,603.84,339.421,0.0,551.8817393514875,236.69552950445356
P07T25,Other,603.824,284.578,586.225,355.157,604.007,355.168,3.0,557.0663509225003,267.10414654567694
P07T25,LKnee,601.908,304.169,586.212,380.539,603.941,380.511,2.0,551.454149638757,236.48933506349692
P07T25,LKnee,625.442,317.898,615.597,394.297,635.253,394.308,2.0,555.5800373180213,267.4694496234994
P07T25,LKnee,647.049,306.172,623.52,380.582,649.048,380.51,2.0,552.4567217833556,235.28419564893272
P07T25,LKnee,695.994,313.966,678.374,384.433,697.939,384.524,2.0,554.2172119332636,268.64767019720324
P07T25,Other,1209.31,290.375,797.881,682.289,0.0,0.0,15.0,551.5871461010859,235.26676098240688
P07T25,Other,1228.84,274.788,780.26,633.31,1123.07,715.637,14.0,554.0187137655066,267.3099820719832
P07T25,Other,1262.19,263.01,772.414,590.197,0.0,0.0,16.0,553.782714678437,269.93749405227726
P07T25,Other,1279.83,286.511,752.812,533.393,0.0,0.0,16.0,551.3906397868674,235.9524839238186
P07T25,Neck,1246.47,225.86,762.589,576.492,0.0,0.0,16.0,551.9544953477645,235.94960828559007
P07T25,Other,1230.77,272.791,743.012,586.274,0.0,0.0,16.0,554.5780130912559,270.7818536153279
P07T25,Other,670.553,264.949,660.679,337.498,688.164,339.478,2.0,551.6346586617838,237.37977890515643
P07T25,Other,625.499,243.475,617.593,323.75,635.321,323.721,0.0,552.7594894740354,271.50419348668333
P07T25,Other,590.253,249.347,580.38,333.544,603.872,331.547,0.0,552.0239215339063,272.57846653162574
P07T25,Other,554.991,253.187,539.271,335.402,560.814,327.692,0.0,550.8531694980967,238.03431261432675
P07T25,Other,492.256,257.134,476.576,335.577,502.06,335.521,1.0,551.8865447130538,275.7120265086058
P07T25,Other,457.0,259.162,451.102,339.391,474.609,335.443,0.0,552.1023029511115,240.1694851049734
P07T25,Other,466.762,249.278,462.849,323.808,486.372,321.775,0.0,551.4377717727136,275.9922521829076
P07T25,Other,490.293,243.408,478.611,319.919,507.844,317.909,0.0,552.9363333165348,241.10796883171318
P07T25,Other,490.289,241.377,476.474,317.876,494.259,317.824,0.0,552.3838294857715,275.44973769791306
P07T25,Other,723.453,335.494,692.092,398.212,723.422,398.135,1.0,552.1857814347319,243.32811924256566
P07T25,Other,415.767,241.502,400.099,319.754,449.152,306.157,1.0,552.7970332261655,243.76103430021791
P07T25,Other,378.596,245.407,364.823,321.763,386.438,319.781,1.0,551.5154131527338,274.2044796011769
P07T25,LKnee,478.637,268.918,466.796,337.525,496.151,331.577,0.0,553.1603225626244,244.90163300343775
P07T25,Neck,862.489,288.538,611.724,545.148,0.0,0.0,12.0,552.5549044955415,275.07773912076317
P07T25,Neck,850.711,278.709,613.683,541.187,807.675,715.636,11.0,553.647241172893,246.99272246607876
P07T25,LKnee,221.838,225.791,227.695,294.393,253.216,288.485,1.0,551.8691635225558,274.2382402446287
P07T25,LKnee,225.755,233.646,233.62,306.086,257.078,296.339,1.0,555.1244299674689,249.323120878181
P07T25,LKnee,470.721,231.69,468.716,302.218,492.314,290.523,0.0,551.552179485074,274.8617106355438
P07T25,LKnee,215.979,257.196,225.819,323.796,245.393,319.791,1.0,554.9669538832535,251.9429745073885
P07T25,LKnee,458.915,255.152,449.123,325.737,478.564,321.742,0.0,553.5104388703313,276.48585380579476
P07T25,LKnee,210.045,302.233,223.828,374.699,241.394,368.804,1.0,555.7731153554947,253.70362047179498
P07T25,LKnee,204.274,327.639,212.109,400.116,237.572,388.441,1.0,550.7526094174149,276.2626508668611
P07T25,LKnee,202.287,319.871,216.009,384.59,231.719,382.433,1.0,557.0569162370803,255.6409039318639
P07T25,LElbow,415.741,257.235,415.857,321.881,435.466,315.898,5.0,552.0014359391481,277.03727650509546
P07T25,LKnee,184.633,257.059,196.356,321.888,217.947,319.801,1.0,557.7237283661419,258.4048452618771
P07T25,LKnee,427.61,233.609,415.868,304.205,460.901,290.41,2.0,552.8116208595243,278.63849667663726
P07T25,LKnee,186.623,241.392,198.395,306.137,217.991,302.169,1.0,559.2317749325695,261.3201960447788
P07T25,LKnee,176.827,225.701,180.703,290.537,202.291,284.59,1.0,553.0653985493198,279.56731273093226
P07T25,LKnee,151.385,225.812,163.059,292.413,180.698,288.483,1.0,559.4884796656368,262.30336018052265
P07T25,LKnee,131.818,225.802,137.648,292.394,161.163,288.447,1.0,553.5601564775845,280.4010550374645
P07T25,Other,674.43,274.853,460.947,633.273,0.0,0.0,11.0,560.1701235873891,263.9987438290895
P07T25,Other,53.354,272.781,65.1098,339.452,84.6563,335.54,1.0,553.9688990119434,282.32236250258967
P07T25,Other,51.37,290.519,61.2512,366.876,82.7127,360.953,0.0,559.7089396115647,265.92006177125944
P07T25,Other,59.3249,300.222,69.1421,368.896,86.7305,366.859,1.0,555.0146019403243,281.94502099862945
P07T25,Other,68.9755,290.459,74.9946,364.917,98.4368,357.047,1.0,559.3814603586421,268.01343190902685
P07T25,Other,300.263,264.974,292.435,337.404,319.782,323.78,2.0,560.5135098734598,268.2855966587955
P07T25,LKnee,96.4865,276.71,114.071,351.185,131.815,345.342,1.0,554.8741887788143,284.4915317037546
P07T25,LKnee,129.749,284.596,145.508,353.212,165.06,351.188,1.0,560.3931553773366,270.3349489083914
P07T25,LKnee,153.312,290.421,174.857,366.763,194.378,355.12,0.0,555.694096603054,285.29172761866676
P07T25,LKnee,174.893,315.874,196.509,386.509,216.021,380.546,0.0,559.8337389119976,272.40341874872763
P07T25,LKnee,194.511,337.464,214.062,413.873,231.667,400.249,1.0,556.9751242919838,287.1750661667359
P07T25,Other,210.022,378.602,241.395,447.174,255.185,441.286,0.0,562.9885831897766,269.22421473208396
P07T25,Other,225.73,411.875,257.134,478.585,270.819,474.601,4.0,557.6613663945279,288.58275703850813
P07T25,Other,221.856,413.794,243.522,478.6,259.074,470.709,9.0,576.2449346582373,254.34304225773988
P07T25,Other,319.817,372.734,0.0,0.0,0.0,0.0,17.0,559.1752637282623,291.4768168057449
P07T25,Other,276.771,394.252,0.0,0.0,0.0,0.0,17.0,576.2407542955763,255.1098614186873
P07T25,Other,270.887,384.566,0.0,0.0,0.0,0.0,17.0,559.4346954317166,292.08888638052343
P07T25,Other,290.425,382.554,0.0,0.0,821.361,672.495,15.0,590.9756951786219,235.84420721400312
P07T25,Other,321.868,370.773,0.0,0.0,884.088,588.237,12.0,591.5959675162306,236.89239834411725
P07T25,Other,359.043,380.524,0.0,0.0,901.731,568.626,12.0,560.1097473696217,294.13468514559247
P07T25,Other,396.214,382.558,0.0,0.0,931.083,549.05,12.0,604.9567012732135,222.77274367676523
P07T25,Other,415.897,368.844,0.0,0.0,931.053,488.331,12.0,559.6706232572159,295.9184204552067
P07T25,Other,441.328,351.233,0.0,0.0,944.751,462.87,11.0,619.1031297893576,206.26604944357257
P07T25,Other,451.118,331.607,0.0,0.0,944.767,445.196,11.0,560.498531418438,299.4338501105057
P07T25,Other,460.812,304.094,474.589,701.907,921.307,413.934,10.0,618.8870515841447,206.22177324916365
P07T25,MidHip,458.942,262.999,433.508,654.838,915.382,402.14,10.0,560.3918482005819,301.56324923499847
P07T25,Neck,470.678,231.713,413.891,631.36,907.596,411.938,10.0,631.9996371599343,191.93124089513233
P07T25,RElbow,823.429,196.425,836.992,259.143,0.0,0.0,11.0,559.863489875683,303.41064800243413
P07T25,RElbow,835.128,194.42,839.052,259.05,860.577,253.23,10.0,640.3258295247657,184.48562762564805
P07T25,MidHip,478.559,217.99,353.213,682.258,872.359,474.575,10.0,638.8269689659749,184.28647248111417
P07T25,RKnee,852.777,194.431,858.576,259.126,887.964,255.143,6.0,562.8876307148381,300.8365265009832
P07T25,RElbow,868.34,190.565,870.334,257.122,901.68,247.37,10.0,575.3135850167823,280.7697003780226
P07T25,LElbow,494.121,257.052,321.747,684.24,891.903,572.563,10.0,631.0569218422619,191.4246480793618
P07T25,RElbow,915.483,170.986,919.331,241.406,950.675,235.631,4.0,588.9736458418687,255.10768584508375
P07T25,RElbow,936.968,163.176,942.799,227.782,964.43,225.746,10.0,631.0185092779068,191.0712872114476
P07T25,LElbow,492.213,247.353,296.356,697.915,895.828,505.944,12.0,600.0188187507973,235.14729782491534
P07T25,RElbow,991.778,165.132,995.736,227.851,1019.23,227.822,9.0,628.766788182785,192.17925177636593
P07T25,MidHip,476.544,225.832,313.945,586.243,893.858,447.207,11.0,628.4564735673995,191.8384429897789
P07T25,MidHip,784.16,167.096,0.0,0.0,819.403,237.536,11.0,610.5336224039348,212.3727987578673
P07T25,RKnee,1031.05,131.82,1040.72,198.427,1070.14,196.355,8.0,630.9445388029092,189.42934471384868
P07T25,RElbow,1040.87,135.763,1046.64,200.347,1070.17,196.488,10.0,619.3762090490397,193.2815468547839
P07T25,MidHip,502.036,178.698,270.88,621.54,889.939,335.521,10.0,623.0049132383231,181.5559463891794
P07T25,LElbow,507.913,192.502,0.0,0.0,901.67,345.294,11.0,630.966557042964,195.07481443089736
P07T25,RElbow,1052.53,174.864,1050.56,241.517,1076.06,241.466,10.0,612.9791151241598,186.86715641800902
P07T25,RElbow,1044.7,163.13,1044.71,227.814,1072.15,225.867,10.0,617.3542053861697,190.95317907223998
P07T25,MidHip,480.511,192.434,0.0,0.0,895.803,255.199,11.0,653.2620371753688,206.91677220240283
P07T25,RElbow,1005.51,161.107,995.727,227.825,1031.0,225.73,10.0,616.7178082581258,188.89056081095444
P07T25,MidHip,474.57,114.073,321.819,648.968,835.09,184.671,10.0,691.6001590436605,218.5835274302383
P07T25,RElbow,995.853,165.157,1001.61,227.722,1025.08,227.757,10.0,614.6050213458591,188.34658416275033
P07T25,RElbow,1019.26,188.566,0.0,0.0,0.0,0.0,12.0,706.7752831412142,255.39499483271467
P07T25,RElbow,1040.75,192.519,1040.76,255.165,1060.36,247.364,10.0,612.8592067574367,185.14677678568398
P07T25,Neck,848.824,198.358,0.0,0.0,1056.47,449.141,15.0,606.8505688710361,187.3806753439287
P07T25,Neck,848.766,251.272,0.0,0.0,0.0,0.0,15.0,734.3114320540526,265.97704575273076
P07T25,Neck,831.188,278.693,0.0,0.0,1009.5,429.594,15.0,614.3102256436385,192.34085281702392
P07T25,RElbow,1107.37,294.356,1087.79,360.994,1123.1,360.986,10.0,757.2609493362917,276.87696791437907
P07T25,RElbow,1107.46,315.874,1087.86,382.545,1132.81,382.425,10.0,610.4425225843364,191.06803783041858
P07T25,RElbow,1105.41,323.781,1087.83,396.226,1123.06,394.298,10.0,773.8361547833346,283.93023755561643
P07T25,RElbow,1107.42,337.549,1081.92,398.122,1121.17,402.196,10.0,606.2939654797493,192.18824144466086
P07T25,RElbow,1103.36,331.624,0.0,0.0,0.0,0.0,12.0,772.636432213298,285.73916356134924
P07T25,RElbow,1107.43,339.48,1087.85,413.773,1119.22,409.925,10.0,640.1963760694296,206.94905661728598
P07T25,Other,872.345,451.085,0.0,0.0,0.0,0.0,18.0,764.7905188964132,281.0471802231652
P07T25,RElbow,1121.21,333.524,1095.67,396.254,1134.89,396.21,10.0,682.6423681806202,222.89514411165982
P07T25,Neck,870.435,447.258,0.0,0.0,0.0,0.0,18.0,765.8980997481074,280.4501604993735
P07T25,Neck,870.408,366.781,0.0,0.0,0.0,0.0,17.0,678.1403140001905,220.56052570264578
P07T25,Neck,866.423,329.614,0.0,0.0,0.0,0.0,15.0,763.4161491980394,279.2338057932841
P07T25,Neck,856.634,304.091,0.0,0.0,0.0,0.0,15.0,694.2904056751861,229.8208090092154
P07T25,Neck,858.615,290.501,0.0,0.0,1132.87,715.621,14.0,761.1962024068283,277.90842951022233
P07T25,Neck,880.119,259.15,0.0,0.0,1125.03,715.628,14.0,691.6785175701028,230.0905471357196
P07T25,Neck,915.456,229.686,0.0,0.0,1121.16,715.612,14.0,759.1390250159425,275.0065009735556
P07T25,Neck,935.067,200.312,0.0,0.0,0.0,0.0,15.0,725.3259529992857,242.594589305865
P07T25,Neck,933.141,190.549,0.0,0.0,0.0,0.0,15.0,756.872294244984,272.4097590112697
P07T25,Neck,872.328,186.595,0.0,0.0,0.0,0.0,15.0,750.5205646288715,252.70993876352964
P07T25,Neck,809.666,210.101,0.0,0.0,0.0,0.0,15.0,752.948170855891,270.2864835745261
P07T25,Neck,792.004,245.384,0.0,0.0,0.0,0.0,16.0,768.3790804570491,258.9135403949116
P07T25,Neck,758.655,300.262,413.89,664.622,0.0,0.0,15.0,767.2868818356701,259.642464647397
P07T25,LKnee,523.588,178.747,535.371,261.084,562.792,257.165,0.0,751.0515105969013,269.31767001105095
P07T25,LKnee,478.44,184.707,478.508,268.918,500.065,264.968,1.0,759.1455478089221,255.94664439748826
P07T25,LKnee,415.815,184.659,415.876,268.91,439.351,262.998,1.0,749.3002900414485,267.9948610370716
P07T25,LKnee,355.09,192.451,362.922,274.727,392.315,272.727,1.0,760.3243869830462,255.7145923798093
P07T25,LKnee,286.569,198.416,290.476,288.493,323.769,284.527,1.0,745.593188896921,266.38126093875206
P07T25,LKnee,214.096,202.279,210.182,284.596,237.559,274.87,0.0,757.7645862984384,253.6300770283593
P07T25,LKnee,135.761,194.517,147.362,274.736,163.06,270.873,0.0,743.8802540638401,266.3717402720313
P07T25,LKnee,366.784,194.385,362.903,257.183,380.511,257.058,0.0,755.4823161398197,252.11165421703294
P07T25,LKnee,351.212,176.766,327.667,241.417,368.782,237.589,0.0,742.2097748786605,262.97065661537124
P07T25,Neck,774.355,259.064,0.0,0.0,0.0,0.0,15.0,753.2451662881256,248.71102849936406
P07T25,LKnee,272.714,176.807,235.583,257.149,278.728,247.328,0.0,738.79098587985,262.79007018520764
P07T25,LKnee,55.3416,165.14,55.2753,229.746,71.0797,227.846,1.0,750.804371298115,244.83651702891157
P07T25,Other,51.4173,139.578,26.0111,229.742,47.522,227.764,1.0,746.788765197208,242.54592129461554
P07T25,Other,750.868,523.535,0.0,0.0,0.0,0.0,17.0,737.2749104011475,261.77802700898224
P07T25,Other,744.951,527.472,0.0,0.0,0.0,0.0,16.0,746.7851501643374,243.72312105755756
P07T25,Other,743.052,492.278,0.0,0.0,0.0,0.0,17.0,734.7550947493681,260.8849198163575
P07T25,Other,149.429,180.819,133.685,255.167,157.242,247.332,0.0,744.8441877734474,241.637259722891
P07T25,Other,137.616,165.167,112.163,245.375,147.376,241.468,0.0,732.9123856063381,259.82568546217806
P07T25,Other,819.446,406.004,0.0,0.0,0.0,0.0,16.0,743.039692303512,241.16586737818133
P07T25,Neck,868.344,386.464,0.0,0.0,0.0,0.0,17.0,730.89910726995,259.25270389003185
P07T25,Neck,868.377,370.79,0.0,0.0,0.0,0.0,16.0,739.4339075736839,240.33740289082894
P07T25,Neck,887.969,360.945,0.0,0.0,0.0,0.0,16.0,737.6984021859244,240.65186040629771
P07T25,Neck,932.997,337.517,0.0,0.0,0.0,0.0,16.0,730.3559167194871,257.39201236958223
P07T25,Neck,995.761,396.221,0.0,0.0,0.0,0.0,16.0,735.9479517756436,237.38671396787424
P07T25,Other,931.036,658.789,0.0,0.0,0.0,0.0,22.0,728.676400225466,256.7881007347491
P07T25,Other,874.263,715.605,0.0,0.0,0.0,0.0,22.0,734.1714088892543,238.22223674777288
P07T25,Other,460.927,263.022,425.609,315.915,443.235,323.758,1.0,727.5222512922601,256.5430387070899
P07T25,Other,0.0,0.0,0.0,0.0,423.642,315.902,7.0,732.5524246657899,236.99090273957106
P07T25,Other,nan,nan,nan,nan,nan,nan,nan,726.7631663555107,256.6976037974083
P07T25,Other,nan,nan,nan,nan,nan,nan,nan,732.5392673160545,236.73000414901676
P07T25,Other,nan,nan,nan,nan,nan,nan,nan,726.5843552006539,256.5751660548
P07T25,Nose,1048.64,635.251,0.0,0.0,0.0,0.0,20.0,731.0547012129472,236.17311266404784
P07T25,Other,1105.46,568.653,0.0,0.0,0.0,0.0,18.0,733.3912206986263,286.6866473889866
P07T25,Other,163.13,5.34613,137.632,69.093,165.169,67.0723,0.0,725.8225771883476,256.50726874658415
P07T25,Nose,nan,nan,nan,nan,nan,nan,nan,728.5670148773315,236.01323820842842
P07T25,Other,0.0,0.0,0.0,0.0,0.0,0.0,12.0,725.8230327205295,256.13243765731016
P07T25,Other,0.0,0.0,137.676,53.364,80.8471,47.5006,5.0,728.9314880781193,236.39631866843428
P07T25,Other,192.437,5.35757,149.42,80.8501,194.431,69.1115,1.0,725.1999261614976,256.5768711345108
P07T25,Other,nan,nan,nan,nan,nan,nan,nan,726.5108938009284,235.6478678697756
P07T25,Other,nan,nan,nan,nan,nan,nan,nan,725.1535396269385,261.53085152231847
P07T25,Other,0.0,0.0,0.0,0.0,0.0,0.0,22.0,724.464839597812,235.0400269359354
P07T25,Other,102.383,5.35857,59.2696,84.69,106.329,76.8941,0.0,723.6067700870058,256.60148337533633
P07T25,Other,115.978,16.1732,80.816,102.438,120.052,104.329,0.0,726.1404117451789,234.10065372553296
P07T25,Other,120.078,22.0841,78.8554,102.385,118.091,112.162,0.0,724.3877880141458,256.6666311917203
P07T25,Other,100.302,24.0376,53.3575,104.335,102.357,110.206,0.0,723.5092176333858,231.85357843016126
P07T25,LKnee,96.496,22.1484,43.6115,102.436,100.354,108.256,0.0,723.3312611027068,257.192077334321
P07T25,LKnee,86.6751,25.9649,39.6305,110.203,86.6624,125.891,0.0,721.7269533913322,231.44608005933503
P07T25,RElbow,1221.0,409.943,0.0,0.0,0.0,0.0,17.0,728.5976999916187,265.64209440427135
P07T25,Other,1203.45,392.303,0.0,0.0,0.0,0.0,17.0,722.009392558699,231.90304561076945
P07T25,Other,1185.78,411.937,0.0,0.0,0.0,0.0,16.0,723.1147983035405,257.24159811084087
P07T25,Other,1174.02,423.681,0.0,0.0,0.0,0.0,16.0,719.5076298909428,229.94103855704643
P07T25,Other,1203.45,427.568,0.0,0.0,0.0,0.0,16.0,723.1298405707109,257.6024240424866
P07T25,Other,1195.54,462.789,0.0,0.0,0.0,0.0,16.0,719.093328514483,229.10507241760507
P07T25,Other,1144.63,494.254,551.013,590.18,0.0,0.0,15.0,723.1036361301626,256.9696726865086
P07T25,Other,1142.67,509.827,519.654,560.826,0.0,0.0,15.0,718.0391142404103,228.9509925556877
P07T25,Other,1119.12,543.244,523.611,586.259,0.0,0.0,15.0,718.304033814077,228.2222550709586
P07T25,Other,1029.04,543.174,521.635,615.681,0.0,0.0,15.0,718.7964989835516,259.49524243875067
P07T25,Other,948.714,509.879,523.565,654.879,0.0,0.0,15.0,722.763215721502,287.41860570783376
P07T25,Other,929.119,462.837,588.256,635.233,0.0,0.0,15.0,718.1418694528061,227.65990382961843
P07T25,Other,960.466,445.122,654.828,696.002,0.0,0.0,15.0,722.93778658379,256.4946904773974
P07T25,Other,964.317,439.313,694.025,715.614,0.0,0.0,15.0,723.1428040168954,287.8594472170455
P07T25,Other,931.07,423.657,680.311,715.614,0.0,0.0,14.0,717.5228204309831,228.10476762252054
P07T25,Other,901.77,404.126,646.981,688.157,0.0,0.0,15.0,723.5193897519615,257.65711032801556
P07T25,Other,895.814,382.583,0.0,0.0,0.0,0.0,16.0,723.4805612515213,287.7811797526503
P07T25,Other,899.721,376.665,629.391,609.793,0.0,0.0,15.0,723.74367335736,258.0727475305616
P07T25,Other,1009.49,343.38,0.0,0.0,0.0,0.0,16.0,715.7039917037919,227.20130157946224
P07T25,Neck,1027.0,304.153,592.158,715.59,0.0,0.0,15.0,724.3069948681999,289.49184998032035
P07T25,Other,966.424,274.762,0.0,0.0,0.0,0.0,16.0,728.9046342565869,266.6701354473922
P07T25,Other,913.418,290.439,0.0,0.0,0.0,0.0,16.0,717.9325897981374,228.10410018029953
P07T25,Neck,915.313,319.878,0.0,0.0,0.0,0.0,16.0,724.4879309869009,289.80799250956545
P07T25,Other,925.176,351.131,0.0,0.0,0.0,0.0,16.0,731.6136641779524,265.1909515287316
P07T25,Other,931.148,376.623,0.0,0.0,0.0,0.0,16.0,716.4064068063523,228.25638565288475
P07T25,Other,927.133,392.35,0.0,0.0,0.0,0.0,16.0,724.5898905507372,290.55620690105957
P07T25,Other,919.315,411.91,0.0,0.0,0.0,0.0,16.0,715.3408514524983,228.50852758007343
P07T25,Neck,872.303,382.516,0.0,0.0,0.0,0.0,15.0,724.8868166143852,259.91166730003414
P07T25,Other,815.478,333.545,0.0,0.0,0.0,0.0,15.0,725.802117690831,291.1076024462607
P07T25,Other,788.066,317.857,0.0,0.0,0.0,0.0,15.0,720.2388897706844,230.84804711877186
P07T25,Other,788.008,357.097,0.0,0.0,0.0,0.0,16.0,725.699135207516,259.68129506362675
P07T25,Neck,840.966,409.943,0.0,0.0,0.0,0.0,16.0,725.2044704404403,290.9038721473495
P07T25,Other,858.574,441.301,0.0,0.0,0.0,0.0,16.0,714.9920676686805,229.38959622473513
P07T25,Other,868.413,460.818,0.0,0.0,0.0,0.0,17.0,725.7815072499236,260.3921826642144
P07T25,Other,899.728,480.514,0.0,0.0,0.0,0.0,17.0,725.3830763455788,291.60918618507566
P07T25,Other,932.984,507.942,0.0,0.0,0.0,0.0,17.0,714.9837009802258,229.9348411544113
P07T25,Other,932.989,502.01,0.0,0.0,0.0,0.0,16.0,725.848458389503,262.23552409861
P07T25,Other,846.826,468.745,0.0,0.0,0.0,0.0,16.0,727.8698520445257,292.04243921641705
P07T25,Other,711.622,462.863,0.0,0.0,0.0,0.0,17.0,715.8438513399796,230.74030636141921
P07T25,Other,664.57,466.776,0.0,0.0,0.0,0.0,17.0,725.9119957770677,264.6846206209562
P07T25,Other,652.856,458.943,0.0,0.0,0.0,0.0,17.0,729.730376868681,293.93028966750194
P07T25,Other,678.346,462.845,0.0,0.0,0.0,0.0,17.0,714.7950565546271,229.68309872839816
P07T25,Other,701.92,472.661,0.0,0.0,0.0,0.0,17.0,732.9703714375096,273.2088705416589
P07T25,Other,697.905,468.746,0.0,0.0,0.0,0.0,17.0,730.7016199945488,294.14787492790305
P07T25,Neck,699.939,435.454,0.0,0.0,0.0,0.0,17.0,709.521103827292,226.66426375863185
P07T25,Other,711.633,435.447,0.0,0.0,0.0,0.0,17.0,731.443180374672,294.51251367401085
P07T25,Other,695.966,464.817,0.0,0.0,0.0,0.0,17.0,714.4347063256304,229.10686704375794
P07T25,Other,678.389,517.678,0.0,0.0,0.0,0.0,17.0,732.4295937705413,295.9185546241763
P07T25,Other,666.533,535.314,0.0,0.0,0.0,0.0,17.0,715.1389450359909,230.59030038612167
P07T25,Other,650.933,494.268,0.0,0.0,0.0,0.0,15.0,732.8333288600594,297.03576138813804
P07T25,Neck,635.316,445.21,0.0,0.0,0.0,0.0,15.0,719.9492867634806,233.45830086677935
P07T25,Neck,637.205,392.34,0.0,0.0,0.0,0.0,15.0,733.3210795181051,298.84383610257146
P07T25,Other,660.75,390.347,0.0,0.0,0.0,0.0,15.0,723.3583501831176,236.10813186381654
P07T25,Other,650.936,404.102,0.0,0.0,0.0,0.0,16.0,734.2855157347798,299.88364189862295
P07T25,Other,652.871,384.433,0.0,0.0,0.0,0.0,16.0,723.9560179921168,236.7295166863281
P07T25,Neck,666.628,349.216,0.0,0.0,0.0,0.0,15.0,716.3714529246835,234.68794693876168
P07T25,Neck,668.535,321.798,531.4,664.605,0.0,0.0,14.0,733.9416698505684,300.5668415151626
P07T25,Neck,650.895,319.827,500.072,670.533,0.0,0.0,12.0,717.0830196766417,234.86311510037453
P07T25,Other,621.563,313.945,464.825,668.613,1046.71,695.98,13.0,733.7529497561194,301.8817082330571
P07T25,Other,633.258,317.858,478.564,668.595,1078.05,660.7,13.0,717.3129048181088,236.16342951355935
P07T25,Other,635.257,306.083,484.395,650.909,1087.77,637.23,12.0,732.8964263447758,301.86164785861496
P07T25,Other,658.727,317.846,521.607,656.786,1121.19,617.627,9.0,717.4348208746776,238.85304974028207
P07T25,Neck,699.946,325.729,562.763,678.365,1162.26,633.26,13.0,730.8948631961728,304.0332339863675
P07T25,Neck,744.94,319.834,566.718,668.547,0.0,0.0,14.0,717.8458984400831,243.49608606778625
P07T25,Neck,792.071,331.564,615.67,715.581,0.0,0.0,14.0,730.6821299467542,305.73043383225377
P07T25,Neck,852.797,366.822,623.509,715.621,0.0,0.0,15.0,725.493896125,253.8941022252041
P07T25,Other,882.107,384.499,0.0,0.0,0.0,0.0,15.0,730.9516665089959,308.6216236854523
P07T25,Neck,923.272,398.144,0.0,0.0,0.0,0.0,15.0,726.7096658079183,325.6415859937661
P07T25,Neck,991.849,398.212,0.0,0.0,0.0,0.0,15.0,727.1081886017861,261.8212834624286
P07T25,Neck,917.378,312.023,0.0,0.0,0.0,0.0,16.0,728.6026405755663,326.21303030102774
P07T25,Neck,899.806,259.106,0.0,0.0,0.0,0.0,17.0,696.2581441708912,353.0309949263076
P07T25,Neck,931.036,259.071,0.0,0.0,0.0,0.0,17.0,228.36789903335347,737.9219858511347
P07T25,Neck,1011.39,298.3,713.599,564.724,0.0,0.0,15.0,1192.8523388390454,505.9118689793634
P07T25,Other,1062.34,325.73,758.701,480.475,0.0,0.0,12.0,228.36789903335347,737.9219858511347
P07T25,Other,1101.56,337.49,743.009,478.515,1076.07,633.263,11.0,1192.8523388390454,505.9118689793634
P07T25,Neck,1154.4,386.497,809.604,476.538,0.0,0.0,14.0,1192.8523388390454,505.9118689793634
P07T25,Other,1199.41,427.58,801.795,551.025,0.0,0.0,15.0,228.36789903335347,737.9219858511347
P07T25,Other,1230.78,425.652,921.304,590.18,0.0,0.0,15.0,1192.8523388390454,505.9118689793634
P07T25,Other,1244.49,368.899,792.035,564.712,0.0,0.0,15.0,228.36789903335347,737.9219858511347
P07T25,Other,1234.76,317.824,852.65,576.498,0.0,0.0,15.0,1192.8523388390454,505.9118689793634
P07T25,Other,1191.63,292.449,774.361,603.922,0.0,0.0,14.0,228.36789903335347,737.9219858511347
P07T25,Other,1132.86,261.073,694.021,547.103,0.0,0.0,14.0,1192.8523388390454,505.9118689793634
P07T25,Neck,1097.58,327.652,629.399,648.961,0.0,0.0,15.0,228.36789903335347,737.9219858511347
P07T25,Neck,1107.41,362.939,650.991,680.271,0.0,0.0,15.0,1192.8523388390454,505.9118689793634
P07T25,Other,1121.14,398.174,0.0,0.0,0.0,0.0,17.0,799.1514657452705,-184.9962385015383
P07T25,Other,1107.44,384.477,0.0,0.0,0.0,0.0,17.0,1192.8523388390454,505.9118689793634
P07T25,Other,1119.16,319.894,0.0,0.0,0.0,0.0,16.0,771.7343183184421,-256.3369078006395
P07T25,Neck,1138.81,329.651,0.0,0.0,0.0,0.0,18.0,1192.8523388390454,505.9118689793634
P07T25,Neck,1166.21,341.362,0.0,0.0,0.0,0.0,17.0,782.3950061904263,-269.0839241148264
P07T25,Other,1181.9,411.943,0.0,0.0,0.0,0.0,16.0,1192.8523388390454,505.9118689793634
P07T25,Other,1199.5,521.563,0.0,0.0,0.0,0.0,17.0,745.5952106748532,-276.7878515191674
P07T25,Other,1199.53,578.451,0.0,0.0,0.0,0.0,17.0,1192.8523388390454,505.9118689793634
P07T25,Other,1215.21,588.204,739.084,588.243,0.0,0.0,16.0,757.6237277004702,-278.66783390197884
P07T25,Other,1232.8,564.753,0.0,0.0,0.0,0.0,17.0,1192.8523388390454,505.9118689793634
P07T25,Other,1226.85,539.253,376.66,539.205,0.0,0.0,16.0,758.6951714611171,-282.3118779321524
P07T25,Other,1193.6,523.643,507.863,523.597,0.0,0.0,16.0,1192.8523388390454,505.9118689793634
P07T25,Other,1154.4,521.589,509.909,554.918,0.0,0.0,16.0,829.6451911219297,-264.188637048245
P07T25,Other,1101.54,525.494,556.961,592.151,0.0,0.0,16.0,1192.8523388390454,505.9118689793634
P07T25,Other,1027.05,525.51,551.025,672.499,0.0,0.0,16.0,790.4926940058568,-278.69341516494796
P07T25,Other,968.294,523.507,568.633,715.598,0.0,0.0,15.0,1192.8523388390454,505.9118689793634
P07T25,Other,862.496,466.791,619.573,715.619,0.0,0.0,14.0,742.0740318147427,-257.35755325183817
P07T25,Other,839.099,437.376,641.146,684.284,1072.15,715.624,13.0,1192.8523388390454,505.9118689793634
P07T25,Other,823.431,392.308,652.916,635.288,1074.04,666.647,13.0,740.9373934712754,-265.8886095418113
P07T25,Neck,811.626,347.229,693.994,605.912,1070.19,648.929,10.0,1192.8523388390454,505.9118689793634
P07T25,Neck,794.01,298.271,676.377,582.351,1034.91,623.502,10.0,743.0702952158035,-269.91698950167995
P07T25,Neck,784.153,261.106,650.928,527.48,1029.04,615.62,10.0,1192.8523388390454,505.9118689793634
P07T25,Neck,778.289,253.214,635.233,517.732,1023.13,609.783,10.0,744.618490342795,-274.00568879129736
P07T25,Neck,774.342,251.267,586.31,509.863,1017.31,611.767,10.0,1192.8523388390454,505.9118689793634
P07T25,Neck,789.917,274.872,588.208,511.804,1044.75,594.128,10.0,746.096001120123,-277.7362677826962
P07T25,Neck,807.692,304.08,560.821,554.868,1048.66,586.224,10.0,1192.8523388390454,505.9118689793634
P07T25,Neck,821.343,329.6,0.0,0.0,0.0,0.0,13.0,754.7461167108243,-279.62404350878165
P07T25,Neck,837.117,355.139,607.833,647.015,0.0,0.0,14.0,1192.8523388390454,505.9118689793634
P07T25,Neck,846.837,386.419,648.973,658.768,0.0,0.0,15.0,717.4774503006367,-273.7522639344042
P07T25,Neck,868.29,396.248,670.544,695.973,0.0,0.0,15.0,1192.8523388390454,505.9118689793634
P07T25,Other,874.283,406.022,629.394,668.555,0.0,0.0,15.0,702.4180877445774,-272.96545611612277
P07T25,Nose,858.586,423.657,688.163,715.607,0.0,0.0,15.0,1192.8523388390454,505.9118689793634
P07T25,Other,899.801,343.315,778.269,664.623,0.0,0.0,15.0,705.1274713867692,-277.3157084775234
P07T25,Other,nan,nan,nan,nan,nan,nan,nan,1192.8523388390454,505.9118689793634
P07T25,Other,887.99,433.447,699.938,652.908,0.0,0.0,15.0,656.4635853811474,-265.88643136946916
P07T25,Other,862.55,400.174,713.624,670.512,0.0,0.0,16.0,1192.8523388390454,505.9118689793634
P07T25,Other,823.286,349.186,735.187,601.978,1076.05,715.625,10.0,698.0430033049633,-263.4766248055984
P07T25,Other,837.066,327.686,742.963,584.291,1103.45,680.315,10.0,1192.8523388390454,505.9118689793634
P07T25,Neck,825.294,288.538,735.194,549.057,1105.46,650.92,10.0,656.5735097066804,-271.0642619452531
P07T25,Neck,817.403,255.149,727.349,525.608,0.0,0.0,11.0,1192.8523388390454,505.9118689793634
P07T25,Neck,807.629,225.853,725.368,511.874,1107.44,511.826,9.0,624.1276089145329,-280.9926640939991
P07T25,Neck,803.677,212.036,707.721,509.828,1103.54,492.278,9.0,1192.8523388390454,505.9118689793634
P07T25,Neck,790.006,200.364,674.417,496.199,1068.22,619.567,9.0,613.1662774474502,-285.7641801488822
P07T25,Neck,776.26,212.018,650.957,496.173,1074.16,684.256,9.0,593.6441784329589,-289.6344084086711
P07T25,Neck,770.388,225.698,617.603,507.949,1074.05,674.447,9.0,1192.8523388390454,505.9118689793634
P07T25,Other,764.594,243.46,619.533,525.542,0.0,0.0,10.0,1192.8523388390454,505.9118689793634
P07T25,Other,760.618,263.04,603.926,507.965,1052.56,664.623,6.0,627.5623406458731,-286.1951811191605
P07T25,Other,760.738,306.106,633.277,558.83,1074.13,629.396,9.0,618.1929854616159,-290.14847327164375
P07T25,Other,776.298,311.981,652.936,564.76,1093.68,615.68,9.0,1192.8523388390454,505.9118689793634
P07T25,Other,790.114,310.019,662.641,566.647,1107.43,600.018,10.0,633.1952259197915,-291.24254962400363
P07T25,Neck,782.185,304.188,650.923,554.998,1105.5,633.325,9.0,1192.8523388390454,505.9118689793634
P07T25,Neck,766.5,308.139,635.313,564.755,1105.52,668.59,9.0,680.5675503524449,-241.03133127781965
P07T25,Other,758.668,331.568,629.341,586.274,1081.92,697.975,10.0,1192.8523388390454,505.9118689793634
P07T25,Other,750.885,353.206,617.614,600.004,1046.7,715.589,10.0,676.9515923017046,-249.96997342511645
P07T25,Other,748.902,366.896,613.682,603.933,1027.12,696.009,13.0,1192.8523388390454,505.9118689793634
P07T25,Other,760.633,368.849,603.962,605.885,1027.13,650.93,13.0,622.8677510574241,-284.6315168838443
P07T25,Other,760.636,368.84,592.14,615.602,1030.99,641.163,13.0,1192.8523388390454,505.9118689793634
P07T25,Other,760.667,364.926,588.297,619.619,1056.43,617.633,13.0,627.5400124640439,-285.6069404667989
P07T25,Other,805.777,366.903,607.836,639.204,1085.86,615.689,11.0,1192.8523388390454,505.9118689793634
P07T25,Neck,823.277,362.941,637.21,664.582,1136.76,631.294,13.0,620.7985908241975,-289.05635784102736
P07T25,Neck,854.623,359.013,607.803,656.828,1170.08,643.108,13.0,1192.8523388390454,505.9118689793634
P07T25,Neck,885.945,357.096,625.468,678.374,0.0,0.0,12.0,580.3314054792567,-287.52391099993287
P07T25,Neck,909.497,351.147,664.686,715.615,1170.13,715.6,11.0,1192.8523388390454,505.9118689793634
P07T25,Neck,915.386,335.536,662.645,715.598,1152.52,697.916,11.0,590.7462727993787,-289.52818416819514
P07T25,Neck,913.436,335.565,0.0,0.0,1183.77,715.613,13.0,1192.8523388390454,505.9118689793634
P07T25,Nose,936.943,362.897,0.0,0.0,0.0,0.0,16.0,583.601892987789,-290.474088920482
P07T25,Nose,933.143,364.851,0.0,0.0,0.0,0.0,15.0,1192.8523388390454,505.9118689793634
P07T25,Neck,903.622,339.483,0.0,0.0,0.0,0.0,15.0,574.1320039755608,-289.3961453290508
P07T25,Neck,874.277,339.479,0.0,0.0,0.0,0.0,15.0,1192.8523388390454,505.9118689793634
P07T25,Other,938.924,545.145,0.0,0.0,0.0,0.0,16.0,575.3066809851566,-289.3939451965849
P07T25,Other,935.054,556.861,0.0,0.0,0.0,0.0,17.0,1192.8523388390454,505.9118689793634
P07T25,Other,950.738,543.152,0.0,0.0,0.0,0.0,15.0,571.8410789590006,-289.0034816374052
P07T25,Other,964.43,515.775,0.0,0.0,0.0,0.0,17.0,1192.8523388390454,505.9118689793634
P07T25,Other,997.717,472.618,0.0,0.0,0.0,0.0,16.0,572.5993253633131,-287.9513553801319
P07T25,Other,1025.13,447.184,0.0,0.0,0.0,0.0,16.0,1192.8523388390454,505.9118689793634
P07T25,Other,1029.02,404.062,0.0,0.0,0.0,0.0,15.0,573.2227818458049,-285.7309181982478
P07T25,Neck,1027.11,380.506,0.0,0.0,0.0,0.0,15.0,1192.8523388390454,505.9118689793634
P07T25,Other,1021.18,355.148,0.0,0.0,0.0,0.0,16.0,580.092029032779,-285.19057867067755
P07T25,Other,1011.38,333.515,707.772,715.606,0.0,0.0,15.0,1192.8523388390454,505.9118689793634
P07T25,Neck,1042.72,351.233,725.377,715.616,0.0,0.0,15.0,580.5319274842824,-280.54618485545683
P07T25,Neck,1064.33,372.778,737.127,715.611,0.0,0.0,15.0,1192.8523388390454,505.9118689793634
P07T25,Other,1083.85,394.236,0.0,0.0,0.0,0.0,16.0,228.36789903335347,737.9219858511347
P07T25,Other,1103.47,429.458,0.0,0.0,0.0,0.0,16.0,1192.8523388390454,505.9118689793634
P07T25,Other,1132.88,449.177,0.0,0.0,0.0,0.0,17.0,228.36789903335347,737.9219858511347
P07T25,Other,1150.55,464.855,0.0,0.0,0.0,0.0,18.0,1192.8523388390454,505.9118689793634
P07T25,Other,1166.09,462.825,0.0,0.0,0.0,0.0,17.0,228.36789903335347,737.9219858511347
P07T25,Other,1144.62,431.511,0.0,0.0,0.0,0.0,15.0,1192.8523388390454,505.9118689793634
P07T25,Other,1136.87,460.928,0.0,0.0,0.0,0.0,17.0,228.36789903335347,737.9219858511347
P07T25,Other,1111.34,439.351,0.0,0.0,0.0,0.0,17.0,1192.8523388390454,505.9118689793634
P07T25,Other,1089.84,507.856,0.0,0.0,0.0,0.0,17.0,228.36789903335347,737.9219858511347
P07T25,Other,1103.51,433.453,0.0,0.0,0.0,0.0,17.0,1192.8523388390454,505.9118689793634
P07T25,Other,1087.88,447.265,0.0,0.0,0.0,0.0,18.0,575.5657807279555,-137.76300872306862
P07T25,Other,1060.42,476.531,0.0,0.0,0.0,0.0,18.0,1192.8523388390454,505.9118689793634
P07T25,Other,1076.11,490.312,0.0,0.0,0.0,0.0,18.0,571.8261363535141,-258.9199291398751
P07T25,Other,1070.16,511.894,0.0,0.0,0.0,0.0,18.0,1192.8523388390454,505.9118689793634
P07T25,Other,1058.49,588.198,0.0,0.0,0.0,0.0,17.0,568.6527114608923,-288.1786253057523
P07T25,Neck,1074.13,605.869,0.0,0.0,0.0,0.0,17.0,1192.8523388390454,505.9118689793634
P07T25,Other,1021.2,607.868,0.0,0.0,0.0,0.0,19.0,562.0319953642636,-287.11344511323773
P07T25,Other,950.719,715.604,0.0,0.0,0.0,0.0,19.0,1192.8523388390454,505.9118689793634
P07T25,Other,1013.38,703.838,0.0,0.0,0.0,0.0,21.0,1192.8523388390454,505.9118689793634
P07T25,Other,1011.38,715.636,0.0,0.0,0.0,0.0,19.0,563.1743634361384,-284.9960607247258
P07T25,Other,1025.08,686.174,0.0,0.0,0.0,0.0,18.0,1192.8523388390454,505.9118689793634
P07T25,Other,1062.36,650.954,0.0,0.0,0.0,0.0,17.0,553.3132476398878,-282.4688119006085
P07T25,Other,1078.02,650.898,0.0,0.0,0.0,0.0,17.0,1192.8523388390454,505.9118689793634
P07T25,Other,1095.69,615.622,0.0,0.0,0.0,0.0,17.0,554.857905369416,-279.279846433403
P07T25,Other,1087.86,566.646,0.0,0.0,0.0,0.0,17.0,1192.8523388390454,505.9118689793634
P07T25,Other,1072.21,537.335,0.0,0.0,0.0,0.0,17.0,529.9950041772188,-259.24922127995
P07T25,Other,1074.04,547.079,0.0,0.0,0.0,0.0,17.0,1192.8523388390454,505.9118689793634
P07T25,Other,1060.44,541.279,0.0,0.0,0.0,0.0,17.0,528.1266298270067,-278.90165139170557
P07T25,Other,1044.76,521.641,0.0,0.0,0.0,0.0,17.0,1192.8523388390454,505.9118689793634
P07T25,Other,1009.38,492.205,0.0,0.0,0.0,0.0,17.0,534.0570078639381,-281.56439499539255
P07T25,Other,1007.42,472.673,0.0,0.0,0.0,0.0,17.0,1192.8523388390454,505.9118689793634
P07T25,Other,1009.37,476.491,0.0,0.0,0.0,0.0,17.0,533.224328166884,-282.25037484319745
P07T25,Neck,995.82,431.561,0.0,0.0,0.0,0.0,17.0,1192.8523388390454,505.9118689793634
P07T25,Neck,1056.43,398.143,0.0,0.0,0.0,0.0,15.0,526.6880982816822,-281.11216130389045
P07T25,Other,1068.24,464.803,0.0,0.0,0.0,0.0,16.0,1192.8523388390454,505.9118689793634
P07T25,Other,1062.37,543.221,0.0,0.0,0.0,0.0,17.0,527.2156714055423,-280.5632857605335
P07T25,Other,1056.46,552.925,0.0,0.0,0.0,0.0,17.0,1192.8523388390454,505.9118689793634
P07T25,Other,1048.67,574.57,0.0,0.0,0.0,0.0,17.0,533.4174889942308,-281.61091614193765
P07T25,Neck,1062.33,552.922,0.0,0.0,0.0,0.0,17.0,1192.8523388390454,505.9118689793634
P07T25,Other,1101.5,492.305,0.0,0.0,0.0,0.0,17.0,533.1498012007697,-279.88446345164635
P07T25,Other,1150.48,445.178,0.0,0.0,0.0,0.0,16.0,1192.8523388390454,505.9118689793634
P07T25,Nose,1183.83,396.198,0.0,0.0,0.0,0.0,16.0,485.2585463423891,-269.0983947499473
P07T25,Other,1215.15,343.364,0.0,0.0,0.0,0.0,18.0,1192.8523388390454,505.9118689793634
P07T25,Other,1250.43,327.659,0.0,0.0,0.0,0.0,19.0,500.6456641727297,-274.15363652193446
P07T25,Other,0.0,0.0,0.0,0.0,0.0,0.0,22.0,1192.8523388390454,505.9118689793634
P07T25,Other,nan,nan,nan,nan,nan,nan,nan,506.0054339144434,-244.21190473590406
P07T25,Other,nan,nan,nan,nan,nan,nan,nan,1192.8523388390454,505.9118689793634
P07T25,Other,nan,nan,nan,nan,nan,nan,nan,506.9279040723995,-255.84773058603224
P07T25,Other,nan,nan,nan,nan,nan,nan,nan,1192.8523388390454,505.9118689793634
P07T25,Other,nan,nan,nan,nan,nan,nan,nan,501.88203659619387,-262.8177924139556
P07T25,Other,nan,nan,nan,nan,nan,nan,nan,1192.8523388390454,505.9118689793634
P07T25,Other,nan,nan,nan,nan,nan,nan,nan,501.1697076451136,-264.25181763260304
P07T25,Other,nan,nan,nan,nan,nan,nan,nan,1192.8523388390454,505.9118689793634
P07T25,Other,nan,nan,nan,nan,nan,nan,nan,483.31684013241323,-270.52562652883984
P07T25,Other,nan,nan,nan,nan,nan,nan,nan,1192.8523388390454,505.9118689793634
P07T25,Other,nan,nan,nan,nan,nan,nan,nan,506.3686854827603,-252.04578337668588
P07T25,Other,nan,nan,nan,nan,nan,nan,nan,1192.8523388390454,505.9118689793634
P07T25,Other,nan,nan,nan,nan,nan,nan,nan,510.27653463887225,-225.37589690413301
P07T25,Other,nan,nan,nan,nan,nan,nan,nan,1192.8523388390454,505.9118689793634
P07T25,Other,nan,nan,nan,nan,nan,nan,nan,509.0293821726624,-265.4781953747253
P07T25,Other,nan,nan,nan,nan,nan,nan,nan,1192.8523388390454,505.9118689793634
P07T25,Other,nan,nan,nan,nan,nan,nan,nan,514.6570164233591,-264.00879752886175
P07T25,Other,nan,nan,nan,nan,nan,nan,nan,1192.8523388390454,505.9118689793634
P07T25,Other,nan,nan,nan,nan,nan,nan,nan,522.2947021959185,-247.55120226396295
P07T25,Other,nan,nan,nan,nan,nan,nan,nan,1192.8523388390454,505.9118689793634
P07T25,Other,nan,nan,nan,nan,nan,nan,nan,525.5430976849439,-275.50967883214355
P07T25,Other,nan,nan,nan,nan,nan,nan,nan,1192.8523388390454,505.9118689793634
P07T25,Other,nan,nan,nan,nan,nan,nan,nan,527.0623551902627,-222.25496462107702
P07T25,Other,nan,nan,nan,nan,nan,nan,nan,1192.8523388390454,505.9118689793634
P07T25,Other,nan,nan,nan,nan,nan,nan,nan,532.0295173334988,-228.24020278790948
P07T25,Other,nan,nan,nan,nan,nan,nan,nan,1192.8523388390454,505.9118689793634
P07T25,Other,nan,nan,nan,nan,nan,nan,nan,537.5653256681595,-226.74718598711016
P07T25,Other,nan,nan,nan,nan,nan,nan,nan,1192.8523388390454,505.9118689793634
P07T25,Other,nan,nan,nan,nan,nan,nan,nan,543.080461257393,-225.38434866058134
P07T25,Other,nan,nan,nan,nan,nan,nan,nan,1192.8523388390454,505.9118689793634
P07T25,Other,0.0,0.0,0.0,0.0,0.0,0.0,21.0,548.6837347737746,-223.6096311161791
P07T25,Other,nan,nan,nan,nan,nan,nan,nan,1192.8523388390454,505.9118689793634
P07T25,Other,nan,nan,nan,nan,nan,nan,nan,546.7655613150682,-240.22372241646013
P07T25,Other,0.0,0.0,0.0,0.0,0.0,0.0,21.0,549.4623098216459,-226.1419560280088
P07T25,Other,nan,nan,nan,nan,nan,nan,nan,1192.8523388390454,505.9118689793634
P07T25,Other,nan,nan,nan,nan,nan,nan,nan,1192.8523388390454,505.9118689793634
P07T25,Other,nan,nan,nan,nan,nan,nan,nan,552.309840867304,-212.15409461924534
P07T25,Other,0.0,0.0,0.0,0.0,0.0,0.0,21.0,573.9064033886915,-255.51720665509353
P07T25,Other,nan,nan,nan,nan,nan,nan,nan,1192.8523388390454,505.9118689793634
P07T25,Other,0.0,0.0,0.0,0.0,0.0,0.0,22.0,569.4435632279643,-231.85000065653844
P07T25,Other,nan,nan,nan,nan,nan,nan,nan,1192.8523388390454,505.9118689793634
P07T25,Other,nan,nan,nan,nan,nan,nan,nan,592.5712198482133,70.3199041598522
P07T25,Other,nan,nan,nan,nan,nan,nan,nan,1192.8523388390454,505.9118689793634
P07T25,Other,nan,nan,nan,nan,nan,nan,nan,649.0246414686769,272.69063887306635
P07T25,Other,0.0,0.0,1246.56,180.687,0.0,0.0,7.0,1192.8523388390454,505.9118689793634
P07T25,Other,nan,nan,nan,nan,nan,nan,nan,785.2462615505408,958.7990537879442
P07T25,Other,nan,nan,nan,nan,nan,nan,nan,1192.8523388390454,505.9118689793634
P07T25,Other,nan,nan,nan,nan,nan,nan,nan,888.3367717682097,1613.9283033012985
P07T25,Other,nan,nan,nan,nan,nan,nan,nan,1192.8523388390454,505.9118689793634
P07T25,Other,nan,nan,nan,nan,nan,nan,nan,885.1310787364926,1650.4618417183333
P07T25,Other,nan,nan,nan,nan,nan,nan,nan,1192.8523388390454,505.9118689793634
P07T25,Other,nan,nan,nan,nan,nan,nan,nan,947.376428086436,2018.484783293803
P07T25,Other,nan,nan,nan,nan,nan,nan,nan,1192.8523388390454,505.9118689793634
P07T25,Other,nan,nan,nan,nan,nan,nan,nan,1091.5360478894484,2760.593010214683
P07T25,Other,nan,nan,nan,nan,nan,nan,nan,1192.8523388390454,505.9118689793634
P07T25,Other,nan,nan,nan,nan,nan,nan,nan,869.0429876994766,1540.4290836268551
P07T25,Other,nan,nan,nan,nan,nan,nan,nan,1192.8523388390454,505.9118689793634
P07T25,Other,nan,nan,nan,nan,nan,nan,nan,889.0097832951473,1728.1434352337224
P07T25,Other,nan,nan,nan,nan,nan,nan,nan,1192.8523388390454,505.9118689793634
P07T25,Other,nan,nan,nan,nan,nan,nan,nan,152.38660736772167,718.2424835909299
P07T25,Other,nan,nan,nan,nan,nan,nan,nan,1192.8523388390454,505.9118689793634
P07T25,Other,nan,nan,nan,nan,nan,nan,nan,152.38660736772167,718.2424835909299
P07T25,Other,nan,nan,nan,nan,nan,nan,nan,1192.8523388390454,505.9118689793634
P07T25,Other,nan,nan,nan,nan,nan,nan,nan,152.38660736772167,718.2424835909299
