P07T12,Neck,711.55,319.889,603.842,523.57,762.6,525.517,8.0,706.2399650899602,353.5574565634823
P07T12,Nose,711.55,319.902,594.124,517.723,760.63,525.49,8.0,736.6276142675631,370.767481241744
P07T12,Neck,709.63,319.73,592.13,519.646,758.73,523.538,8.0,706.2899363120409,353.9886175612134
P07T12,Neck,707.729,315.929,588.296,511.817,758.666,519.685,8.0,737.4955438118883,372.5814996215459
P07T12,Neck,703.833,308.142,588.178,507.918,758.652,509.924,8.0,706.4690323628181,354.6740038698243
P07T12,Nose,699.896,306.143,586.248,507.856,750.868,511.833,8.0,738.6456076950665,373.93355486947604
P07T12,Nose,697.868,306.073,578.467,502.027,745.01,513.782,8.0,703.5074692388703,356.14338971428555
P07T12,Nose,694.032,304.202,576.478,502.029,743.037,511.851,8.0,741.9839494762218,376.10144448147855
P07T12,Nose,686.238,302.229,572.585,500.112,737.11,513.799,8.0,705.2012203739002,356.4778408185936
P07T12,Nose,682.328,302.202,570.617,505.899,739.102,507.94,8.0,743.4736552998388,377.5638712952828
P07T12,Nose,680.239,302.208,560.832,496.224,729.269,517.722,8.0,705.9095993383534,357.8571501819264
P07T12,Nose,678.279,304.081,564.724,505.921,733.187,509.8,8.0,743.8805164445569,379.56129392017016
P07T12,Nose,666.538,304.095,564.698,509.821,727.347,523.617,8.0,705.0219249031535,358.2758420484012
P07T12,Nose,662.627,304.242,556.936,507.974,725.369,525.529,8.0,746.2557795119621,382.69477005542495
P07T12,Nose,652.908,306.077,551.011,515.73,721.479,531.427,8.0,703.5250407698031,361.0677698057815
P07T12,Nose,649.044,308.13,552.977,519.636,715.599,537.32,8.0,747.5843698537733,383.38800695959986
P07T12,Nose,643.127,308.086,543.233,509.954,731.262,523.623,8.0,703.7660764449131,362.37957342161326
P07T12,Nose,635.338,308.046,523.535,517.691,705.789,525.505,8.0,747.4183406052515,385.0984337271482
P07T12,Nose,633.361,306.119,539.32,507.907,717.551,513.824,8.0,704.2857059067749,363.79713407454676
P07T12,Nose,631.336,304.083,539.296,500.098,711.68,507.907,8.0,747.4760118010297,385.1235910027277
P07T12,Nose,625.491,294.416,537.271,492.258,727.291,504.025,8.0,702.9204051156803,364.4123574725599
P07T12,Nose,623.481,294.372,533.414,492.244,715.566,503.986,8.0,748.2062185448083,388.09379649109997
P07T12,Nose,619.574,296.341,535.316,490.264,707.711,513.773,8.0,703.3398807544381,366.3779344166811
P07T12,Nose,617.647,300.279,539.331,492.235,711.653,511.839,8.0,749.167186626902,388.57340134992376
P07T12,Nose,619.691,294.365,560.825,486.365,711.578,500.083,8.0,701.7562180545212,366.5591931842178
P07T12,Nose,623.549,294.376,568.633,484.376,713.555,503.981,8.0,750.3763959252321,390.62042575967354
P07T12,Nose,633.226,292.442,572.559,490.286,717.529,500.103,8.0,702.6921505379332,369.6073060539075
P07T12,Other,635.348,290.425,576.516,484.414,727.37,496.164,7.0,751.280999668782,391.6063011030678
P07T12,Other,648.874,288.411,578.427,476.54,744.952,492.168,6.0,700.8590886737967,371.70802627139193
P07T12,Other,652.894,274.798,578.426,476.485,748.878,482.463,6.0,750.9640281476248,392.89597969925745
P07T12,Other,664.634,272.721,590.173,462.861,774.301,476.541,5.0,702.7133392078961,372.9709114448149
P07T12,Other,674.46,262.998,601.912,458.889,758.715,476.51,4.0,750.5853604716343,392.8939649985738
P07T12,Other,684.253,259.058,613.687,460.901,762.66,472.662,6.0,702.5204285754901,373.5614379587178
P07T12,Other,696.02,257.136,619.615,449.176,776.368,468.728,7.0,749.9216740767499,394.8985733427561
P07T12,Other,721.424,245.451,635.296,445.265,803.719,460.809,6.0,701.9758458769925,374.85335358237154
P07T12,Other,733.213,243.395,645.026,443.218,821.344,449.147,4.0,749.9636687622923,394.97305206979706
P07T12,Other,746.924,239.5,656.787,433.459,829.196,445.288,4.0,698.9661006109752,376.50964568559925
P07T12,Other,760.614,227.695,666.651,431.441,839.045,431.578,2.0,750.3240686881662,395.11116897560254
P07T12,Other,774.402,215.979,678.296,417.778,852.641,423.702,0.0,697.9023379976709,377.4830345129293
P07T12,Other,786.126,208.13,680.286,408.006,858.575,415.861,2.0,750.0881029249238,396.1216346027737
P07T12,RKnee,795.892,198.434,680.347,402.099,868.296,411.883,0.0,697.6272376675834,378.8544792436255
P07T12,Other,805.593,196.335,695.908,413.882,866.409,413.798,4.0,749.4478235578424,397.9314493862151
P07T12,LKnee,805.79,194.365,701.894,407.995,870.442,398.257,0.0,697.9961000914783,380.277392145665
P07T12,LKnee,807.673,188.547,688.15,392.3,870.295,400.196,0.0,748.9785462385084,398.67657053690823
P07T12,Other,807.702,180.758,699.953,398.235,870.389,392.296,0.0,696.428320411469,380.61280032545227
P07T12,MidHip,807.689,182.737,698.038,402.164,870.308,394.265,0.0,749.155024580572,399.19803980195076
P07T12,MidHip,807.654,190.521,695.992,404.074,868.402,400.201,0.0,693.1101338075796,382.2610761409147
P07T12,MidHip,807.576,194.408,690.079,413.897,862.481,402.165,5.0,747.5020703174397,399.58506128675816
P07T12,MidHip,805.622,196.407,684.26,413.928,856.683,408.027,4.0,748.1624768961053,400.8945465661652
P07T12,MidHip,801.768,196.516,682.302,415.913,854.639,411.875,4.0,692.1507173707708,383.18368526634976
P07T12,MidHip,797.848,200.339,674.424,415.922,852.669,413.937,7.0,747.2461129790768,401.8600057794633
P07T12,MidHip,792.078,208.11,666.66,425.66,854.727,411.878,7.0,689.9359217982011,383.3765338066908
P07T12,MidHip,790.062,210.177,660.752,431.49,868.279,415.802,9.0,745.8343686325109,402.2008000048406
P07T12,MidHip,782.206,214.027,645.056,443.257,870.285,415.875,4.0,687.5972278177833,386.20274858231954
P07T12,MidHip,758.635,241.509,572.502,458.934,886.089,445.152,9.0,745.073309847688,403.2791543789797
P07T12,Other,746.96,249.336,554.895,466.789,889.95,449.205,9.0,686.4391118498451,388.8005992898709
P07T12,Other,742.981,259.113,541.242,460.856,884.01,462.81,8.0,742.8087230908734,403.9568330871083
P07T12,Other,733.24,272.818,541.232,462.909,874.255,476.582,8.0,684.2498001667757,389.3504028695672
P07T12,Other,727.378,286.513,517.712,478.551,868.391,492.307,8.0,743.8918593320961,405.0144326561259
P07T12,Other,721.436,296.317,521.642,486.344,852.652,507.904,8.0,683.0624664243039,391.7007219207401
P07T12,Other,713.575,306.133,529.477,490.302,837.105,523.505,8.0,743.168202001474,406.3028324969783
P07T12,Other,711.577,317.85,537.325,494.256,821.408,525.6,8.0,681.46759806636,394.8820046125916
P07T12,Other,705.784,317.915,599.959,515.758,805.738,535.307,8.0,742.8438002306982,406.6048152978964
P07T12,Other,696.032,317.891,562.781,500.083,776.26,539.226,8.0,681.6108371940329,396.80668634618553
P07T12,Other,686.241,313.943,619.585,507.85,725.377,527.479,8.0,742.295828339809,408.38491086895607
P07T12,Other,678.39,306.13,633.286,496.122,692.06,494.27,8.0,679.2643107357208,398.07038472800673
P07T12,Other,666.562,300.274,635.257,492.167,682.238,494.152,8.0,741.5149772340664,407.40061553327627
P07T12,Other,656.836,298.298,617.564,492.152,680.238,496.131,8.0,677.537866162934,400.3368446779487
P07T12,Other,648.927,304.23,605.858,505.944,680.242,509.803,8.0,741.1029815418706,407.7854630601456
P07T12,Other,635.315,313.934,590.203,521.663,684.236,525.604,8.0,678.0464230623538,402.1531713999312
P07T12,Other,627.43,323.771,584.274,543.184,696.005,545.164,8.0,738.9111692449756,407.71663859216886
P07T12,Other,617.703,343.322,582.34,586.246,697.979,582.345,8.0,675.8331645819308,402.0668839242025
P07T12,Other,615.591,364.867,554.947,598.049,721.421,590.206,9.0,738.4914159054138,408.5642045482401
P07T12,Other,607.833,382.595,539.343,617.656,731.261,605.885,10.0,674.2100343824962,403.8601508833252
P07T12,Other,601.922,417.841,509.913,650.918,748.913,650.874,10.0,736.8506981245285,407.72226215031804
P07T12,Other,592.212,431.581,480.546,656.797,758.746,635.281,10.0,672.6168650905776,405.18810623930017
P07T12,Other,588.335,429.63,462.937,629.404,758.59,619.616,10.0,736.313896965708,407.5084935332393
P07T12,Other,588.165,419.759,458.953,615.624,764.546,615.613,10.0,670.6351672543394,405.640212414844
P07T12,Other,586.298,413.854,447.282,594.145,760.643,601.913,10.0,736.259623943216,406.6223913888157
P07T12,Other,586.282,409.946,447.191,586.2,754.791,590.215,10.0,669.295315740035,404.8330750463993
P07T12,Other,586.185,407.988,445.267,574.56,748.886,586.303,10.0,735.0458302194443,407.8192177911321
P07T12,Other,582.335,408.026,443.223,574.518,745.0,586.214,10.0,668.4594363707729,405.45852940497804
P07T12,Other,580.385,411.839,443.231,570.631,742.954,592.175,10.0,667.8738950997985,406.336548120268
P07T12,Other,578.465,413.929,443.243,582.387,741.014,601.929,10.0,734.255145280197,407.4339609692729
P07T12,Other,580.392,415.86,447.151,586.253,731.236,613.683,10.0,665.8905593033029,408.4786945948764
P07T12,Other,584.354,421.727,453.083,601.886,733.231,619.531,10.0,733.1115700640077,406.5323479167572
P07T12,Other,586.322,427.543,458.963,601.983,741.078,631.297,10.0,664.1405498060137,408.8824929767613
P07T12,Other,588.267,429.461,462.892,633.265,740.979,635.281,10.0,732.4173012336721,406.3189745023914
P07T12,Other,594.116,427.581,507.885,621.571,742.918,648.892,10.0,661.7630744857935,409.9704157760941
P07T12,Other,599.968,427.531,492.142,662.717,742.956,662.7,10.0,731.4736441392101,406.7687138408478
P07T12,Other,603.835,419.798,505.91,670.533,742.933,666.671,10.0,659.7246443169197,410.7880712006461
P07T12,Other,609.764,415.931,513.836,670.529,742.919,676.424,10.0,730.8138170366415,407.2518270442505
P07T12,Other,617.534,415.842,535.344,692.028,743.015,680.282,10.0,657.7538593937719,411.6920648121958
P07T12,MidHip,619.638,413.911,552.977,690.136,743.014,676.384,10.0,730.1693411632591,407.90021842888973
P07T12,Other,631.38,411.86,586.197,674.458,742.949,668.586,10.0,656.6425947623359,412.1971757474345
P07T12,Other,633.28,409.91,598.05,664.663,741.074,658.787,10.0,728.8252400669469,408.19975687589044
P07T12,Other,633.326,406.008,603.885,650.905,735.18,656.784,10.0,656.2382718498718,413.06976950004025
P07T12,Other,633.373,404.068,617.624,643.101,729.303,658.794,9.0,728.1606013022404,407.994888391271
P07T12,Other,635.214,402.162,625.449,637.209,729.248,654.858,10.0,652.6971641704811,414.4003979185071
P07T12,Other,635.314,400.268,631.307,635.31,729.32,652.91,10.0,727.3839014031279,408.4277384135353
P07T12,Other,637.182,400.229,625.456,635.327,729.353,654.832,10.0,651.4283925041107,413.9993732394938
P07T12,Other,637.285,400.202,621.578,639.217,731.294,662.651,10.0,726.9930433231928,407.77501956354524
P07T12,Other,639.149,400.161,617.618,650.9,742.917,652.896,10.0,649.0652112137856,415.3243519715624
P07T12,Other,639.167,400.143,603.948,658.739,743.052,664.699,9.0,725.3976877096782,407.26887762626717
P07T12,Other,639.175,400.142,586.272,666.665,750.867,668.585,10.0,646.8414342573769,416.8538122385979
P07T12,Other,637.258,400.177,556.933,666.673,758.729,668.598,10.0,724.784883881357,406.39855796555787
P07T12,Other,635.288,400.206,543.189,664.647,760.679,664.627,10.0,645.5290222236786,418.7463611055113
P07T12,Other,633.213,400.136,523.547,648.934,760.659,650.896,10.0,722.4818811892637,407.54091411969637
P07T12,Other,627.428,398.276,509.849,635.31,758.718,647.029,10.0,644.1661455725919,418.84074012597927
P07T12,Other,623.511,398.231,507.937,635.274,756.763,641.158,10.0,720.8183419560016,406.2417577850864
P07T12,Other,619.626,398.291,498.124,619.596,754.796,637.278,10.0,642.0685130551137,420.04636922907196
P07T12,Other,617.638,400.124,494.307,623.488,750.839,635.265,10.0,720.1139480881302,404.92996954138096
P07T12,Other,617.559,400.168,494.215,613.735,746.91,635.277,10.0,639.3041528898513,419.3545122853399
P07T12,Other,613.693,400.142,492.249,621.545,743.03,635.306,10.0,718.8426542623486,404.63919296080155
P07T12,Other,607.876,400.125,492.171,623.482,739.082,635.328,10.0,637.5387453786815,419.70928479328956
P07T12,Other,605.853,400.124,490.276,623.507,729.389,635.237,10.0,717.938480039297,405.6741104314168
P07T12,Other,602.008,400.151,490.279,621.567,727.272,637.264,10.0,636.3998339830127,419.8219060460428
P07T12,Other,601.912,400.105,490.258,621.528,719.528,639.2,10.0,716.8638617316021,403.9392367957931
P07T12,Other,599.959,398.188,492.2,619.59,713.615,639.205,10.0,634.8338056581722,419.6097246379055
P07T12,Other,596.071,394.29,494.2,621.531,711.632,646.969,10.0,715.1619893669601,404.84457559396037
P07T12,Other,592.175,388.436,494.276,617.643,699.977,648.936,10.0,633.7805360793877,420.052065734615
P07T12,Other,592.142,384.589,496.173,621.564,697.943,645.074,10.0,715.3386376904325,404.58914605031975
P07T12,Other,592.124,382.614,502.051,623.506,695.991,648.986,10.0,631.4064596538701,420.8340511786389
P07T12,Other,592.147,380.567,505.991,621.589,695.978,646.992,10.0,712.1733550489328,402.8845455001861
P07T12,Other,590.28,374.685,507.886,627.386,695.984,635.327,10.0,628.7760523158985,419.9342929410482
P07T12,Other,592.128,370.814,507.917,619.648,696.008,637.257,10.0,711.1258192960245,403.14217659059
P07T12,Other,592.156,370.747,507.962,619.53,697.867,635.284,10.0,627.5982998466671,421.10910214669633
P07T12,Other,592.178,368.778,507.97,617.584,699.874,635.219,10.0,709.8850042551045,402.42555415869276
P07T12,Other,596.108,366.863,507.963,619.534,699.944,635.217,10.0,625.3623459014482,421.33445219910084
P07T12,Other,599.929,366.759,507.962,619.639,709.704,635.195,10.0,707.8157130583293,401.7653768828721
P07T12,Other,600.033,364.916,509.792,621.54,713.534,635.303,10.0,623.433880376152,421.0025571085805
P07T12,Other,601.939,366.758,509.852,619.613,717.514,633.274,10.0,707.2752120909067,403.3570341303233
P07T12,Other,601.99,364.916,509.862,619.537,717.582,633.254,10.0,623.0608937027521,423.0593698871987
P07T12,Other,603.869,366.91,509.798,621.511,729.404,633.35,10.0,706.0266576641673,402.49242680274165
P07T12,Other,603.899,366.916,509.807,619.668,731.241,635.277,10.0,622.1840726410528,422.30535645143493
P07T12,Other,603.892,366.924,509.789,621.603,731.257,633.318,10.0,704.6216426190334,401.86554657253396
P07T12,Other,603.87,366.801,507.93,619.538,729.387,629.392,10.0,620.731128906583,422.0920305940946
P07T12,MidHip,603.859,366.76,507.832,615.693,729.336,627.443,10.0,703.9788082783856,402.4028609300865
P07T12,Other,603.833,366.799,505.995,617.573,729.335,631.348,10.0,619.2301753263432,424.0309037168502
P07T12,MidHip,603.882,366.857,505.962,611.774,729.32,633.359,10.0,703.5130107044921,403.95534248057993
P07T12,MidHip,604.018,366.871,505.957,615.624,729.294,633.35,10.0,619.021998502396,424.29374829498727
P07T12,Other,605.912,366.875,505.933,609.796,727.391,633.31,10.0,702.433536969882,403.9398567960143
P07T12,Other,605.886,368.758,504.005,611.739,727.347,633.226,10.0,618.7061213154494,424.98074604323864
P07T12,Other,605.869,368.757,498.149,615.619,723.417,635.227,10.0,701.2285177964286,403.8625050375564
P07T12,Other,605.878,366.914,500.11,615.622,719.483,635.288,10.0,617.3940793612423,426.7426964390903
P07T12,Other,605.904,366.911,500.095,615.625,719.502,635.257,10.0,699.4550443471153,403.8963790936411
P07T12,Other,605.875,366.8,503.97,613.697,717.548,635.258,10.0,615.6816666184774,427.8433378224649
P07T12,Other,605.857,366.774,505.91,609.796,715.606,635.295,10.0,699.3604202321903,405.3998774595255
P07T12,Other,603.997,366.811,505.967,611.749,715.59,637.208,10.0,614.0823001655783,429.28594801532915
P07T12,Other,603.943,366.869,507.834,615.645,715.571,635.344,10.0,697.9279893868686,408.1996979618044
P07T12,Other,603.904,366.897,508.004,617.594,715.609,637.199,10.0,614.5614557150121,429.5902399151029
P07T12,Other,603.875,366.913,509.904,623.527,715.607,635.266,10.0,697.7786192420899,409.40237618447804
P07T12,Other,603.852,368.745,511.816,629.341,715.621,635.25,10.0,611.3547512722837,432.4105700441233
P07T12,Other,602.04,368.832,511.896,619.61,717.513,635.296,10.0,696.1448285320837,409.9153328660456
P07T12,Other,602.039,370.749,511.816,621.528,717.526,635.321,10.0,603.8163884756532,433.24058601113455
P07T12,Other,601.999,370.788,515.736,625.471,719.478,635.348,10.0,688.2487998320378,409.57093969105176
P07T12,Other,602.018,370.816,515.791,623.54,717.572,635.332,10.0,593.2006331189758,434.69798485057083
P07T12,Other,601.991,370.841,517.706,625.459,719.48,637.278,10.0,674.3877314267647,410.1233013430755
P07T12,MidHip,601.998,370.834,515.745,627.4,717.556,637.19,10.0,596.0066719227938,433.5843871439587
P07T12,Other,602.0,370.823,511.909,623.495,721.473,635.284,10.0,676.7835936769166,410.6705272670349
P07T12,Other,602.018,370.824,511.899,623.518,721.484,635.303,10.0,598.0014226568774,436.6699325801469
P07T12,MidHip,603.823,370.83,511.816,621.587,723.432,637.201,10.0,678.8533055490739,411.4945181659121
P07T12,MidHip,603.845,370.83,511.833,627.384,725.413,637.19,10.0,595.8448340904287,437.76372698192637
P07T12,Other,603.845,368.919,509.79,623.485,725.414,633.324,10.0,677.9448274974986,411.6720452600876
P07T12,Other,602.038,368.871,507.995,619.647,725.365,635.22,10.0,676.9404786992279,413.26973947495446
P07T12,Other,602.025,368.83,507.921,619.563,725.339,635.252,10.0,595.9522672672875,437.1927860695003
P07T12,Other,602.03,368.816,507.936,619.592,723.42,635.192,10.0,675.5325019781493,413.4521472742638
P07T12,Other,602.019,368.776,507.92,619.605,723.403,635.241,10.0,595.4344642317038,438.32504369282464
P07T12,MidHip,601.994,368.762,507.912,619.577,717.547,635.304,10.0,675.9057546589962,414.91642872559237
P07T12,Other,601.971,366.923,507.888,619.618,715.655,635.275,10.0,593.8861023416416,437.5218160539853
P07T12,Other,601.971,366.906,507.904,619.563,715.581,633.31,10.0,674.4646312601599,414.352643255714
P07T12,Other,601.991,366.906,507.979,619.621,715.605,633.281,10.0,592.2375968894339,439.1386645599455
P07T12,Other,602.022,366.854,509.834,621.571,715.594,633.32,10.0,673.740036273627,413.2178667349805
P07T12,Other,603.826,366.867,509.857,621.597,715.566,633.26,10.0,591.6680484047085,440.14748278519437
P07T12,Other,602.028,366.847,509.867,621.521,715.566,633.25,10.0,673.2294944631083,414.2835292613448
P07T12,Other,601.996,366.892,509.865,621.55,715.568,633.259,10.0,590.9365053778318,438.7470708010547
P07T12,Other,601.991,366.926,509.852,621.529,715.621,633.309,10.0,672.3919264383458,414.43673222091746
P07T12,Other,601.985,368.783,509.815,621.556,715.59,633.349,10.0,589.8252440550929,437.3683079589807
P07T12,Other,601.917,368.757,509.824,621.574,715.56,633.262,10.0,671.6413811642105,413.01352672687875
P07T12,Other,601.852,366.889,507.985,621.534,713.702,631.374,10.0,589.623619908535,437.7998971746139
P07T12,Other,600.02,366.899,507.938,619.537,713.684,633.26,10.0,670.546657874235,411.22026745130836
P07T12,Other,600.003,366.894,507.962,617.662,713.687,633.237,10.0,588.8381456872357,437.2180329393649
P07T12,Other,600.017,366.893,507.965,619.57,715.571,633.307,10.0,668.835579986452,411.15645035922364
P07T12,Other,600.018,366.908,507.95,619.557,715.624,633.315,10.0,587.6535992646161,437.3194803230419
P07T12,Other,599.979,368.73,507.93,617.692,715.553,633.316,10.0,668.5149445317668,410.3730400439329
P07T12,Other,598.052,368.786,507.87,619.595,713.711,633.279,10.0,587.7230832836434,435.9084502240943
P07T12,Other,598.018,368.768,507.851,619.565,713.694,633.279,10.0,668.8246983995859,410.62395342654906
P07T12,Other,598.009,368.769,507.85,619.664,713.713,633.307,10.0,587.4926164075409,434.81718446215007
P07T12,Other,596.072,368.78,507.869,619.657,713.713,633.247,10.0,668.5226396762131,410.59984061738913
P07T12,Other,596.077,368.754,507.841,621.544,713.669,633.34,10.0,587.2543243379811,433.9986048228403
P07T12,Other,596.055,366.86,507.805,617.689,713.686,631.36,10.0,668.56508018467,409.70127329526724
P07T12,Other,596.041,366.88,505.938,617.641,713.677,631.361,10.0,586.1720702562219,433.47163898430364
P07T12,Other,596.049,366.837,505.917,617.678,713.685,631.289,10.0,668.9901355294274,409.8089213326282
P07T12,Other,596.042,366.79,505.968,619.547,713.715,629.37,10.0,587.118121398573,431.5594324403221
P07T12,Other,594.108,366.798,505.924,617.627,713.718,629.357,10.0,668.1205381388295,410.3481530882879
P07T12,Other,594.103,366.848,504.012,621.525,713.701,631.337,10.0,585.6596842192876,432.9294906138201
P07T12,Other,594.089,366.89,503.989,621.553,713.69,633.233,10.0,667.9951393391888,408.87012105507245
P07T12,Other,594.102,366.939,502.049,619.674,713.697,631.364,10.0,585.2318209545554,431.9671697822816
P07T12,Other,594.09,368.764,502.015,617.609,715.544,633.279,10.0,668.0695554578937,408.571608738
P07T12,Other,592.197,368.762,500.104,619.536,715.633,633.352,10.0,586.6815384255178,432.29972627985074
P07T12,Other,592.186,368.732,498.133,619.573,715.646,633.357,10.0,669.0367776338494,410.0499347414203
P07T12,Other,592.204,368.759,498.088,617.59,717.549,633.345,10.0,586.5902362683539,432.6395101549507
P07T12,Other,594.09,366.939,498.116,619.543,715.66,633.229,10.0,587.0975240535166,433.1222095579875
P07T12,Other,594.104,366.933,498.129,617.555,719.498,633.322,10.0,667.7533754404789,409.51954014810764
P07T12,Other,594.089,368.762,498.111,619.607,719.541,633.312,10.0,586.4191589049394,434.7887579383549
P07T12,Other,592.195,368.795,496.231,617.618,721.459,635.209,10.0,669.0343267854774,409.9036125671662
P07T12,Other,592.176,368.885,498.092,619.549,719.529,635.232,10.0,586.402986775471,434.9318839684048
P07T12,Other,592.195,368.917,498.118,617.643,723.423,633.269,10.0,667.763157092453,410.8851105665739
P07T12,Other,594.103,370.759,500.062,621.544,725.39,633.325,10.0,586.8987621002948,436.0513883538733
P07T12,Other,594.159,370.824,500.088,619.649,725.377,635.258,10.0,668.7990915642353,412.19705451068467
P07T12,Other,594.151,370.831,502.008,619.627,725.399,637.219,10.0,586.7198642671426,437.8902414928317
P07T12,Other,598.055,370.774,507.8,617.543,729.355,619.644,10.0,669.5420724045127,413.76460450507255
P07T12,Other,599.934,368.792,507.96,607.867,742.957,615.608,10.0,587.5064037343078,439.09324407110887
P07T12,Other,598.036,366.793,509.865,602.011,741.046,605.843,10.0,669.495528877228,414.36829966708234
P07T12,Other,594.09,364.927,507.967,594.086,762.627,590.218,10.0,587.0119473889339,440.30955012937125
P07T12,Other,590.216,368.837,509.824,598.029,760.607,592.169,10.0,669.1045045560178,416.17679706096385
P07T12,Other,590.182,374.679,511.907,617.672,758.593,590.165,10.0,586.0507546868022,441.5907395143156
P07T12,Other,590.26,384.555,513.802,619.627,762.59,598.006,10.0,669.6617242036995,417.7492107549226
P07T12,Other,596.11,400.133,519.688,635.283,774.248,607.818,10.0,587.7118377715581,440.74671841457166
P07T12,Other,601.864,413.957,525.573,656.831,778.248,619.643,10.0,670.3783416407986,418.9772689370012
P07T12,Other,603.859,429.551,529.47,664.685,778.243,621.589,10.0,588.7841884327731,442.84884738990354
P07T12,Other,617.594,460.938,552.945,697.875,778.318,649.034,10.0,671.17788778863,419.55638986657215
P07T12,Other,623.478,476.482,560.835,715.598,780.251,662.615,10.0,588.6614022523158,441.9069039100328
P07T12,Other,621.594,480.522,562.801,701.875,778.319,674.463,10.0,672.2253601010848,420.47403521878016
P07T12,Other,619.557,482.433,564.727,699.918,776.305,680.275,10.0,590.7383757726542,442.2114876271859
P07T12,Other,615.7,472.62,562.743,690.126,774.371,682.217,10.0,672.7592117106263,420.4265508163262
P07T12,Other,615.703,449.112,555.01,652.891,776.309,666.573,9.0,589.5211822402324,442.28581293623904
P07T12,Other,617.656,419.774,554.872,645.064,778.313,652.872,9.0,673.7390087943379,422.2650541820583
P07T12,Other,621.511,392.332,547.07,619.66,786.128,633.255,8.0,591.1658701307638,442.3639596775358
P07T12,Other,629.372,359.033,535.359,582.389,786.107,605.893,8.0,674.8272008511631,422.9877117434553
P07T12,Other,633.381,323.818,527.56,541.259,790.066,537.32,8.0,593.2772381007162,441.2893633195905
P07T12,Neck,637.239,290.534,529.51,492.233,0.0,0.0,5.0,675.4702410068937,423.0296473427576
P07T12,Neck,646.954,259.024,525.49,445.204,815.484,447.147,4.0,595.4718358884027,439.17920644094636
P07T12,Neck,650.927,225.872,517.744,427.573,774.285,347.264,4.0,675.7064834181247,423.3624673541077
P07T12,Neck,664.537,198.376,523.551,386.496,788.037,296.352,3.0,595.6068004465023,438.4277532182854
P07T12,LElbow,676.407,178.806,523.557,366.78,850.772,360.955,3.0,677.2449740292076,421.8374333105378
P07T12,LElbow,684.202,161.125,513.768,353.157,888.032,362.96,7.0,596.1800639650413,437.6359959257241
P07T12,LElbow,692.095,133.67,500.113,288.506,899.814,327.685,7.0,677.5146811677162,422.27778780739277
P07T12,Neck,697.973,104.344,503.992,264.989,899.76,298.294,7.0,596.2802145676336,437.1615061860509
P07T12,MidHip,697.995,82.7382,0.0,0.0,891.889,259.068,8.0,677.8417280492546,420.92386834201943
P07T12,MidHip,698.041,55.38,0.0,0.0,837.108,121.957,9.0,596.3047656993899,435.96351566862273
P07T12,MidHip,703.82,37.6394,0.0,0.0,889.964,133.683,4.0,678.501677658835,420.9679622320538
P07T12,MidHip,0.0,0.0,0.0,0.0,917.305,116.021,10.0,597.6337767398682,435.11664880495186
P07T12,MidHip,717.52,5.37165,509.933,63.1745,897.817,70.9885,8.0,678.4295291488455,419.31962065323694
P07T12,MidHip,0.0,0.0,0.0,0.0,0.0,0.0,16.0,598.5242258977493,435.57715898154873
P07T12,MidHip,0.0,0.0,0.0,0.0,0.0,0.0,16.0,679.4400347602857,419.2614650287897
P07T12,MidHip,0.0,0.0,0.0,0.0,0.0,0.0,16.0,597.2945660466278,433.0952934380484
P07T12,MidHip,0.0,0.0,0.0,0.0,0.0,0.0,16.0,679.1916216147849,417.8697703716198
P07T12,MidHip,0.0,0.0,0.0,0.0,0.0,0.0,13.0,597.6382400908502,432.3982539390947
P07T12,MidHip,764.562,5.37977,0.0,0.0,1083.89,167.009,13.0,679.402575751871,416.68130545022467
P07T12,LElbow,778.31,5.35778,601.929,88.6471,0.0,0.0,9.0,598.4055034189295,431.0945763871895
P07T12,LElbow,807.663,5.34125,0.0,0.0,0.0,0.0,15.0,679.8994851500365,416.6493835780965
P07T12,LElbow,821.433,16.1331,650.958,125.889,0.0,0.0,11.0,597.0277965348666,431.0377807704261
P07T12,LElbow,884.118,84.7857,664.638,290.459,1113.29,584.309,4.0,680.485219601215,414.4753100951859
P07T12,LElbow,899.768,92.5725,819.383,333.491,1091.74,527.507,5.0,597.2976431990808,429.5181628748822
P07T12,LElbow,915.34,98.4298,743.017,306.109,1060.37,482.44,5.0,680.6765599344023,413.4328174076555
P07T12,LElbow,919.39,90.6484,899.726,339.439,1054.49,498.137,4.0,598.1907561511803,429.5924557325976
P07T12,LElbow,925.181,78.8747,878.193,286.476,1040.85,490.302,5.0,680.4093932838011,413.1126786284945
P07T12,LElbow,919.388,61.2414,872.316,278.737,1040.74,478.576,4.0,597.1796443709883,427.05038511474044
P07T12,LElbow,919.295,43.622,695.958,288.453,1040.82,478.466,4.0,680.6458949480906,413.50596593043645
P07T12,LElbow,917.398,33.821,797.865,227.762,1056.5,511.844,5.0,599.2214664467939,426.0536230412557
P07T12,Other,917.352,22.0825,776.341,186.618,1078.04,462.828,6.0,680.5676726942229,412.1269895673689
P07T12,Other,917.364,19.9976,791.971,149.36,0.0,0.0,7.0,598.672607011885,426.9835889890869
P07T12,MidHip,919.371,5.34693,0.0,0.0,0.0,0.0,10.0,680.5081089878705,412.78670366162225
P07T12,MidHip,929.087,5.35222,680.317,147.421,1123.08,439.337,6.0,599.4748023456264,425.3089675023584
P07T12,LElbow,937.002,5.35386,570.577,292.443,0.0,0.0,12.0,680.6416536464059,414.2848725763244
P07T12,MidHip,933.093,5.36121,711.642,88.6399,0.0,0.0,12.0,599.0617687825533,426.64407794939643
P07T12,MidHip,929.109,5.35854,699.911,82.8123,0.0,0.0,9.0,680.478213529027,412.76286451278554
P07T12,LElbow,921.303,5.35594,0.0,0.0,0.0,0.0,7.0,598.880058066424,426.29411249110916
P07T12,MidHip,911.456,5.35472,631.316,147.431,0.0,0.0,9.0,681.3136254017406,413.1795295077894
P07T12,MidHip,0.0,0.0,635.283,180.782,1054.53,460.909,9.0,600.9154302058746,426.03935336508033
P07T12,LElbow,891.924,39.6106,0.0,0.0,1038.82,492.22,6.0,681.1355009139695,412.7455829395684
P07T12,MidHip,874.261,69.1515,0.0,0.0,0.0,0.0,10.0,601.7540767592791,426.3604249260213
P07T12,MidHip,866.379,112.168,558.833,370.797,0.0,0.0,9.0,681.5283317927165,413.9652228386593
P07T12,MidHip,856.663,147.392,613.725,329.644,991.788,313.956,8.0,603.3696217514831,423.60871666835357
P07T12,Neck,856.643,167.052,0.0,0.0,1056.47,464.82,9.0,681.9479918138405,413.7846167283067
P07T12,LElbow,868.294,184.645,576.508,437.398,0.0,0.0,10.0,603.6292165250206,424.63725604133714
P07T12,MidHip,884.096,192.45,695.946,419.762,1078.01,574.544,8.0,683.5354790435962,415.0766842288327
P07T12,MidHip,901.62,188.599,650.939,451.101,1103.49,554.949,9.0,603.9660612141226,424.87110243517975
P07T12,MidHip,901.746,178.851,693.984,415.902,1097.61,502.029,9.0,684.1889087346435,414.5513634150163
P07T12,MidHip,897.712,149.487,707.742,406.044,1132.87,415.79,9.0,604.4158102409117,425.09754453864775
P07T12,MidHip,901.644,149.422,746.94,425.644,1162.25,421.696,9.0,684.1766453911238,413.9831659988793
P07T12,MidHip,927.177,178.702,709.706,470.691,0.0,0.0,11.0,605.8987792687527,425.6359064031265
P07T12,MidHip,948.658,180.697,737.15,488.297,0.0,0.0,11.0,684.8126009863367,414.91519455815353
P07T12,Neck,1038.87,212.088,0.0,0.0,0.0,0.0,13.0,685.5818446412211,415.8214067015699
P07T12,Neck,1056.52,227.719,0.0,0.0,1117.21,580.413,15.0,606.5328285511798,425.2231634740129
P07T12,LElbow,1081.93,272.756,0.0,0.0,1058.41,641.149,15.0,688.3156967442961,414.6908890699282
P07T12,Other,1087.87,333.554,0.0,0.0,0.0,0.0,14.0,609.262022279501,426.7312794466828
P07T12,Other,1109.4,333.496,0.0,0.0,1166.2,586.208,13.0,689.2158671552106,415.4268950924504
P07T12,Other,1156.4,331.594,592.15,699.979,0.0,0.0,15.0,610.7401500926129,424.8148654781962
P07T12,Other,1152.4,353.211,0.0,0.0,0.0,0.0,17.0,690.6532969786895,417.5218080105862
P07T12,Other,1121.07,353.115,0.0,0.0,0.0,0.0,17.0,613.6249023778594,426.11404752448277
P07T12,Other,1093.7,337.522,0.0,0.0,0.0,0.0,16.0,691.0338971538634,418.3747664356101
P07T12,Other,1105.51,353.079,0.0,0.0,0.0,0.0,16.0,616.1016886958425,427.51988469548843
P07T12,RElbow,1089.79,411.95,0.0,0.0,0.0,0.0,17.0,691.3897250430218,419.437070731274
P07T12,Neck,1025.17,425.649,0.0,0.0,0.0,0.0,17.0,618.9190181398598,426.5780666510486
P07T12,Other,978.117,407.965,429.578,686.215,0.0,0.0,15.0,693.0619927139946,423.66527051760596
P07T12,Other,991.777,329.649,0.0,0.0,0.0,0.0,15.0,620.626003308307,424.3168612980524
P07T12,Other,1021.23,284.584,0.0,0.0,1162.27,678.383,14.0,691.8624006668833,424.4411006818795
P07T12,Other,1036.88,304.213,0.0,0.0,1221.05,615.65,14.0,623.4836095373977,424.85305043704335
P07T12,Other,1042.86,304.17,672.472,672.471,1248.46,541.206,13.0,624.5724316022271,433.29037107030126
P07T12,Other,1044.71,304.213,617.608,647.001,1260.2,492.265,13.0,693.3345564127942,426.2916084502364
P07T12,Other,1032.97,304.152,650.91,670.508,1260.21,511.863,10.0,625.7822495353445,441.29748844241755
P07T12,Other,1025.09,292.454,651.001,574.547,1224.98,603.928,10.0,699.5392531190124,443.5258739458381
P07T12,Other,1011.49,288.545,0.0,0.0,1199.55,641.151,10.0,693.1483157640612,423.556345941142
P07T12,Other,993.838,286.475,676.394,543.161,1152.43,660.728,10.0,691.5064928730034,450.7629363356417
P07T12,Other,966.388,282.634,676.391,502.03,1105.49,625.481,10.0,1305.7667728663273,508.39864734395786
P07T12,Other,938.932,286.523,0.0,0.0,1068.22,625.464,11.0,156.40145059726996,623.6572161968008
P07T12,Other,913.485,292.461,678.366,460.933,1025.03,637.243,9.0,1305.7667728663273,508.39864734395786
P07T12,Other,891.939,310.012,680.318,588.215,1003.57,641.157,10.0,156.40145059726996,623.6572161968008
P07T12,Other,874.318,321.846,690.115,488.325,976.094,656.826,9.0,156.40145059726996,623.6572161968008
P07T12,Other,870.359,333.529,696.008,605.879,948.719,670.559,9.0,1305.7667728663273,508.39864734395786
P07T12,Other,868.482,331.564,0.0,0.0,948.69,666.567,11.0,156.40145059726996,623.6572161968008
P07T12,Other,870.294,315.874,0.0,0.0,972.228,643.065,11.0,1305.7667728663273,508.39864734395786
P07T12,Other,870.266,290.444,0.0,0.0,997.677,621.512,11.0,156.40145059726996,623.6572161968008
P07T12,Other,868.462,274.817,637.235,529.489,1017.26,619.519,10.0,1305.7667728663273,508.39864734395786
P07T12,Other,864.498,263.042,558.834,541.214,1040.86,621.544,10.0,156.40145059726996,623.6572161968008
P07T12,Other,846.827,268.912,519.647,492.178,1119.22,600.016,10.0,1305.7667728663273,508.39864734395786
P07T12,MidHip,846.864,276.758,478.585,460.914,1054.52,647.042,10.0,156.40145059726996,623.6572161968008
P07T12,Neck,842.961,286.534,462.831,431.475,1076.08,666.615,10.0,1305.7667728663273,508.39864734395786
P07T12,Neck,844.904,306.174,492.232,404.118,1152.45,697.998,11.0,156.40145059726996,623.6572161968008
P07T12,Neck,841.034,337.513,488.309,404.064,0.0,0.0,14.0,1305.7667728663273,508.39864734395786
P07T12,Other,848.833,366.927,509.853,460.89,0.0,0.0,15.0,156.40145059726996,623.6572161968008
P07T12,Other,848.82,392.339,541.223,462.829,0.0,0.0,15.0,1305.7667728663273,508.39864734395786
P07T12,Other,842.9,400.108,533.364,570.573,0.0,0.0,15.0,156.40145059726996,623.6572161968008
P07T12,Neck,837.118,413.805,547.126,594.103,0.0,0.0,14.0,1305.7667728663273,508.39864734395786
P07T12,Neck,852.783,413.9,586.253,603.917,0.0,0.0,14.0,156.40145059726996,623.6572161968008
P07T12,Neck,882.136,364.881,590.218,533.404,1078.04,652.947,12.0,1305.7667728663273,508.39864734395786
P07T12,Neck,886.027,349.171,517.72,509.901,1103.51,623.497,10.0,156.40145059726996,623.6572161968008
P07T12,Neck,891.936,349.153,525.569,523.584,1103.45,507.945,10.0,1305.7667728663273,508.39864734395786
P07T12,Other,899.638,362.919,550.996,566.704,1058.41,715.624,13.0,156.40145059726996,623.6572161968008
P07T12,Other,880.157,406.05,0.0,0.0,1121.12,613.722,14.0,1305.7667728663273,508.39864734395786
P07T12,Other,880.132,255.147,0.0,0.0,1085.82,519.656,11.0,156.40145059726996,623.6572161968008
P07T12,Other,882.136,241.542,821.344,654.824,1105.4,433.434,10.0,1305.7667728663273,508.39864734395786
P07T12,MidHip,888.057,241.497,676.396,588.306,1123.09,519.68,12.0,156.40145059726996,623.6572161968008
P07T12,MidHip,915.336,274.772,750.842,601.919,1125.04,523.605,11.0,1305.7667728663273,508.39864734395786
P07T12,MidHip,917.405,261.07,727.294,556.93,1089.78,566.677,10.0,156.40145059726996,623.6572161968008
P07T12,Neck,931.101,288.494,731.233,543.236,0.0,0.0,11.0,1305.7667728663273,508.39864734395786
P07T12,Neck,946.754,319.905,729.31,541.219,0.0,0.0,11.0,156.40145059726996,623.6572161968008
P07T12,Other,934.991,333.562,639.149,519.682,0.0,0.0,11.0,1305.7667728663273,508.39864734395786
P07T12,Other,891.915,311.973,0.0,0.0,0.0,0.0,12.0,156.40145059726996,623.6572161968008
P07T12,Neck,870.316,302.168,0.0,0.0,0.0,0.0,12.0,1305.7667728663273,508.39864734395786
P07T12,Neck,882.072,306.224,523.556,449.139,884.088,715.62,11.0,156.40145059726996,623.6572161968008
P07T12,Neck,888.025,308.114,541.201,451.137,0.0,0.0,11.0,1305.7667728663273,508.39864734395786
P07T12,Neck,901.686,306.106,549.068,486.367,0.0,0.0,12.0,1305.7667728663273,508.39864734395786
P07T12,Neck,913.445,306.052,545.13,554.888,0.0,0.0,12.0,156.40145059726996,623.6572161968008
P07T12,Neck,917.44,294.402,590.224,560.834,0.0,0.0,12.0,621.1089155247581,21.094069113538794
P07T12,Neck,931.171,292.416,686.216,511.819,0.0,0.0,11.0,156.40145059726996,623.6572161968008
P07T12,Other,933.132,268.901,695.991,476.508,0.0,0.0,11.0,625.0090269730904,40.512454993957164
P07T12,Other,942.816,251.28,0.0,0.0,0.0,0.0,13.0,156.40145059726996,623.6572161968008
P07T12,Neck,1027.08,290.51,0.0,0.0,0.0,0.0,16.0,625.8406814793618,41.88503435664439
P07T12,Other,1058.52,306.181,0.0,0.0,0.0,0.0,17.0,156.40145059726996,623.6572161968008
P07T12,Other,1062.36,351.165,697.955,498.125,0.0,0.0,15.0,626.8917301156705,44.54324144036127
P07T12,Other,1058.34,370.811,0.0,0.0,0.0,0.0,16.0,156.40145059726996,623.6572161968008
P07T12,Other,1013.37,386.498,0.0,0.0,0.0,0.0,18.0,636.4698696180654,46.0308261903357
P07T12,Other,976.158,384.574,0.0,0.0,0.0,0.0,16.0,156.40145059726996,623.6572161968008
P07T12,Other,942.818,372.737,0.0,0.0,0.0,0.0,16.0,635.7028471139588,41.33546135477899
P07T12,Other,882.076,382.525,0.0,0.0,0.0,0.0,16.0,156.40145059726996,623.6572161968008
P07T12,Neck,854.602,366.866,500.087,715.615,0.0,0.0,15.0,636.998415161771,44.71940043073121
P07T12,Other,850.773,370.789,0.0,0.0,0.0,0.0,16.0,156.40145059726996,623.6572161968008
P07T12,Other,823.364,368.806,0.0,0.0,1101.54,715.589,15.0,638.2055124394993,47.639489187159924
P07T12,Neck,794.008,382.549,0.0,0.0,0.0,0.0,15.0,156.40145059726996,623.6572161968008
P07T12,Neck,731.242,402.166,0.0,0.0,0.0,0.0,16.0,646.6956638930674,41.71296174564916
P07T12,Other,707.739,380.519,400.183,662.678,0.0,0.0,15.0,672.8056266377253,45.566746890717695
P07T12,Neck,680.296,355.154,384.433,664.623,0.0,0.0,15.0,647.4275840644052,45.33665150371438
P07T12,Other,668.558,382.568,409.937,662.704,0.0,0.0,15.0,673.7190134979579,46.65644826854954
P07T12,Neck,676.37,402.165,443.258,662.67,0.0,0.0,15.0,647.520662238966,40.68677960622362
P07T12,Neck,672.461,378.589,445.194,643.081,0.0,0.0,15.0,674.0799710109709,46.03965027365375
P07T12,Neck,656.79,380.539,443.253,635.244,0.0,0.0,14.0,648.9755786173464,44.28444726924814
P07T12,Other,639.202,390.385,425.6,639.207,0.0,0.0,14.0,675.2195141563844,47.47785617013047
P07T12,Other,621.533,406.056,408.015,631.312,0.0,0.0,14.0,650.3429000982007,47.33814917222686
P07T12,Other,621.612,398.234,413.925,601.898,0.0,0.0,14.0,674.5202418483325,50.59340864223712
P07T12,Neck,635.359,368.801,425.63,592.13,0.0,0.0,14.0,650.4725362043907,42.78636660133725
P07T12,Neck,664.702,366.887,449.148,603.848,0.0,0.0,14.0,678.4771297386301,46.76172881259302
P07T12,Neck,699.892,376.614,462.86,603.874,0.0,0.0,15.0,651.9614501298693,46.54459853609569
P07T12,Neck,725.361,382.585,460.94,601.973,0.0,0.0,15.0,678.6549760745824,47.246321171373424
P07T12,Neck,741.064,384.439,443.274,596.067,0.0,0.0,15.0,652.1088754553778,42.0548173771899
P07T12,Neck,727.323,368.859,443.266,564.755,0.0,0.0,15.0,680.3850107212045,47.30562951891627
P07T12,Neck,746.955,368.907,441.285,580.411,0.0,0.0,15.0,653.616738140127,45.86375307879338
P07T12,Neck,758.656,394.3,474.627,607.831,0.0,0.0,15.0,680.9839141541466,48.35697006449411
P07T12,Neck,772.353,425.645,486.372,601.9,0.0,0.0,15.0,655.0391310775753,49.09694433692415
P07T12,Other,792.016,398.236,570.626,574.565,0.0,0.0,15.0,683.0685556236087,49.876522909397195
P07T12,Neck,864.488,411.857,525.564,601.995,0.0,0.0,15.0,655.2211728290501,44.75647213092771
P07T12,Other,848.782,476.568,554.921,637.242,0.0,0.0,15.0,683.9072379450593,50.59210275400277
P07T12,Other,778.336,411.941,500.095,598.054,1093.69,652.889,13.0,656.7645288078864,48.71218725775316
P07T12,Neck,743.054,343.313,554.877,582.372,1121.16,556.941,13.0,684.5726345811682,52.62542035277578
P07T12,Other,793.916,355.075,662.685,605.899,1066.24,474.595,13.0,656.9682009924438,44.393920461318466
P07T12,Other,801.739,366.827,650.906,607.816,0.0,0.0,14.0,685.6124202979199,54.071001553952684
P07T12,Other,760.702,339.474,633.277,572.566,0.0,0.0,15.0,658.5292904832429,48.42524624778774
P07T12,Other,741.038,311.984,635.313,539.268,0.0,0.0,13.0,686.0099888088195,55.68654347356781
P07T12,Other,768.458,335.54,641.152,554.96,0.0,0.0,15.0,657.4933468285532,36.50989348814732
P07T12,Other,792.034,351.12,652.861,554.891,0.0,0.0,14.0,686.2521463037765,57.515323660867125
P07T12,Neck,788.006,337.397,627.419,543.2,0.0,0.0,12.0,661.6735081644592,56.51431471321746
P07T12,Neck,778.312,304.227,617.603,509.901,0.0,0.0,11.0,688.9560556343741,58.559362936461866
P07T12,MidHip,786.061,272.725,603.916,492.253,839.023,715.618,10.0,661.7240874024576,51.12505381919797
P07T12,MidHip,770.427,243.419,598.051,488.339,897.746,676.375,10.0,688.8144688346731,62.3870729005914
P07T12,Neck,760.701,249.31,586.264,505.983,931.037,662.706,10.0,663.3480477283949,55.28515768642407
P07T12,MidHip,742.919,272.852,558.895,541.241,1009.37,588.222,10.0,689.793119270546,65.85334757705753
P07T12,Neck,727.391,290.548,549.062,551.032,1011.44,631.315,11.0,663.6152713135757,51.3364021720392
P07T12,Neck,699.958,306.124,521.636,633.248,0.0,0.0,14.0,690.8752727264475,69.45325315087986
P07T12,Neck,719.481,347.215,541.227,645.053,1060.4,664.659,13.0,665.2469575025716,55.67852482250443
P07T12,Neck,729.263,368.79,619.627,619.634,1015.32,619.623,13.0,692.4317618085231,71.25435512043039
P07T12,Other,762.654,400.202,584.284,650.981,1105.52,648.922,13.0,666.7958274404974,59.432428320515356
P07T12,Other,807.751,384.564,666.621,637.243,0.0,0.0,14.0,693.1995692646616,75.91705802333236
P07T12,Neck,831.171,353.123,668.542,613.681,1085.83,715.611,13.0,668.3627051923465,63.26814983276109
P07T12,Neck,811.548,302.23,658.772,586.299,0.0,0.0,14.0,694.5178333032187,77.49717061591966
P07T12,Neck,821.425,270.829,664.615,572.538,0.0,0.0,14.0,695.4139845222533,78.80649361150836
P07T12,MidHip,825.273,229.784,662.63,547.097,0.0,0.0,12.0,670.1623345067774,65.62633973984069
P07T12,MidHip,825.338,200.312,652.923,527.52,1060.38,684.251,11.0,696.8655970564976,81.18208216534727
P07T12,MidHip,829.192,190.557,617.632,527.527,1175.97,668.586,11.0,671.7691772105337,69.7126285801621
P07T12,Neck,868.346,245.424,584.331,633.285,0.0,0.0,15.0,705.1233523311917,88.89318590068407
P07T12,Neck,891.937,249.289,0.0,0.0,0.0,0.0,16.0,691.7070311438135,79.53483881045527
P07T12,Neck,919.352,317.811,0.0,0.0,0.0,0.0,16.0,744.5753061007704,127.03703976717479
P07T12,Other,1001.65,323.803,0.0,0.0,0.0,0.0,17.0,713.9612473591401,113.02191997194628
P07T12,Other,1140.69,368.889,0.0,0.0,0.0,0.0,17.0,780.967505967235,164.2357044733271
P07T12,Other,1203.44,362.96,0.0,0.0,0.0,0.0,17.0,733.5715677638862,150.75613892838763
P07T12,Other,1199.58,333.512,735.168,637.226,0.0,0.0,16.0,797.6223518074988,183.01719026819262
P07T12,Neck,1160.33,294.342,645.037,586.274,0.0,0.0,15.0,746.0737450092658,176.85045630400057
P07T12,Other,1087.82,290.41,547.077,645.05,0.0,0.0,15.0,789.9957519091411,181.72090770829524
P07T12,Other,1029.09,276.793,603.966,609.78,0.0,0.0,15.0,728.13170705567,169.47656218245095
P07T12,Other,1023.19,302.235,641.125,664.667,0.0,0.0,15.0,786.4898561286263,178.9640648325742
P07T12,Other,976.091,337.555,639.214,592.144,0.0,0.0,15.0,740.4416827269656,175.42014735629186
P07T12,Neck,870.452,278.736,648.904,541.228,1042.76,697.944,10.0,788.8649045881364,179.0804353548965
P07T12,Neck,866.438,259.147,631.332,507.918,0.0,0.0,11.0,749.5021647064468,172.43561456689642
P07T12,Neck,864.503,249.313,0.0,0.0,1213.23,466.806,11.0,791.0335391603273,180.53144061320836
P07T12,MidHip,854.708,241.389,619.613,486.361,0.0,0.0,11.0,738.7301373743314,174.00908476659606
P07T12,Neck,844.891,237.565,645.071,478.59,1130.95,478.513,10.0,790.278458029122,181.57156744530553
P07T12,Neck,837.083,239.498,609.812,492.259,1154.43,531.428,10.0,740.3756141071212,176.33955068685466
P07T12,Neck,886.02,276.712,0.0,0.0,1174.0,554.943,11.0,790.9179116896439,184.46599095488318
P07T12,Neck,931.024,310.054,727.316,572.548,1221.04,574.549,11.0,741.1238687925544,177.32217596032731
P07T12,Neck,950.735,321.841,729.339,590.264,1179.88,696.003,11.0,791.1098015172219,184.86645203776928
P07T12,RElbow,936.992,431.465,680.303,684.285,0.0,0.0,15.0,742.8261611392667,177.5721856220487
P07T12,RElbow,899.673,353.165,725.395,635.213,0.0,0.0,14.0,790.7500685582615,184.47816446783008
P07T12,Neck,940.889,415.903,801.766,684.245,0.0,0.0,15.0,743.668280117293,179.14844127453804
P07T12,Neck,942.846,449.135,668.582,697.902,0.0,0.0,15.0,790.0949965497887,184.10439680310967
P07T12,Other,931.08,492.203,0.0,0.0,0.0,0.0,16.0,743.3736054984936,180.8982575349411
P07T12,Other,966.363,482.415,0.0,0.0,0.0,0.0,16.0,789.3853666851386,184.143711617294
P07T12,Other,997.765,447.131,0.0,0.0,0.0,0.0,16.0,744.2001907413974,181.41538535594387
P07T12,Other,995.707,394.241,0.0,0.0,0.0,0.0,16.0,787.9677632945662,184.8781366838268
P07T12,Other,991.762,357.065,0.0,0.0,0.0,0.0,16.0,746.1864797996654,183.6522590859046
P07T12,Neck,980.094,353.212,0.0,0.0,0.0,0.0,16.0,788.3293678480125,184.83037652533966
P07T12,Neck,1007.51,378.605,0.0,0.0,0.0,0.0,18.0,744.967825393338,183.93008416123175
P07T12,Neck,984.002,382.547,0.0,0.0,0.0,0.0,18.0,788.6050413148919,185.96709466389234
P07T12,Other,952.608,382.537,0.0,0.0,0.0,0.0,15.0,744.4927648567184,185.43408920891954
P07T12,Other,946.695,376.62,0.0,0.0,0.0,0.0,15.0,744.2489891815032,185.88662623345365
P07T12,Neck,917.476,335.512,0.0,0.0,1138.73,574.506,14.0,787.6632632619376,185.34524977047502
P07T12,Neck,899.704,294.346,0.0,0.0,1172.05,507.881,14.0,743.8895062539498,186.20789846495225
P07T12,Neck,866.363,259.064,623.517,715.627,1179.89,486.375,13.0,788.1073406506102,186.9118900599943
P07T12,Other,819.375,245.356,584.291,715.623,0.0,0.0,15.0,743.9568014898803,188.48709126077617
P07T12,Other,805.655,261.061,574.549,680.321,0.0,0.0,14.0,787.2816814631597,186.54801888087627
P07T12,Neck,837.033,290.463,588.281,645.053,1170.11,601.981,11.0,745.062198056906,189.9962445914252
P07T12,Other,884.104,292.431,649.012,621.581,1177.92,609.795,13.0,786.2201880336406,186.9295128190628
P07T12,Other,960.433,304.199,745.016,627.441,1232.77,599.983,13.0,745.7664403537692,189.81942659197395
P07T12,Other,1025.04,308.048,807.724,629.373,1262.15,629.38,13.0,787.3693047567976,188.41121900747314
P07T12,Other,1060.38,263.003,860.574,607.828,0.0,0.0,11.0,744.9549811634672,191.41053906538457
P07T12,Neck,1087.78,231.69,862.528,572.521,1250.46,715.629,10.0,786.2837835678077,187.29927772658655
P07T12,MidHip,1074.15,204.219,852.706,507.881,0.0,0.0,11.0,745.6043713467491,191.37783904229855
P07T12,MidHip,1040.77,192.441,811.574,478.499,1150.52,715.617,10.0,786.9854864952994,189.4202510198661
P07T12,MidHip,991.751,194.456,774.333,523.56,0.0,0.0,11.0,755.3194751085753,189.38680605536862
P07T12,Neck,968.34,227.813,815.523,505.92,0.0,0.0,11.0,786.7702609178152,188.71608124607812
P07T12,Neck,978.163,259.159,829.212,527.533,0.0,0.0,11.0,745.6619985678183,190.8975158086842
P07T12,LElbow,978.044,282.602,760.681,584.309,0.0,0.0,14.0,784.9444554196132,186.95176192152906
P07T12,Neck,964.474,294.352,752.798,584.34,0.0,0.0,14.0,745.9810348853912,190.4596147546919
P07T12,Other,976.106,333.498,741.063,605.857,0.0,0.0,14.0,785.5689552146387,187.50037452292554
P07T12,Other,960.443,319.887,701.902,601.988,0.0,0.0,14.0,745.4397311085607,191.6764463309992
P07T12,Neck,919.389,306.142,0.0,0.0,0.0,0.0,16.0,785.1512063345768,188.87224067046677
P07T12,Neck,886.048,308.108,625.471,621.533,0.0,0.0,14.0,748.3075198421373,210.1842486415259
P07T12,Neck,870.324,321.834,725.373,625.46,0.0,0.0,15.0,788.9719084364012,197.7572409370424
P07T12,Neck,860.579,308.074,633.321,650.901,0.0,0.0,15.0,753.6900178949975,254.824881027022
P07T12,RElbow,836.953,280.653,664.663,621.518,0.0,0.0,15.0,801.6151716002765,245.91735516078657
P07T12,RElbow,841.021,239.46,686.182,590.223,0.0,0.0,14.0,745.371415524497,268.98058820932243
P07T12,Neck,868.451,247.374,676.407,617.662,0.0,0.0,14.0,822.3978650120446,276.44219868022736
P07T12,Neck,887.966,288.463,668.593,625.461,0.0,0.0,14.0,748.2279879501143,275.83095120456096
P07T12,Neck,899.759,302.156,762.599,586.312,0.0,0.0,14.0,822.1598172488791,273.5763930283487
P07T12,Other,901.701,308.079,666.638,648.955,0.0,0.0,15.0,748.3423957059983,266.99983279195146
P07T12,Other,903.683,335.443,719.52,599.96,0.0,0.0,14.0,811.7602995203115,252.5501913232687
P07T12,Other,936.971,319.781,793.954,590.232,1097.61,695.959,13.0,750.1970899595167,261.7676434365083
P07T12,Other,1021.19,274.743,921.273,527.553,1054.51,513.772,13.0,810.1865852537408,252.73544091311825
P07T12,RElbow,1081.91,257.202,964.418,472.659,0.0,0.0,16.0,750.3165774212632,261.67353390190135
P07T12,MidHip,1074.02,198.393,964.385,413.881,1087.81,372.726,10.0,808.6672576152631,252.8121372753237
P07T12,LElbow,1056.4,161.137,962.412,370.783,1162.27,633.295,10.0,751.5472882730803,261.70148199564125
P07T12,LElbow,1038.82,133.717,960.46,343.329,0.0,0.0,11.0,809.4779952133537,254.8069863597896
P07T12,MidHip,1027.04,131.707,950.729,351.142,0.0,0.0,11.0,749.9261414331813,260.3378780847176
P07T12,MidHip,1009.47,133.762,929.103,370.766,1226.89,509.829,10.0,809.2006745190927,255.48834956167806
P07T12,MidHip,993.769,143.467,907.604,407.996,0.0,0.0,11.0,750.5953850768669,258.79040918678146
P07T12,MidHip,1005.51,180.826,866.426,476.526,1177.94,715.598,10.0,809.5527024349049,255.176046200118
P07T12,MidHip,972.249,153.325,897.794,453.059,0.0,0.0,11.0,750.9580735519578,258.5139548340108
P07T12,MidHip,944.771,170.951,840.996,509.92,0.0,0.0,12.0,809.5876042619062,254.79447457159864
P07T12,RElbow,932.962,227.72,807.668,556.915,0.0,0.0,15.0,750.3630691252482,257.5577483002815
P07T12,Neck,946.771,245.404,831.14,537.247,0.0,0.0,14.0,808.4797817238211,254.14664199062238
P07T12,MidHip,954.584,210.15,823.371,505.952,0.0,0.0,12.0,753.5083282405387,256.25873200474837
P07T12,LElbow,970.247,210.175,842.924,507.896,0.0,0.0,14.0,806.0322602884322,252.02823362978074
P07T12,Neck,995.747,208.15,815.492,494.163,0.0,0.0,15.0,750.65857380183,255.22595540075213
P07T12,Neck,976.179,227.802,764.564,505.922,0.0,0.0,15.0,805.2790966654632,251.00889427820752
P07T12,LElbow,980.053,259.076,752.819,519.633,0.0,0.0,14.0,751.3658494836909,255.09949368748048
P07T12,Other,980.109,278.672,758.671,535.335,0.0,0.0,14.0,804.489171171276,251.33673894802496
P07T12,Other,970.273,288.398,739.078,547.106,1111.32,541.193,13.0,749.3930745699458,254.43757509322475
P07T12,LElbow,964.373,286.556,0.0,0.0,0.0,0.0,16.0,802.847555360079,249.81589590786947
P07T12,Other,1009.46,319.805,0.0,0.0,1121.11,570.623,15.0,750.3409557051652,253.43963675469274
P07T12,Other,1032.94,321.848,0.0,0.0,0.0,0.0,16.0,800.3032512102552,249.08728116433198
P07T12,Other,1009.36,333.488,0.0,0.0,1168.2,417.778,13.0,749.234073695045,251.2284493258239
P07T12,Other,964.364,359.011,882.065,413.836,0.0,0.0,12.0,799.9744028737468,249.02282408266234
P07T12,Other,932.982,321.819,0.0,0.0,0.0,0.0,13.0,748.7577186279634,251.90636559540832
P07T12,Other,931.138,304.181,743.018,468.736,0.0,0.0,12.0,799.5532693077744,248.26813476920415
P07T12,Other,946.654,312.028,664.573,678.374,0.0,0.0,14.0,748.7029999815018,252.42156482081054
P07T12,Other,935.064,306.147,621.557,631.293,0.0,0.0,14.0,797.4129943572532,247.2684078075677
P07T12,Neck,917.358,288.558,598.054,574.534,0.0,0.0,14.0,748.0634558867594,251.5068845234816
P07T12,MidHip,888.036,264.97,576.485,527.528,0.0,0.0,12.0,796.0523209556529,246.66346456896494
P07T12,LElbow,884.144,259.171,607.832,537.277,925.211,715.624,13.0,747.1994361383609,251.19639765545648
P07T12,Neck,886.019,263.031,645.046,547.111,1034.92,603.895,10.0,795.1048706803688,245.88164757039848
P07T12,Neck,882.041,251.229,631.326,507.904,1074.15,543.194,10.0,746.2377206962866,252.43354835557824
P07T12,Neck,872.366,229.774,635.287,509.906,0.0,0.0,12.0,792.5725844593312,244.48862313509593
P07T12,MidHip,870.409,227.838,633.315,496.166,0.0,0.0,11.0,744.8951386916245,251.48103439755002
P07T12,MidHip,864.507,216.02,662.672,494.143,1027.07,676.409,10.0,790.982385052651,244.06285906671127
P07T12,MidHip,856.667,223.792,637.255,537.277,0.0,0.0,11.0,744.3695168344359,250.02452007202592
P07T12,Neck,854.699,223.872,688.16,496.183,0.0,0.0,10.0,789.2674067612386,242.51293668482126
P07T12,LElbow,858.586,202.277,699.942,486.348,0.0,0.0,11.0,743.7788605966555,249.15460825095417
P07T12,Neck,870.402,194.465,631.323,445.226,982.04,474.625,9.0,787.6583618787713,240.58870265751358
P07T12,Neck,874.245,180.798,682.301,441.322,0.0,0.0,11.0,741.8106725694715,248.72092139092604
P07T12,Neck,884.039,182.76,635.245,498.119,1123.06,596.061,10.0,786.978544662719,241.01728707389938
P07T12,MidHip,884.015,194.408,715.585,478.502,0.0,0.0,11.0,741.1332222465286,248.11267694895747
P07T12,MidHip,886.018,198.404,662.674,482.44,0.0,0.0,11.0,785.1160879413295,240.07164534266235
P07T12,MidHip,884.143,221.894,758.713,494.171,1058.44,498.096,10.0,782.9484374053402,236.65727018275476
P07T12,Neck,893.864,229.722,760.675,525.501,0.0,0.0,12.0,738.8440227953756,247.62703143263772
P07T12,LElbow,923.264,249.316,735.183,625.462,0.0,0.0,14.0,781.1412782708678,237.01122787657292
P07T12,Other,980.105,331.57,807.699,654.859,0.0,0.0,15.0,739.8264640502807,246.5836263757028
P07T12,Other,1030.99,364.868,870.384,635.3,0.0,0.0,14.0,779.2173992939559,234.7828025733592
P07T12,Other,1076.05,337.477,807.637,625.463,1038.82,648.976,13.0,737.1465707490357,246.27715046613977
P07T12,Other,1093.72,308.091,882.094,650.981,0.0,0.0,15.0,777.2947397968119,233.560278559648
P07T12,Other,1105.56,278.703,0.0,0.0,0.0,0.0,16.0,735.4152888796746,243.59541134090796
P07T12,Other,1119.14,272.868,0.0,0.0,0.0,0.0,16.0,774.465602626956,231.05879333085497
P07T12,Other,1121.1,239.462,0.0,0.0,0.0,0.0,15.0,734.2306591537188,242.38645510032578
P07T12,Other,1119.19,235.619,0.0,0.0,0.0,0.0,15.0,773.380141744336,229.78734144112812
P07T12,Other,1066.28,206.176,0.0,0.0,1232.81,480.477,14.0,733.0363118005446,240.8615940688688
P07T12,Other,1032.94,169.008,0.0,0.0,0.0,0.0,16.0,770.2276447756051,228.35440349015488
P07T12,Neck,1011.47,178.744,0.0,0.0,0.0,0.0,15.0,729.9162931216174,239.03022150141172
P07T12,MidHip,999.709,194.433,774.329,519.653,0.0,0.0,11.0,766.4155939693136,226.51873593099097
P07T12,LElbow,980.095,190.494,723.417,466.795,0.0,0.0,12.0,727.3694065688355,236.8434109628483
P07T12,LElbow,960.433,170.98,637.216,443.256,976.158,715.622,10.0,765.2585319479326,224.76089805683438
P07T12,LElbow,923.262,176.798,715.6,435.471,956.538,715.623,10.0,725.377455792935,234.33346840189125
P07T12,LElbow,917.4,165.029,744.933,445.235,948.796,715.598,10.0,762.1297142610949,221.53689820748585
P07T12,LElbow,929.086,180.67,719.501,445.256,931.088,668.578,10.0,723.3946314456252,232.9260078148752
P07T12,LElbow,885.998,188.555,666.596,464.827,946.745,660.721,10.0,724.098633860815,232.67634957065124
P07T12,LElbow,893.898,212.027,697.996,494.23,976.107,662.676,10.0,759.0140131658936,220.83566743415975
P07T12,LElbow,905.595,221.897,713.623,504.004,1009.41,648.967,10.0,718.7275942135759,230.1855874381026
P07T12,LElbow,915.455,225.877,717.555,513.788,1048.64,643.076,10.0,756.6383851453752,219.44666208845132
P07T12,LElbow,917.351,243.419,711.686,523.51,1132.9,641.121,10.0,714.9919285720096,228.7909865623127
P07T12,MidHip,915.463,257.061,709.662,525.625,0.0,0.0,12.0,752.8941850544438,218.32241796423511
P07T12,Neck,911.449,264.967,695.975,539.279,0.0,0.0,12.0,712.454995531597,227.4813549944696
P07T12,Neck,909.543,292.379,696.018,556.96,0.0,0.0,12.0,750.6295855601155,215.59518551352184
P07T12,LElbow,917.355,306.093,711.711,572.596,0.0,0.0,12.0,709.9289251193377,224.85020854231868
P07T12,Neck,880.16,243.374,676.401,507.89,0.0,0.0,11.0,749.6794417875047,214.8029948363064
P07T12,MidHip,874.263,241.44,670.539,480.494,946.757,715.613,10.0,708.8351146203361,223.72275980995633
P07T12,MidHip,872.327,225.7,654.866,496.169,931.048,633.351,10.0,744.3867730281816,212.75841248681115
P07T12,LElbow,882.057,210.184,650.968,443.249,993.788,556.894,9.0,709.2159975725577,223.34374805124213
P07T12,MidHip,884.105,200.33,695.957,478.499,1119.09,525.514,9.0,742.0608192495658,210.6868930058379
P07T12,MidHip,889.978,196.467,723.432,458.945,1140.7,562.77,9.0,700.1722401162193,221.09543771055772
P07T12,MidHip,899.758,194.419,752.814,460.836,1152.48,562.768,9.0,739.0943033955207,210.2105469276677
P07T12,MidHip,913.427,196.341,819.395,445.184,1170.08,623.521,9.0,698.5625981689186,219.3414897055621
P07T12,MidHip,915.466,194.516,791.989,445.194,1140.69,572.56,9.0,734.9413737028511,208.24253246210293
P07T12,MidHip,921.325,198.435,803.727,445.189,1154.47,601.889,9.0,698.8678821600614,218.96024810380774
P07T12,MidHip,931.127,210.033,780.244,457.001,1140.71,619.599,9.0,731.7309902582613,208.2216536948735
P07T12,MidHip,931.17,210.047,746.937,462.861,1144.63,650.927,9.0,696.0616919978909,218.6589064414086
P07T12,MidHip,933.089,212.058,792.006,441.259,1148.49,715.601,9.0,729.0192609244375,207.0758604076361
P07T12,MidHip,944.777,229.697,803.741,453.053,1119.19,715.609,9.0,696.3615904820201,218.14140869416897
P07T12,MidHip,944.799,239.452,801.796,462.9,1115.25,715.616,10.0,724.9847441071747,206.79072017081918
P07T12,MidHip,942.874,241.513,790.011,482.46,0.0,0.0,11.0,688.9552040727204,215.569271147854
P07T12,MidHip,948.666,251.267,735.193,527.505,1056.47,588.257,10.0,722.2028561987468,205.7783255732639
P07T12,MidHip,948.64,257.092,758.674,523.61,0.0,0.0,12.0,687.9807323663526,216.14243958960512
P07T12,MidHip,946.652,243.461,721.457,515.783,0.0,0.0,11.0,718.0611944972048,205.9917703984986
P07T12,Neck,944.738,227.796,733.232,511.831,1166.23,627.437,10.0,685.3758890355856,216.01162901800464
P07T12,MidHip,942.855,212.083,809.622,482.42,1199.53,697.956,9.0,713.8163448329851,206.58908470287017
P07T12,MidHip,921.285,206.177,809.633,470.709,1128.96,715.607,10.0,682.9078943870368,217.13225287147722
P07T12,MidHip,899.677,225.721,754.764,505.923,0.0,0.0,12.0,710.0534906763348,208.06374693010912
P07T12,MidHip,895.828,276.773,697.92,543.17,0.0,0.0,12.0,680.5411605784592,216.1373820047682
P07T12,Neck,882.094,274.814,754.747,519.679,0.0,0.0,12.0,705.5496867400789,208.8956454003037
P07T12,Neck,868.484,257.046,680.337,505.894,0.0,0.0,11.0,679.1699876588982,218.37554470328055
P07T12,Neck,882.103,241.389,713.654,490.236,0.0,0.0,10.0,701.6580230837972,208.98135964742985
P07T12,MidHip,917.473,241.509,656.808,447.197,1031.04,699.905,9.0,680.2706697721301,225.8665259670647
P07T12,Other,970.27,247.39,707.764,460.823,1040.78,698.016,9.0,696.2937016256803,209.96709996544809
P07T12,Other,1027.04,247.381,715.622,455.008,1093.68,664.686,9.0,680.0063393400594,224.82156362652333
P07T12,Other,1074.05,241.495,741.023,413.873,1132.85,635.335,10.0,693.633034160903,211.85056668126586
P07T12,Other,1101.46,212.141,750.859,404.078,1162.27,605.9,10.0,679.837035781063,224.45561157187444
P07T12,MidHip,1115.22,184.7,766.529,396.266,1181.84,578.424,10.0,689.2314856623183,209.7605549356604
P07T12,MidHip,1121.06,163.048,782.22,394.252,1177.95,556.898,9.0,679.6657760501168,224.08912195308446
P07T12,MidHip,1119.2,133.696,801.756,390.359,1199.53,541.223,9.0,685.8883791841452,208.53330891692224
P07T12,MidHip,1115.25,104.323,809.608,384.538,1199.5,502.048,9.0,671.1512220534255,224.8129118676568
P07T12,MidHip,1103.43,84.6979,801.757,384.504,1172.03,496.145,10.0,693.1822556030959,216.51509932369243
P07T12,MidHip,1087.8,82.7239,776.271,408.012,1185.84,615.619,10.0,671.56102373062,224.36762759982065
P07T12,MidHip,1070.12,94.4966,760.702,449.123,1154.46,572.588,9.0,691.8823637494743,215.33801826307243
P07T12,MidHip,1044.76,115.987,745.03,494.258,1123.09,619.597,10.0,671.2771076066439,224.0119189073857
P07T12,Other,1029.03,143.473,729.303,535.323,1101.54,666.656,10.0,691.2200111490952,214.86348888101432
P07T12,Other,1009.51,161.115,717.567,568.59,1072.16,715.59,11.0,669.8069979509862,215.48853053324794
P07T12,Other,993.709,188.54,721.465,603.908,1068.22,701.879,13.0,680.165402108863,204.61994289876137
P07T12,Other,978.094,216.01,737.11,648.915,0.0,0.0,14.0,669.6037625411561,215.70960533538127
P07T12,Other,964.331,241.495,729.255,664.68,0.0,0.0,14.0,677.2291343364769,199.7024628420729
P07T12,Neck,948.793,261.031,711.663,662.658,0.0,0.0,14.0,658.526858355823,200.09634308835132
P07T12,Neck,935.047,259.107,699.894,625.459,1074.08,715.613,13.0,675.9622475684675,194.43721035689023
P07T12,MidHip,1211.22,331.608,1197.5,411.898,1226.92,353.139,0.0,658.9764473254319,200.70269400039865
P07T12,Other,917.301,194.484,715.597,590.216,1072.12,660.725,11.0,673.5251520502457,191.31088647781777
P07T12,MidHip,909.518,161.1,682.353,539.287,1070.16,635.218,10.0,657.311792505438,191.93419192909198
P07T12,MidHip,899.72,135.7,697.94,552.955,1064.32,601.92,10.0,672.1740407450256,188.99598271661898
P07T12,MidHip,884.017,125.867,674.441,539.217,1056.39,582.332,10.0,656.9394906166647,191.84890362026692
P07T12,MidHip,866.378,120.05,650.961,535.349,1044.78,560.831,10.0,671.002865523385,187.60167585213617
P07T12,MidHip,852.644,129.785,635.246,539.274,1036.85,547.086,10.0,655.251641419991,183.00082551988635
P07T12,MidHip,837.013,143.51,625.435,554.869,1027.05,549.084,10.0,668.4578548881678,183.35949883059126
P07T12,MidHip,821.276,167.056,605.917,574.567,1011.39,560.806,10.0,654.859504044291,182.81441734864498
P07T12,Neck,805.628,194.487,605.87,603.881,991.782,576.472,10.0,666.905425611056,180.96190200463545
P07T12,RElbow,1142.65,282.624,1125.03,351.115,0.0,0.0,11.0,654.366737459384,181.96211785488856
P07T12,MidHip,789.957,241.47,621.572,601.972,948.712,629.353,10.0,664.3917152704755,178.90172155385835
P07T12,Neck,786.12,257.045,637.217,596.11,933.034,635.225,10.0,652.6374470730966,173.0132577405254
P07T12,LElbow,784.185,257.118,648.996,588.228,946.76,621.563,10.0,662.6953771145847,176.27447813173
P07T12,MidHip,788.024,247.361,648.989,582.355,917.395,650.918,10.0,652.2251116944769,172.72795126414803
P07T12,MidHip,782.162,237.524,637.266,556.92,946.766,635.216,10.0,661.8272365360154,173.3298147621132
P07T12,LElbow,780.223,210.153,631.321,531.404,964.426,605.908,10.0,648.6563092600327,167.37333492340088
P07T12,LElbow,789.95,178.77,647.029,507.902,985.97,588.243,10.0,660.3294974678835,172.03371248093129
P07T12,LElbow,799.813,163.024,635.251,492.291,1011.44,558.898,10.0,648.345301828962,166.71775117933294
P07T12,MidHip,807.637,131.796,623.536,415.842,1076.1,474.564,9.0,659.9837973207922,170.5858994196973
P07T12,Neck,809.58,129.757,605.882,402.119,1091.74,480.486,9.0,646.5429916717022,157.65453390052735
P07T12,LKnee,552.934,206.218,556.984,276.769,568.582,274.766,6.0,657.8957942549566,168.86865983092346
P07T12,MidHip,852.706,143.531,633.336,423.682,1136.76,498.155,9.0,646.0533411612253,157.18754012459772
P07T12,LKnee,539.247,169.028,541.226,243.454,556.947,194.419,1.0,657.6706438316068,168.89739879861165
P07T12,LKnee,521.568,155.294,521.635,227.678,539.225,176.778,0.0,645.4611683723828,156.05913838784366
P07T12,LKnee,484.441,137.652,484.404,210.159,504.016,157.249,1.0,656.8695120767864,169.03869109661176
P07T12,LKnee,447.213,125.895,451.083,196.512,462.857,194.408,1.0,644.8613373771082,154.92005068359865
P07T12,LKnee,421.74,118.104,431.49,194.445,445.232,137.659,0.0,655.3022447935607,168.96349495414714
P07T12,LKnee,413.969,112.127,427.57,180.708,441.297,131.695,0.0,645.5227498244028,161.9324734395639
P07T12,LKnee,408.021,96.49,415.919,165.079,429.606,116.019,0.0,654.6903697372195,169.39659525543814
P07T12,LKnee,394.302,84.7286,404.078,153.294,415.806,102.325,0.0,654.5229372344683,167.09187606053953
P07T12,LKnee,366.917,47.5258,380.578,118.021,384.517,59.3177,0.0,653.0973954441522,168.88949131587944
P07T12,LKnee,362.973,39.7894,374.684,110.232,382.614,57.3329,0.0,651.513849840094,168.19337825080913
P07T12,LKnee,368.885,27.9235,384.461,100.476,396.169,51.3568,0.0,653.0126264779799,165.0647179499955
P07T12,LKnee,390.391,22.0987,406.064,86.7448,411.903,37.6341,0.0,648.4784459480638,168.58556710973562
P07T12,LKnee,0.0,0.0,439.364,84.6569,445.17,35.7299,5.0,648.6029800260245,164.04326081075155
P07T12,LKnee,445.125,5.34211,458.869,71.0673,462.78,24.0291,0.0,648.5061222568231,163.5603697773058
P07T12,LKnee,447.163,5.34536,458.889,71.0967,0.0,0.0,1.0,646.6856776122496,167.50962408307828
P07T12,LKnee,443.221,5.35037,451.13,71.0174,0.0,0.0,1.0,649.2245681695243,170.6614354355288
P07T12,LKnee,429.559,5.34976,443.194,67.1189,0.0,0.0,2.0,643.5267883989842,168.36412373744977
P07T12,LKnee,409.977,5.34325,415.815,73.0021,425.618,20.0953,0.0,648.5977742997816,169.10108193179397
P07T12,LKnee,394.295,16.1233,400.168,84.8082,411.932,33.7785,3.0,637.6025979497815,168.9172008997891
P07T12,LKnee,370.838,22.0694,380.583,88.736,390.358,39.7642,0.0,649.3089135073135,176.2989304420187
P07T12,MidHip,1046.66,88.6395,809.608,378.587,0.0,0.0,11.0,635.2768580191436,169.6319253913434
P07T12,LKnee,529.507,88.63,509.83,151.361,527.556,153.304,4.0,641.5022292027188,184.13300467229996
P07T12,LKnee,513.807,102.382,498.128,118.067,509.94,163.07,2.0,633.7140554057314,184.82798744133922
P07T12,LKnee,462.823,131.751,447.192,151.355,460.863,186.635,0.0,641.493883725427,182.68999224913753
P07T12,LKnee,180.829,96.4812,180.773,167.009,196.484,114.152,0.0,632.3017211938663,190.97189733612962
P07T12,LKnee,167.107,106.33,165.136,180.799,182.685,127.858,0.0,1293.3523144193277,497.368812291268
P07T12,LKnee,157.235,84.6629,141.535,151.326,163.165,151.376,0.0,156.40145059726996,623.6572161968008
P07T12,LKnee,368.883,106.347,337.474,169.0,366.84,178.736,0.0,1293.3523144193277,497.368812291268
P07T12,Other,1025.14,188.577,760.621,554.919,0.0,0.0,15.0,156.40145059726996,623.6572161968008
P07T12,Other,1040.75,212.091,735.189,576.492,0.0,0.0,15.0,1293.3523144193277,497.368812291268
P07T12,Other,466.81,59.2889,421.716,118.039,447.22,129.814,3.0,156.40145059726996,623.6572161968008
P07T12,Other,474.618,53.313,429.518,106.319,458.909,119.998,0.0,724.7000536087058,-291.3109059110781
P07T12,Other,460.974,78.8868,427.582,135.652,447.195,145.502,4.0,1293.3523144193277,497.368812291268
P07T12,Other,1105.44,233.606,0.0,0.0,1230.79,715.618,12.0,722.832932833297,-289.8267681992729
P07T12,Other,1183.8,210.157,840.978,648.998,0.0,0.0,12.0,1293.3523144193277,497.368812291268
P07T12,Other,1195.52,212.136,786.101,572.543,1119.2,715.622,8.0,759.7698972273829,-289.0636254458484
P07T12,Other,1070.14,190.547,558.861,525.541,948.741,715.633,10.0,1293.3523144193277,497.368812291268
P07T12,Other,895.792,184.692,464.79,619.594,0.0,0.0,11.0,741.3681754375688,-251.84847973492776
P07T12,Other,839.06,247.373,507.865,682.246,0.0,0.0,14.0,1293.3523144193277,497.368812291268
P07T12,Other,276.749,227.732,259.121,290.428,274.788,294.344,0.0,743.0335456899694,-261.11393496590205
P07T12,Other,839.008,325.718,523.629,621.539,0.0,0.0,14.0,1293.3523144193277,497.368812291268
P07T12,Other,837.047,298.287,572.518,605.894,0.0,0.0,12.0,773.8955365183674,-281.1817443063992
P07T12,Other,823.413,261.101,594.091,576.506,938.943,646.984,11.0,1293.3523144193277,497.368812291268
P07T12,MidHip,762.651,241.428,570.604,554.886,911.5,656.828,10.0,787.627312957789,-249.6714571269701
P07T12,Neck,750.816,227.713,556.928,511.883,1017.32,492.192,10.0,1293.3523144193277,497.368812291268
P07T12,MidHip,776.41,231.688,556.938,519.654,1027.11,529.492,10.0,779.2143039764776,-258.3209762127729
P07T12,LKnee,0.0,0.0,71.0351,194.353,86.677,188.575,5.0,1293.3523144193277,497.368812291268
P07T12,LKnee,86.6664,153.308,80.8148,212.101,90.6152,210.064,1.0,794.4331753803365,-281.69924954765406
P07T12,LKnee,92.5989,149.354,86.6985,214.103,98.4596,212.067,0.0,1293.3523144193277,497.368812291268
P07T12,LKnee,86.74,163.055,86.6898,229.704,96.513,227.708,1.0,756.6304320346233,-284.7325897527862
P07T12,LKnee,96.4691,163.039,102.302,239.55,114.065,233.627,2.0,1293.3523144193277,497.368812291268
P07T12,LKnee,119.986,167.033,118.132,243.478,131.811,180.816,1.0,782.3373696318356,-278.42022594325994
P07T12,LKnee,131.732,149.313,131.756,225.72,139.582,219.948,1.0,1293.3523144193277,497.368812291268
P07T12,LKnee,137.693,149.376,141.575,227.75,0.0,0.0,1.0,873.0486490651099,-249.24921904738582
P07T12,LKnee,172.87,163.035,180.734,241.39,188.55,174.891,0.0,1293.3523144193277,497.368812291268
P07T12,LKnee,288.455,141.562,282.644,225.746,302.209,214.043,1.0,880.440828378641,-257.3020469470145
P07T12,LKnee,337.572,161.122,331.569,227.805,353.15,223.792,4.0,1293.3523144193277,497.368812291268
P07T12,LKnee,353.065,133.743,364.84,212.016,372.759,153.344,0.0,867.8260095504877,-250.4123132828194
P07T12,LKnee,359.039,139.582,366.806,216.049,382.486,165.02,0.0,1293.3523144193277,497.368812291268
P07T12,LKnee,370.799,141.565,382.553,216.021,396.221,164.985,0.0,832.1136925818794,-265.16651842128385
P07T12,LKnee,382.593,129.729,384.51,200.343,400.246,149.321,0.0,1293.3523144193277,497.368812291268
P07T12,LKnee,364.924,110.207,366.897,184.627,384.461,131.796,0.0,859.5952727768496,-255.7579971252046
P07T12,LKnee,355.106,100.446,359.057,178.698,372.776,118.058,0.0,1293.3523144193277,497.368812291268
P07T12,LKnee,347.28,110.188,349.239,188.572,366.933,131.78,0.0,859.2482615234744,-255.89023244049434
P07T12,LKnee,329.665,121.969,337.392,198.369,351.181,147.438,0.0,-128000.0,72000.0
P07T12,LKnee,335.56,133.7,339.481,212.111,353.184,153.299,0.0,860.183153877382,-259.594640770939
P07T12,LKnee,355.088,147.424,364.841,225.85,378.567,165.12,0.0,-128000.0,72000.0
P07T12,LKnee,359.055,163.123,366.856,241.432,380.589,180.76,0.0,854.3474439087915,-259.88293167396637
P07T12,LKnee,364.82,167.098,368.908,245.352,384.45,192.46,0.0,-128000.0,72000.0
P07T12,LKnee,368.904,178.791,382.598,257.045,392.327,196.512,0.0,902.805607468468,-249.94513839494857
P07T12,LKnee,370.759,184.701,382.593,259.208,394.315,208.112,0.0,-128000.0,72000.0
P07T12,LKnee,366.943,194.377,382.494,266.914,388.411,210.175,0.0,887.532314080484,-233.2547565589496
P07T12,LKnee,362.945,196.382,378.629,272.735,384.44,214.083,0.0,-128000.0,72000.0
P07T12,LKnee,368.77,192.534,382.568,261.036,390.358,210.141,0.0,874.2316029476133,-203.24262277385543
P07T12,LKnee,382.509,178.749,398.233,245.455,402.085,194.471,0.0,-128000.0,72000.0
P07T12,LKnee,398.185,165.108,413.879,241.411,415.871,180.802,0.0,850.2460617270509,-159.97551286440535
P07T12,LKnee,409.979,161.174,421.744,231.68,429.618,180.671,0.0,-128000.0,72000.0
P07T12,LKnee,415.798,161.077,429.562,229.697,435.423,178.8,1.0,-128000.0,72000.0
P07T12,LKnee,417.805,153.31,429.598,227.8,443.24,176.853,1.0,772.7214353068645,57.952935389046814
P07T12,LKnee,415.806,149.398,429.556,225.781,433.491,165.149,1.0,-128000.0,72000.0
P07T12,LKnee,417.819,147.382,429.573,221.886,443.298,167.032,1.0,597.8675335306807,529.7785984708983
P07T12,LKnee,417.782,141.521,429.546,214.036,441.325,163.079,0.0,-128000.0,72000.0
P07T12,LKnee,419.748,135.714,429.556,212.17,445.112,161.084,0.0,491.6037238943243,800.1334051187978
P07T12,LKnee,429.512,133.819,433.519,212.142,447.095,161.116,1.0,-128000.0,72000.0
P07T12,LKnee,431.444,141.532,441.255,223.78,447.226,163.003,1.0,507.81663163383706,808.142098631385
P07T12,LKnee,453.056,157.225,462.82,237.521,476.501,178.827,1.0,-128000.0,72000.0
P07T12,LKnee,468.75,176.76,478.45,253.228,486.354,194.495,1.0,338.51723214356423,1264.9653804199033
P07T12,LKnee,474.588,194.505,478.514,274.809,492.169,214.09,1.0,-128000.0,72000.0
P07T12,LKnee,447.194,200.341,456.983,274.812,464.783,216.042,1.0,-110.64236848927703,2310.691324328028
P07T12,LKnee,382.564,180.801,394.239,259.176,400.099,204.27,1.0,-128000.0,72000.0
P07T12,LKnee,376.661,178.691,382.579,251.292,396.255,196.477,1.0,-720.3543238610188,3924.249424636747
P07T12,LKnee,384.547,164.975,384.45,243.43,400.161,184.686,1.0,-128000.0,72000.0
P07T12,LKnee,398.129,180.761,398.203,263.026,411.954,202.296,1.0,-1585.8279668234377,5889.067562645256
P07T12,LKnee,382.456,182.741,382.529,259.171,386.493,259.08,1.0,1293.3523144193277,497.368812291268
P07T12,LKnee,351.166,178.807,353.167,257.197,366.795,255.131,1.0,-3787.382327208325,10426.5179216753
P07T12,LKnee,353.138,165.129,360.984,243.483,368.844,188.553,1.0,1293.3523144193277,497.368812291268
P07T12,LKnee,384.423,163.029,388.404,241.435,398.237,180.74,1.0,-4585.261798733993,12607.192054600488
P07T12,LKnee,404.053,163.17,402.143,243.353,415.953,182.685,1.0,1293.3523144193277,497.368812291268
P07T12,LKnee,413.928,163.037,413.94,241.464,427.629,180.766,1.0,-9985.552634181737,23252.26280902067
P07T12,LKnee,415.939,165.059,415.896,245.363,431.502,192.454,1.0,1293.3523144193277,497.368812291268
P07T12,LElbow,625.482,214.084,615.673,280.673,625.497,274.754,5.0,-1007.4045778027347,4530.160718839667
P07T12,LKnee,368.924,180.808,382.422,259.193,386.46,206.205,1.0,1293.3523144193277,497.368812291268
P07T12,Neck,792.002,139.607,701.866,402.091,1089.83,462.85,10.0,79.36008032440202,1882.4257170492583
P07T12,LKnee,368.903,178.735,382.496,257.052,386.51,196.442,1.0,1293.3523144193277,497.368812291268
P07T12,LKnee,368.777,176.76,380.494,253.224,384.457,194.414,1.0,-371.65572620159367,2984.330501593267
P07T12,LKnee,359.012,178.842,366.85,259.095,378.622,255.221,0.0,1293.3523144193277,497.368812291268
P07T12,LKnee,353.185,186.591,362.951,266.935,370.778,210.156,1.0,-725.1340256273361,3895.868893830301
P07T12,LKnee,355.116,194.532,366.893,274.787,374.735,214.074,1.0,1293.3523144193277,497.368812291268
P07T12,LKnee,370.768,194.512,382.56,274.759,390.39,214.052,1.0,-1379.6517531122045,5449.7447890073345
P07T12,LKnee,384.427,194.396,396.193,272.777,402.138,214.112,1.0,1293.3523144193277,497.368812291268
P07T12,LKnee,396.257,178.731,406.012,257.082,413.864,196.435,1.0,-740.4219452383709,4197.720605402491
P07T12,LKnee,411.862,165.027,415.829,243.467,427.557,184.658,1.0,1293.3523144193277,497.368812291268
P07T12,LKnee,400.19,163.178,407.99,243.41,415.879,180.759,1.0,152.77708844502658,641.3108050994632
P07T12,LKnee,380.609,165.11,384.509,245.358,398.155,190.527,1.0,1293.3523144193277,497.368812291268
P07T12,LKnee,378.613,172.901,382.537,255.189,394.278,196.421,1.0,152.77708844502658,641.3108050994632
P07T12,LKnee,382.428,192.505,384.501,274.692,398.11,214.027,1.0,1293.3523144193277,497.368812291268
P07T12,LElbow,652.893,225.876,646.971,255.188,658.756,286.528,10.0,197.48466520602818,-99.81651358277699
P07T12,LKnee,415.807,151.328,411.846,227.785,427.531,168.991,1.0,1293.3523144193277,497.368812291268
P07T12,LKnee,413.782,147.368,400.251,225.82,421.739,165.161,1.0,283.22907791061914,-175.30898039076374
P07T12,LKnee,407.972,163.116,398.156,243.433,415.809,184.655,1.0,1293.3523144193277,497.368812291268
P07T12,LKnee,400.186,153.345,394.277,235.62,413.839,178.71,1.0,273.29518819298437,-170.22235559606546
P07T12,LKnee,398.158,147.498,384.497,225.842,409.923,168.967,1.0,1293.3523144193277,497.368812291268
P07T12,LKnee,415.898,190.53,413.919,272.778,423.707,263.039,1.0,269.77429981551376,-169.10218921840692
P07T12,LKnee,417.806,188.583,413.874,272.776,431.521,212.177,1.0,1293.3523144193277,497.368812291268
P07T12,LKnee,415.921,198.374,413.769,284.606,431.536,225.856,1.0,286.694441977072,-180.72812100873787
P07T12,LKnee,435.453,196.404,429.565,276.722,447.224,221.898,1.0,1293.3523144193277,497.368812291268
P07T12,LKnee,460.909,190.542,449.109,264.995,474.52,210.088,0.0,273.35112213899913,-159.50323611448772
P07T12,LKnee,470.728,161.184,458.867,241.473,480.488,180.855,0.0,1293.3523144193277,497.368812291268
P07T12,LKnee,488.317,149.439,466.771,231.681,478.48,227.784,1.0,291.12683074784985,-173.22394981528416
P07T12,LKnee,505.979,151.36,478.6,239.442,492.294,231.704,1.0,1293.3523144193277,497.368812291268
P07T12,Other,523.586,163.2,498.122,245.437,533.392,190.556,1.0,281.19798861031575,-174.84413106563687
P07T12,Other,549.025,178.711,527.558,259.172,556.85,202.292,1.0,1293.3523144193277,497.368812291268
P07T12,Other,568.68,192.476,543.151,274.756,574.6,221.914,1.0,281.4329010135548,-177.40516303191743
P07T12,Other,580.373,210.057,558.856,290.508,588.274,239.457,1.0,1293.3523144193277,497.368812291268
P07T12,Other,1181.76,496.16,0.0,0.0,0.0,0.0,18.0,230.22167051912908,-129.88653808377552
P07T12,Other,980.01,415.891,0.0,0.0,968.321,449.142,7.0,1293.3523144193277,497.368812291268
P07T12,Other,1060.4,460.907,1005.5,498.144,1040.79,527.516,2.0,236.50393473338437,-139.27735995324286
P07T12,Other,1011.42,427.607,0.0,0.0,0.0,0.0,13.0,1293.3523144193277,497.368812291268
P07T12,Other,950.642,364.836,886.097,413.878,931.038,429.563,0.0,242.24132349896462,-134.255760384116
P07T12,Other,697.947,192.479,666.632,270.869,707.711,214.096,1.0,1293.3523144193277,497.368812291268
P07T12,Other,1183.74,353.17,0.0,0.0,0.0,0.0,16.0,235.5291863398672,-111.36288016094994
P07T12,Other,586.23,198.435,558.866,210.18,588.333,227.819,1.0,228.03684272169323,-115.80576998628273
P07T12,Other,570.685,227.808,543.212,317.876,582.345,257.055,1.0,1293.3523144193277,497.368812291268
P07T12,Other,1019.28,351.184,0.0,0.0,0.0,0.0,16.0,258.2682968697292,-145.42440238616476
P07T12,Other,1056.5,337.515,0.0,0.0,0.0,0.0,17.0,1293.3523144193277,497.368812291268
P07T12,Other,670.573,188.61,652.932,268.924,680.378,212.037,1.0,261.09811874460684,-159.5486264169436
P07T12,Other,680.244,182.662,654.849,261.137,686.204,208.15,1.0,1293.3523144193277,497.368812291268
P07T12,Other,1111.34,345.334,0.0,0.0,0.0,0.0,15.0,257.0725008558964,-138.69205533216592
P07T12,Other,846.841,241.526,791.967,306.086,839.018,323.772,0.0,1293.3523144193277,497.368812291268
P07T12,Neck,1119.11,339.462,0.0,0.0,0.0,0.0,15.0,233.4727752024679,-140.692338664175
P07T12,LElbow,1058.53,306.048,0.0,0.0,0.0,0.0,16.0,1293.3523144193277,497.368812291268
P07T12,Neck,1025.03,272.852,0.0,0.0,0.0,0.0,15.0,215.57703862280738,-118.32366328095625
P07T12,Neck,1011.52,268.909,692.079,588.205,0.0,0.0,15.0,1293.3523144193277,497.368812291268
P07T12,LKnee,210.12,155.266,215.98,227.749,223.869,225.736,1.0,218.67546539737458,-128.93161115284462
P07T12,LElbow,458.95,196.52,429.618,225.745,460.885,274.845,2.0,1293.3523144193277,497.368812291268
P07T12,LKnee,178.786,114.077,163.113,121.988,186.612,131.74,1.0,215.2745998943373,-126.15729829079912
P07T12,LKnee,149.461,88.703,133.72,174.841,162.999,110.24,0.0,1293.3523144193277,497.368812291268
P07T12,LKnee,143.472,67.0957,131.744,147.422,149.336,84.7722,0.0,218.51910956081906,-125.58914699072102
P07T12,LKnee,335.406,108.23,276.722,174.843,321.825,192.475,0.0,1293.3523144193277,497.368812291268
P07T12,LKnee,88.7185,39.6371,65.1467,100.406,98.4674,98.4542,1.0,234.5555655825218,-110.13145748606732
P07T12,LElbow,339.509,86.6791,286.519,151.388,337.447,168.972,0.0,1293.3523144193277,497.368812291268
P07T12,LKnee,102.461,4.39316,86.7359,23.9472,0.0,0.0,1.0,238.53326766754935,-100.89635320567439
P07T12,Neck,933.152,312.005,0.0,0.0,0.0,0.0,17.0,1293.3523144193277,497.368812291268
P07T12,LKnee,73.0497,4.38617,55.3786,27.9005,86.7602,88.6626,0.0,305.39691461050955,-45.26109799416034
P07T12,LKnee,276.765,57.2779,227.825,116.048,266.947,129.824,2.0,1293.3523144193277,497.368812291268
P07T12,LElbow,276.721,53.3081,231.675,102.405,270.87,121.952,0.0,355.2856143371812,8.530147580496548
P07T12,Neck,725.384,321.835,0.0,0.0,0.0,0.0,16.0,1293.3523144193277,497.368812291268
P07T12,LKnee,196.528,59.301,161.126,137.679,194.461,147.383,0.0,690.7571036532297,378.4058849940039
P07T12,Other,182.715,71.0196,149.35,147.498,186.6,151.338,0.0,1293.3523144193277,497.368812291268
P07T12,Other,184.665,86.7705,151.334,163.161,194.444,170.934,0.0,1040.1450412625177,774.4704268541316
P07T12,Other,176.744,131.727,131.724,208.122,163.129,214.026,1.0,1293.3523144193277,497.368812291268
P07T12,Other,178.808,118.089,137.651,194.447,161.13,196.465,1.0,1227.6638020107378,980.4682909720007
P07T12,Other,206.23,118.004,180.755,184.659,196.468,190.501,4.0,1293.3523144193277,497.368812291268
P07T12,Other,664.629,523.566,0.0,0.0,0.0,0.0,18.0,1502.2093620432156,1281.3547141796664
P07T12,Other,206.218,145.412,176.828,210.18,180.713,210.128,4.0,1293.3523144193277,497.368812291268
P07T12,Other,196.438,133.639,155.278,204.248,172.886,208.191,0.0,2540.4844316892804,2422.2681985292984
P07T12,Other,200.354,114.099,165.027,178.801,190.549,186.62,0.0,1293.3523144193277,497.368812291268
P07T12,Other,178.797,84.8032,118.049,147.379,147.436,151.336,0.0,2272.1220680622864,2167.3999341333397
P07T12,Other,163.139,82.8126,118.076,155.26,143.516,161.174,0.0,1293.3523144193277,497.368812291268
P07T12,Other,165.166,71.1117,118.018,145.499,151.354,147.454,6.0,4698.954863655014,4422.64692566152
P07T12,Other,149.481,67.083,90.6294,125.855,131.746,121.966,0.0,1293.3523144193277,497.368812291268
P07T12,LKnee,147.331,57.31,86.7231,120.014,120.026,129.826,0.0,33670.78920775303,36047.210171571845
P07T12,Other,117.969,55.457,67.1048,118.056,112.135,133.78,0.0,1293.3523144193277,497.368812291268
P07T12,LKnee,116.029,49.484,53.3968,112.157,110.233,129.815,0.0,9226.323837731383,9996.859938056698
P07T12,LKnee,118.125,26.0576,59.258,102.323,106.269,116.045,0.0,1293.3523144193277,497.368812291268
P07T12,LKnee,133.77,20.1146,82.7812,84.7403,112.153,98.413,2.0,22883.622622643194,25545.470612890742
P07T12,LKnee,137.626,5.34636,98.4221,69.0072,127.801,67.1113,0.0,917.6156847164148,59.597842832198936
P07T12,LKnee,151.383,4.39203,106.326,78.8543,153.344,76.9369,4.0,34732.263560433916,39318.48035025691
P07T12,LKnee,155.25,4.39473,116.074,84.7532,149.409,84.7235,1.0,193.60758761067854,1148.2834894192301
P07T12,LKnee,0.0,0.0,118.02,84.724,149.392,84.6927,3.0,55114.17558682892,63206.359559585646
P07T12,LKnee,161.146,23.9815,119.989,98.4655,165.099,98.4866,0.0,186.81439175870918,1161.7555132017435
P07T12,LKnee,167.019,35.6891,135.687,104.394,167.055,104.396,0.0,89126.36959286928,72000.0
P07T12,LKnee,170.954,39.7221,147.47,59.3126,167.012,116.03,0.0,-566.9665434227683,2472.5749427124924
P07T12,LKnee,178.67,53.3859,147.463,120.003,170.975,125.878,1.0,128000.0,72000.0
P07T12,LKnee,208.187,49.461,176.833,120.016,196.45,121.976,2.0,-706.278363946059,2709.0881430861664
P07T12,Other,225.81,45.5429,190.557,120.024,227.722,127.797,0.0,-1301.5041175781498,3677.752133077262
P07T12,Other,241.448,47.5436,198.367,116.034,0.0,0.0,4.0,128000.0,72000.0
P07T12,Nose,nan,nan,nan,nan,nan,nan,nan,-1586.7099401894543,4165.982778029903
P07T12,Neck,527.572,539.296,0.0,0.0,0.0,0.0,19.0,128000.0,72000.0
P07T12,Neck,601.916,539.308,0.0,0.0,0.0,0.0,18.0,-1487.548073190752,4058.8352835444466
P07T12,Other,707.753,560.815,0.0,0.0,0.0,0.0,22.0,128000.0,72000.0
P07T12,Other,0.0,0.0,0.0,0.0,0.0,0.0,22.0,-2407.064137731358,5552.284138151941
P07T12,Other,nan,nan,nan,nan,nan,nan,nan,128000.0,72000.0
P07T12,Other,948.661,635.27,0.0,0.0,0.0,0.0,21.0,-1303.80435758066,3858.6771938789757
P07T12,Other,995.738,637.243,0.0,0.0,0.0,0.0,21.0,128000.0,72000.0
P07T12,Other,1105.49,619.557,0.0,0.0,0.0,0.0,22.0,-2818.7119891815046,6335.792064640425
P07T12,Other,0.0,0.0,0.0,0.0,0.0,0.0,20.0,128000.0,72000.0
P07T12,Nose,nan,nan,nan,nan,nan,nan,nan,-4015.1170609187075,8289.241699878006
P07T12,Other,nan,nan,nan,nan,nan,nan,nan,128000.0,72000.0
P07T12,Other,1160.31,357.038,0.0,0.0,0.0,0.0,22.0,-3758.081101530436,7985.995560295752
P07T12,Other,1138.79,290.439,0.0,0.0,0.0,0.0,20.0,128000.0,72000.0
P07T12,Nose,1099.54,219.941,0.0,0.0,0.0,0.0,22.0,-5568.456165479091,11684.265835742544
P07T12,Nose,1027.09,163.131,0.0,0.0,0.0,0.0,22.0,128000.0,72000.0
P07T12,Nose,968.308,149.413,0.0,0.0,0.0,0.0,21.0,-3620.3065827879154,9126.491983276383
P07T12,Neck,935.01,210.095,0.0,0.0,0.0,0.0,20.0,128000.0,72000.0
P07T12,Other,905.624,227.777,0.0,0.0,0.0,0.0,19.0,-10330.746500343983,24462.9156570774
P07T12,Other,860.562,241.524,0.0,0.0,0.0,0.0,19.0,128000.0,72000.0
P07T12,Other,517.668,5.35146,539.25,49.4677,554.9,43.6021,0.0,-6599.18452815516,17137.069708670475
P07T12,Other,519.666,5.34831,539.166,53.3291,554.931,49.4699,9.0,128000.0,72000.0
P07T12,Other,519.675,5.34603,535.299,45.588,554.884,37.7656,4.0,-1411.9600480946092,6148.855437404277
P07T12,Other,266.958,23.9504,280.627,96.4869,298.27,84.7943,1.0,128000.0,72000.0
P07T12,Other,564.707,5.3388,582.337,49.5091,601.848,39.7205,4.0,-1534.9963003335097,7340.375136473443
P07T12,Other,315.903,23.9433,335.434,96.4676,325.705,39.6241,1.0,128000.0,72000.0
P07T12,Other,329.6,22.0562,351.113,84.7041,337.552,35.7126,1.0,167.66924874237748,2993.228515714071
P07T12,Other,335.529,18.087,364.845,84.7719,349.164,33.7565,2.0,128000.0,72000.0
P07T12,Other,335.413,27.9698,321.734,51.4212,349.144,41.7176,1.0,1293.3523144193277,497.368812291268
P07T12,Other,323.777,49.453,335.561,69.0183,335.433,67.1278,1.0,152.77708844502658,641.3108050994632
P07T12,LKnee,323.735,69.004,349.18,139.588,351.16,131.841,2.0,1293.3523144193277,497.368812291268
P07T12,Other,331.554,73.0516,0.0,0.0,347.228,147.323,3.0,152.77708844502658,641.3108050994632
P07T12,Other,605.848,67.0351,601.957,118.11,637.194,112.149,5.0,1293.3523144193277,497.368812291268
P07T12,Other,335.442,73.0557,355.146,149.496,351.107,96.4868,1.0,152.77708844502658,641.3108050994632
P07T12,Other,631.36,67.119,647.038,118.032,664.591,108.249,4.0,1293.3523144193277,497.368812291268
P07T12,Other,345.271,86.62,359.041,164.977,351.272,100.457,1.0,152.77708844502658,641.3108050994632
P07T12,Other,325.706,86.7943,351.242,165.014,341.364,108.257,1.0,1293.3523144193277,497.368812291268
P07T12,Other,306.071,94.521,339.458,165.115,329.652,104.373,1.0,152.77708844502658,641.3108050994632
P07T12,Other,601.948,63.1635,617.566,115.993,635.169,102.472,1.0,1293.3523144193277,497.368812291268
P07T12,Other,306.199,90.6415,351.08,155.304,335.535,102.313,1.0,152.77708844502658,641.3108050994632
P07T12,Other,631.265,53.287,650.891,100.387,664.591,88.6984,3.0,-611.3905521830508,7613.807130900173
P07T12,Other,349.209,76.9194,368.852,149.327,362.965,92.5671,1.0,152.77708844502658,641.3108050994632
P07T12,Other,353.145,74.9439,374.7,149.374,368.781,90.6515,1.0,1293.3523144193277,497.368812291268
P07T12,Other,353.196,84.6648,378.622,155.259,384.535,147.45,1.0,152.77708844502658,641.3108050994632
