P07T18,Other,635.229,290.464,554.969,478.465,711.681,478.578,7.0,697.5147852858017,264.9870471915821
P07T18,Other,635.322,290.48,554.983,478.541,711.738,480.553,7.0,681.0398451484375,190.1816836083001
P07T18,Other,639.21,290.525,558.883,478.526,717.564,484.38,7.0,678.4905438971174,283.2407063556888
P07T18,Other,646.94,294.335,558.863,480.496,729.25,482.454,8.0,660.2826178342424,204.25473392489388
P07T18,Other,650.853,302.241,568.62,494.22,729.354,492.304,8.0,659.1035190655141,214.45422200250724
P07T18,Nose,654.902,310.075,572.519,507.887,743.019,500.073,8.0,674.9488859551037,293.5878248260518
P07T18,Other,664.704,331.622,588.164,533.357,746.916,525.564,8.0,666.4212071629336,215.89697222480888
P07T18,Other,676.393,353.084,599.937,556.911,764.549,541.258,8.0,679.460623074546,296.6498481234723
P07T18,Other,684.205,372.707,603.986,580.404,774.385,564.722,10.0,670.0049504486286,214.28044603033774
P07T18,Other,696.004,394.286,615.665,600.009,772.389,590.231,10.0,680.7655944258263,293.6932353048987
P07T18,Other,705.758,409.953,621.606,615.678,789.951,596.078,10.0,670.244692132623,211.71123060541876
P07T18,Other,711.723,423.686,629.376,631.332,786.124,619.578,10.0,681.7567785032597,290.7016460850722
P07T18,Other,715.553,431.448,0.0,0.0,797.89,633.325,11.0,671.1063989521143,211.46517433636137
P07T18,Other,721.429,439.318,643.073,650.886,801.747,641.111,10.0,683.8923560897395,292.19538570962766
P07T18,Other,727.238,445.19,643.117,658.748,809.614,641.143,10.0,672.0770556757996,210.27217641910724
P07T18,Other,729.337,449.188,648.909,652.923,811.588,650.929,12.0,688.6754470383071,289.46122132303987
P07T18,Other,735.148,447.169,648.99,651.014,819.411,635.331,10.0,673.5480307290799,210.94190099771026
P07T18,Nose,741.05,447.171,647.009,650.993,827.232,635.323,10.0,690.4547408195931,288.6295917228415
P07T18,Other,744.931,447.154,656.792,650.869,813.557,635.3,10.0,675.2706719578447,208.87111230485127
P07T18,Other,754.764,439.314,652.873,647.036,821.363,631.28,10.0,693.6482542372753,288.20250496942316
P07T18,Other,760.648,435.44,664.644,637.263,823.286,625.497,10.0,675.9869698028772,208.17391046561409
P07T18,Other,762.589,433.437,662.655,639.218,815.479,631.311,10.0,694.2388695976955,286.4221534066388
P07T18,Other,764.53,429.637,662.707,633.239,815.473,621.516,10.0,677.456733973727,206.63472562586463
P07T18,Other,764.611,425.62,658.768,623.509,809.634,621.544,9.0,699.6941038585137,285.3617187926232
P07T18,MidHip,766.502,415.782,654.831,605.877,807.711,609.792,10.0,677.5226812904231,204.93503127922918
P07T18,MidHip,764.578,400.253,649.048,590.253,805.614,601.992,10.0,699.2862539010224,282.0709049162839
P07T18,MidHip,760.719,384.594,641.103,582.329,801.763,586.271,10.0,678.5670621770224,203.69799684896802
P07T18,RKnee,758.61,372.764,631.341,570.549,793.921,572.624,9.0,701.5966773413666,280.20382514497726
P07T18,RKnee,750.818,368.81,631.355,566.663,791.96,570.524,9.0,679.263528277878,201.51971898136964
P07T18,Other,680.302,337.429,554.936,537.244,729.284,537.285,8.0,706.4348643816156,277.87930614993354
P07T18,Nose,666.548,335.562,539.271,517.736,727.332,533.372,8.0,680.5951511268688,200.11006751054268
P07T18,Other,652.856,335.524,525.587,511.815,701.911,535.314,7.0,711.960416957352,270.7118207215846
P07T18,Other,643.113,335.541,529.49,517.71,709.652,523.542,8.0,681.5001123022521,198.67991436843
P07T18,Other,633.31,335.554,535.345,509.937,696.052,515.737,8.0,723.4880083463288,281.2406114508195
P07T18,Other,621.596,335.405,527.521,505.959,682.216,521.573,8.0,679.8148647371102,203.14598421070446
P07T18,Other,617.599,331.559,525.494,502.026,678.308,513.827,6.0,722.6284333967375,280.7107582626618
P07T18,Other,611.711,323.723,523.486,494.136,670.496,507.975,8.0,675.4877503906799,230.5215435316898
P07T18,Other,603.87,317.883,521.588,484.399,664.65,502.007,6.0,714.5020026329804,304.0448607399649
P07T18,Other,601.9,304.225,502.059,472.616,664.672,486.363,4.0,660.8633058509294,264.5393589388041
P07T18,Other,599.971,290.489,505.894,456.982,664.638,472.628,4.0,708.1607758849127,336.6944945429016
P07T18,Nose,596.063,272.878,504.015,439.359,664.698,447.168,0.0,658.9598294935993,281.11460215392066
P07T18,Other,590.192,243.481,494.292,413.825,682.279,431.552,0.0,719.0590564868771,444.5894541185962
P07T18,Other,586.349,210.061,494.145,378.587,656.837,384.495,0.0,851.538488225418,239.43568701814826
P07T18,Other,586.286,165.036,496.203,323.761,684.277,351.179,0.0,1162.9338449836982,346.9821027632067
P07T18,Other,586.225,120.074,494.191,288.487,662.672,300.258,0.0,792.970419491629,233.56720080643444
P07T18,Other,580.438,86.6251,494.127,259.102,660.69,263.052,0.0,1162.9338449836982,346.9821027632067
P07T18,Other,578.458,53.4768,492.211,233.602,664.616,227.82,0.0,219.0456899038926,483.9031103614369
P07T18,Other,576.508,21.9458,494.206,196.402,666.622,196.418,1.0,1162.9338449836982,346.9821027632067
P07T18,Other,572.577,5.37504,482.442,161.179,664.633,172.902,4.0,219.0456899038926,483.9031103614369
P07T18,Other,0.0,0.0,476.608,133.776,662.687,139.638,5.0,1162.9338449836982,346.9821027632067
P07T18,Other,0.0,0.0,474.555,116.09,0.0,0.0,8.0,887.1604661677746,263.9491589366676
P07T18,Other,0.0,0.0,0.0,0.0,0.0,0.0,12.0,1162.9338449836982,346.9821027632067
P07T18,Other,0.0,0.0,0.0,0.0,0.0,0.0,12.0,908.8542654150875,288.0501750907352
P07T18,Other,0.0,0.0,0.0,0.0,0.0,0.0,12.0,1162.9338449836982,346.9821027632067
P07T18,Other,0.0,0.0,0.0,0.0,0.0,0.0,12.0,940.9855782626344,342.5255581106386
P07T18,Other,0.0,0.0,0.0,0.0,0.0,0.0,12.0,1162.9338449836982,346.9821027632067
P07T18,Other,0.0,0.0,0.0,0.0,0.0,0.0,12.0,-811.3889640203455,487.25904511534924
P07T18,Other,0.0,0.0,0.0,0.0,0.0,0.0,12.0,1162.9338449836982,346.9821027632067
P07T18,Other,0.0,0.0,0.0,0.0,0.0,0.0,12.0,1194.3737252275737,315.6168960195265
P07T18,Other,0.0,0.0,0.0,0.0,0.0,0.0,12.0,1162.9338449836982,346.9821027632067
P07T18,Other,0.0,0.0,0.0,0.0,0.0,0.0,11.0,1156.0350220997848,328.8005540465511
P07T18,Other,0.0,0.0,0.0,0.0,0.0,0.0,11.0,1162.9338449836982,346.9821027632067
P07T18,Other,0.0,0.0,0.0,0.0,0.0,0.0,11.0,1097.3083249590413,336.6581291476606
P07T18,Other,0.0,0.0,0.0,0.0,0.0,0.0,12.0,1162.9338449836982,346.9821027632067
P07T18,Other,0.0,0.0,0.0,0.0,0.0,0.0,12.0,676.3577900538919,350.3214216764949
P07T18,Other,0.0,0.0,0.0,0.0,0.0,0.0,12.0,1162.9338449836982,346.9821027632067
P07T18,Other,0.0,0.0,0.0,0.0,0.0,0.0,12.0,-79.45431882591345,363.84092054133714
P07T18,Other,0.0,0.0,570.653,153.301,0.0,0.0,8.0,1162.9338449836982,346.9821027632067
P07T18,Other,0.0,0.0,566.696,229.731,825.341,219.934,5.0,981.7240032721363,351.49953640470505
P07T18,Other,699.908,37.7888,568.625,304.127,825.344,288.427,0.0,1162.9338449836982,346.9821027632067
P07T18,Other,701.865,104.328,568.591,370.771,827.292,355.152,0.0,219.0456899038926,483.9031103614369
P07T18,Other,701.921,168.997,562.759,439.332,825.317,415.828,0.0,1162.9338449836982,346.9821027632067
P07T18,Other,705.777,225.826,564.723,482.443,823.395,460.945,8.0,219.0456899038926,483.9031103614369
P07T18,LKnee,709.712,262.995,566.638,511.888,825.349,494.224,8.0,1162.9338449836982,346.9821027632067
P07T18,Other,711.627,290.383,568.652,535.31,831.175,521.614,8.0,1162.9338449836982,346.9821027632067
P07T18,Nose,713.567,308.051,564.749,554.923,835.078,541.217,8.0,219.0456899038926,483.9031103614369
P07T18,Nose,713.678,321.754,564.708,572.514,837.024,554.871,8.0,25229.562071885586,72000.0
P07T18,Other,715.584,331.558,570.607,566.68,836.977,560.784,9.0,219.0456899038926,483.9031103614369
P07T18,Other,715.665,337.398,568.592,584.342,837.093,570.609,9.0,128000.0,72000.0
P07T18,Other,715.603,343.362,566.696,590.222,837.066,576.505,10.0,219.0456899038926,483.9031103614369
P07T18,Other,713.701,353.095,562.79,603.929,837.083,586.277,10.0,128000.0,72000.0
P07T18,Other,713.648,360.959,558.93,615.671,837.027,588.21,10.0,128000.0,72000.0
P07T18,Other,713.68,366.779,558.907,619.609,836.974,596.085,10.0,128000.0,72000.0
P07T18,Other,713.658,368.733,556.939,619.52,837.003,603.925,10.0,128000.0,72000.0
P07T18,Other,711.669,368.89,550.997,629.403,833.159,605.912,10.0,-128000.0,-72000.0
P07T18,Other,705.788,370.786,541.204,631.332,823.414,617.553,10.0,-128000.0,-72000.0
P07T18,Other,697.891,372.76,533.374,633.334,819.387,621.51,10.0,-128000.0,-72000.0
P07T18,Other,690.11,372.777,523.593,635.288,807.681,621.519,10.0,-128000.0,-72000.0
P07T18,Other,680.369,376.645,509.892,637.268,795.916,619.552,10.0,-40685.2176780227,-72000.0
P07T18,Other,666.642,374.668,496.188,635.301,788.011,633.214,10.0,-29214.509070113534,-72000.0
P07T18,Other,656.817,372.726,484.377,633.333,774.312,633.253,10.0,-4883.572507578798,-13643.586028192349
P07T18,Other,647.044,378.619,468.702,635.231,772.357,639.147,10.0,-3214.4288893603175,-9041.99454176404
P07T18,Other,635.352,378.642,451.136,637.278,772.415,639.162,10.0,-691.9485563529203,-2809.572650724952
P07T18,Other,633.298,382.485,441.268,633.282,778.32,637.289,10.0,568.7846235621058,111.90717250402349
P07T18,Other,627.441,382.509,425.593,625.464,790.042,633.36,10.0,883.0764451253997,933.6317068738306
P07T18,Other,619.569,382.504,407.966,617.67,793.965,627.433,10.0,852.3226776569722,887.9910796085176
P07T18,Other,615.673,382.553,396.248,609.784,803.757,625.437,10.0,839.2439265494886,862.2633213608057
P07T18,Other,611.724,382.594,388.413,602.004,805.654,619.507,10.0,1162.9338449836982,346.9821027632067
P07T18,Other,609.756,384.41,384.504,599.956,809.657,617.675,10.0,837.8433434249309,854.3173488163011
P07T18,Other,609.782,384.443,388.385,594.082,805.689,615.607,10.0,823.750947552119,834.422880100169
P07T18,Other,611.78,384.424,400.183,588.173,792.074,603.968,10.0,813.3862052871997,818.4618405934336
P07T18,Other,615.607,382.573,425.651,578.456,780.209,601.921,10.0,219.0456899038926,483.9031103614369
P07T18,Other,617.509,382.611,445.225,576.504,744.991,586.288,10.0,1162.9338449836982,346.9821027632067
P07T18,Other,617.656,384.439,496.159,580.419,721.478,580.378,10.0,219.0456899038926,483.9031103614369
P07T18,Other,619.637,382.579,539.305,584.342,694.013,574.502,10.0,1162.9338449836982,346.9821027632067
P07T18,Other,627.416,382.453,588.234,554.904,648.94,568.613,10.0,219.0456899038926,483.9031103614369
P07T18,Other,631.312,380.595,590.217,551.015,652.948,568.578,10.0,651.1048319376063,324.649222881356
P07T18,Other,633.299,382.43,605.908,554.974,664.566,574.545,10.0,219.0456899038926,483.9031103614369
P07T18,Other,635.324,382.52,615.683,570.6,680.255,590.183,10.0,592.1974808455311,232.87722531645227
P07T18,Other,645.036,382.582,603.889,590.199,692.039,613.709,10.0,219.0456899038926,483.9031103614369
P07T18,Other,649.058,384.536,609.781,627.414,713.689,633.366,10.0,632.3279895230733,299.1930670749504
P07T18,Other,654.893,386.514,586.304,639.169,741.015,650.911,10.0,219.0456899038926,483.9031103614369
P07T18,Other,664.59,396.27,558.895,627.387,762.617,650.876,10.0,51395.86467714829,72000.0
P07T18,Other,666.672,400.113,552.92,654.85,790.026,656.837,10.0,784.9709006643757,590.8143186605952
P07T18,Other,676.354,404.104,541.201,662.668,805.752,656.822,10.0,84410.08503724949,72000.0
P07T18,Other,680.267,413.872,537.254,664.703,821.363,650.99,10.0,1162.9338449836982,346.9821027632067
P07T18,Other,682.23,417.813,533.378,656.812,838.943,643.088,10.0,63512.59070866568,72000.0
P07T18,Other,682.349,427.531,523.635,637.234,844.907,637.185,10.0,793.7258461448798,779.4039452770206
P07T18,Other,684.214,429.606,517.702,627.446,850.69,623.544,10.0,16048.727221339424,52283.19052616913
P07T18,Other,684.234,431.567,511.817,617.614,854.7,613.708,10.0,765.1918518811956,579.7012297963148
P07T18,Other,682.287,433.457,494.196,601.918,862.48,601.893,10.0,41388.91201816365,72000.0
P07T18,Other,682.234,433.531,478.55,586.313,870.311,588.283,10.0,776.961148235897,618.8773291414075
P07T18,Other,682.207,433.509,460.942,562.781,883.966,572.634,10.0,10051.194431652126,31607.858069498805
P07T18,Other,682.217,431.616,447.251,541.316,899.663,560.841,10.0,787.1297469324434,659.5680649405291
P07T18,Other,682.222,431.578,433.519,527.536,909.555,552.98,10.0,46008.99397817485,72000.0
P07T18,Other,682.239,431.536,437.374,521.648,917.441,543.15,10.0,791.8930497272964,671.2878931943666
P07T18,Other,682.205,431.501,431.503,515.736,927.166,535.359,10.0,20821.345227033886,63524.02080878054
P07T18,Other,680.344,429.634,435.439,511.907,925.236,525.522,10.0,857.9302309777097,796.605949622024
P07T18,Other,678.366,427.584,443.229,509.85,909.526,513.785,10.0,27347.422614834875,72000.0
P07T18,Other,670.517,417.774,447.226,505.966,885.993,503.977,10.0,255.07270765032632,-1848.322130749792
P07T18,Other,664.646,413.899,460.807,502.022,858.585,494.173,10.0,4901.596183012526,12740.482269129274
P07T18,Other,654.82,406.05,470.67,496.212,854.648,494.222,10.0,655.5665719156743,313.6903794770068
P07T18,Other,647.039,400.213,476.553,494.15,829.236,496.143,10.0,9311.969982212475,25612.794554028627
P07T18,Other,635.292,398.193,492.305,490.215,799.836,494.217,10.0,715.9512640240393,498.42853494515344
P07T18,MidHip,629.355,396.24,500.098,490.261,758.74,494.135,10.0,57754.09281586941,72000.0
P07T18,MidHip,619.564,396.266,509.888,478.454,727.32,484.43,10.0,886.9772775850852,837.5919044384254
P07T18,Other,615.654,396.28,511.821,478.528,711.671,482.422,9.0,5966.719067538835,14255.942650420911
P07T18,Other,607.803,398.189,509.819,480.489,699.954,488.292,9.0,876.3697087752232,855.6306123759329
P07T18,Other,603.907,398.254,500.067,480.532,697.956,488.328,10.0,6828.198780669816,16176.785385299323
P07T18,MidHip,601.913,398.272,492.252,492.178,697.939,496.162,10.0,880.150322980985,875.3340717339946
P07T18,LKnee,598.012,400.091,476.596,494.302,698.034,496.154,9.0,8915.507111019153,29737.235819081085
P07T18,LKnee,590.269,400.089,460.953,507.914,709.681,509.882,9.0,879.0687165465854,886.6487687972307
P07T18,LKnee,588.219,400.141,447.211,523.527,715.579,523.618,9.0,12563.81288958567,42437.36808934324
P07T18,LKnee,586.338,400.203,443.279,535.341,729.259,539.273,9.0,875.5826405409678,893.8415007533079
P07T18,MidHip,586.286,400.208,429.567,570.637,748.899,558.824,10.0,1283.9844818416407,2500.6487064253606
P07T18,MidHip,586.18,402.177,441.304,596.073,758.682,574.533,10.0,1162.9338449836982,346.9821027632067
P07T18,MidHip,584.345,409.983,462.85,590.202,756.721,588.307,10.0,2422.099612749568,6192.933142176939
P07T18,Other,586.243,413.798,464.878,648.991,750.849,584.331,10.0,873.2489321166908,904.4319017558408
P07T18,Other,586.345,415.796,486.384,598.042,744.923,588.222,10.0,7618.252673193858,25587.791025394992
P07T18,Other,588.256,415.831,521.604,574.575,743.042,582.355,10.0,850.8475722506635,849.2538326489464
P07T18,MidHip,592.198,415.884,519.644,586.239,746.942,568.647,10.0,19583.02130162171,54822.430459996576
P07T18,Other,599.961,415.914,523.557,584.319,750.858,570.6,10.0,1162.9338449836982,346.9821027632067
P07T18,Other,603.852,415.816,523.633,584.311,770.433,572.554,10.0,29695.337352044437,72000.0
P07T18,Other,609.789,413.91,521.595,586.242,774.285,584.293,10.0,1162.9338449836982,346.9821027632067
P07T18,Other,617.553,413.792,519.664,586.257,776.354,590.171,10.0,128000.0,72000.0
P07T18,MidHip,619.549,411.869,509.917,592.127,792.057,598.047,10.0,1162.9338449836982,346.9821027632067
P07T18,MidHip,625.469,409.976,507.98,601.992,797.871,598.064,10.0,9204.172328437966,18145.339124883343
P07T18,MidHip,633.185,411.85,507.854,603.889,815.487,601.862,10.0,836.3912405208998,795.6571257804575
P07T18,MidHip,633.39,413.766,505.907,617.604,821.408,615.659,10.0,28044.424117050963,56284.392807437674
P07T18,MidHip,635.298,413.865,507.847,631.367,823.368,615.661,10.0,1162.9338449836982,346.9821027632067
P07T18,Other,641.099,415.826,507.947,635.21,823.321,617.654,10.0,68546.13635682556,72000.0
P07T18,Other,643.091,417.785,513.783,633.334,809.692,617.564,10.0,1162.9338449836982,346.9821027632067
P07T18,Other,646.992,427.531,525.575,639.186,803.695,617.619,10.0,17933.201326983268,32410.542749382483
P07T18,Other,648.853,429.569,539.217,633.311,789.95,627.405,10.0,841.7288082870283,804.4731964787368
P07T18,Other,648.866,433.438,552.963,631.307,772.433,633.286,10.0,15817.98927484451,25667.28584859413
P07T18,Other,648.867,441.299,568.647,633.317,748.932,641.135,10.0,1162.9338449836982,346.9821027632067
P07T18,MidHip,648.879,445.216,584.326,635.207,739.103,635.266,10.0,123870.70240762942,72000.0
P07T18,Other,648.873,449.107,596.097,635.179,717.568,641.155,10.0,1162.9338449836982,346.9821027632067
P07T18,Other,646.974,453.054,611.778,635.309,709.692,635.315,10.0,128000.0,72000.0
P07T18,Other,645.023,458.946,619.63,639.169,695.98,637.246,10.0,1162.9338449836982,346.9821027632067
P07T18,Other,643.066,462.783,619.55,637.212,692.087,641.168,10.0,14549.385063324913,20582.36999422327
P07T18,Other,639.223,462.957,619.578,643.059,680.362,652.906,10.0,1162.9338449836982,346.9821027632067
P07T18,Other,639.161,464.861,611.76,637.266,684.256,650.89,10.0,128000.0,72000.0
P07T18,Other,637.222,464.821,613.701,637.23,690.135,645.026,10.0,1162.9338449836982,346.9821027632067
P07T18,Other,635.345,462.935,605.912,633.227,686.202,645.003,10.0,128000.0,72000.0
P07T18,Other,635.216,462.882,607.871,631.36,694.037,635.328,8.0,1162.9338449836982,346.9821027632067
P07T18,Other,633.364,460.953,617.569,635.194,690.105,635.305,9.0,128000.0,72000.0
P07T18,Other,633.285,458.901,611.774,633.302,684.231,635.261,10.0,1162.9338449836982,346.9821027632067
P07T18,Other,631.276,449.159,603.993,633.268,680.273,635.206,10.0,1162.9338449836982,346.9821027632067
P07T18,Other,627.441,445.262,603.863,631.331,678.305,631.359,10.0,128000.0,72000.0
P07T18,Other,623.545,437.382,602.013,621.563,676.383,625.454,10.0,1162.9338449836982,346.9821027632067
P07T18,Other,621.505,431.457,601.862,615.595,668.577,627.391,10.0,128000.0,72000.0
P07T18,Other,619.559,421.752,601.955,605.931,668.608,621.565,10.0,1162.9338449836982,346.9821027632067
P07T18,Other,617.706,415.787,601.924,601.915,666.649,621.519,10.0,219.0456899038926,483.9031103614369
P07T18,Other,617.626,407.989,594.142,600.006,666.607,615.642,10.0,1162.9338449836982,346.9821027632067
P07T18,Other,615.7,400.111,588.202,599.966,658.766,613.709,10.0,674.1109927160578,20.347075586658736
P07T18,Other,615.602,394.294,584.313,601.873,664.582,601.99,10.0,1162.9338449836982,346.9821027632067
P07T18,Other,613.69,384.535,576.473,601.881,662.693,598.013,10.0,683.1174950717322,16.114907724308093
P07T18,Other,613.68,382.487,568.661,603.857,654.87,592.16,10.0,1162.9338449836982,346.9821027632067
P07T18,Other,613.665,376.642,554.937,603.917,662.649,586.296,9.0,690.0080847146453,-15.121048327230557
P07T18,Other,613.716,372.712,543.245,615.638,670.555,578.452,10.0,700.711766617728,-189.772811697052
P07T18,Other,613.708,368.9,527.512,603.994,680.307,572.634,10.0,698.0664959840531,-33.157443231194975
P07T18,Nose,613.685,368.805,515.778,617.576,670.497,580.397,10.0,714.8363929174316,-131.37341739244314
P07T18,Other,611.748,368.763,505.992,617.656,670.538,584.33,10.0,724.9281281440163,-48.47864190123705
P07T18,Other,611.724,368.743,494.289,617.586,674.43,586.229,10.0,719.7535822573235,-150.05632437904072
P07T18,Other,609.812,366.896,488.342,603.993,680.377,582.382,10.0,731.9270651930337,-66.79241010698294
P07T18,Other,607.83,366.882,478.481,603.941,682.336,582.325,10.0,718.66920393329,-144.50829976518204
P07T18,Other,605.867,366.886,474.576,592.174,686.218,572.587,10.0,749.535034051717,-82.9527014156942
P07T18,Other,603.952,366.904,468.76,601.959,688.184,572.563,10.0,704.1138495639684,-217.00660236808267
P07T18,MidHip,603.867,366.924,474.569,592.168,688.156,572.568,10.0,757.5968535417445,-100.36244100664075
P07T18,Other,602.038,366.931,474.557,588.213,693.995,570.648,10.0,704.7292445384943,-208.11645317870642
P07T18,Other,601.988,368.794,472.635,590.186,693.988,572.629,10.0,755.793095474974,-112.05385840154221
P07T18,MidHip,601.925,368.833,474.548,588.2,688.169,578.434,10.0,736.1707106807498,-232.6956278997691
P07T18,Other,599.993,368.85,478.534,586.32,686.185,574.558,10.0,764.137150233991,-122.25115586952529
P07T18,Other,598.005,368.867,480.556,588.31,682.29,576.467,10.0,730.8676750253966,-234.90868830194887
P07T18,Other,596.11,370.737,482.414,588.297,682.219,574.525,10.0,771.6313102645681,-132.55849968802232
P07T18,Other,597.991,370.798,486.347,588.261,678.355,574.556,10.0,728.480324476331,-238.8355556337717
P07T18,Other,598.001,370.797,492.325,592.159,678.316,572.523,10.0,768.9662500973886,-137.64887241934645
P07T18,Other,598.007,370.78,494.22,590.255,678.324,570.671,10.0,747.2970845947877,-284.0181349231081
P07T18,Other,598.02,368.925,505.89,594.113,674.457,570.535,10.0,759.7447996142935,-151.52435854842776
P07T18,Other,598.061,368.889,507.828,588.293,672.471,570.558,10.0,738.9236163080642,-253.19263360329674
P07T18,Other,599.997,368.866,507.864,590.223,668.634,570.539,10.0,757.330222417552,-149.53051891435553
P07T18,Other,601.897,368.832,507.914,588.236,668.609,570.568,10.0,732.984420966279,-245.47273154203958
P07T18,Other,601.891,368.797,507.902,588.261,670.563,570.538,10.0,755.7815013622096,-155.4809244805349
P07T18,Other,601.89,366.887,505.887,586.239,668.535,570.54,10.0,733.970218716611,-244.0332590553905
P07T18,Other,601.927,366.924,503.976,582.37,668.6,570.58,10.0,761.7313155160505,-152.47643651574532
P07T18,Other,601.926,366.903,507.826,588.245,674.472,568.64,10.0,734.3331328318836,-241.84294845803902
P07T18,Other,601.892,364.92,496.158,586.298,676.365,566.699,10.0,758.2846218590739,-151.75589135153245
P07T18,Other,601.862,360.986,494.238,586.349,674.408,562.742,10.0,737.4985922103099,-232.72371204131565
P07T18,Other,601.969,362.938,494.258,590.262,680.246,560.786,10.0,754.1525373692383,-144.1049744054672
P07T18,Other,603.828,362.94,494.252,590.213,680.249,562.739,10.0,727.8956309453106,-229.4181469761992
P07T18,Other,603.903,364.828,494.208,590.236,680.328,560.805,10.0,751.7288012933764,-143.50256550770249
P07T18,Other,603.97,364.913,494.229,592.139,680.315,560.789,10.0,729.373945174341,-227.23815010389438
P07T18,Other,604.019,364.902,494.285,594.109,680.369,558.836,10.0,749.0905915661936,-142.35861563175223
P07T18,Other,609.789,364.882,496.134,592.144,680.351,558.924,9.0,727.2407149231134,-231.80580231411616
P07T18,Other,613.737,364.923,496.136,590.249,682.209,558.917,10.0,746.5204751414299,-141.12028746880708
P07T18,Other,615.689,364.916,496.181,588.302,684.241,556.868,10.0,730.7524937386174,-221.911851080383
P07T18,Other,617.574,364.906,498.118,588.281,686.225,556.855,10.0,743.9429109661123,-139.83889450777653
P07T18,Other,617.627,364.901,498.151,590.229,692.073,556.884,10.0,728.6603728003068,-227.12802510685486
P07T18,Other,617.657,364.919,500.095,592.166,690.127,556.967,10.0,741.544839059726,-138.38619806500964
P07T18,Other,617.684,364.917,503.961,592.166,690.142,556.974,10.0,729.5792215041506,-224.1718044080352
P07T18,Other,617.701,366.748,505.906,596.096,693.981,556.901,8.0,737.6288466506861,-125.86751336080191
P07T18,Other,617.714,366.768,505.893,594.116,692.083,556.978,10.0,720.592888050382,-220.30365949911337
P07T18,RKnee,617.659,366.745,505.934,590.178,692.087,558.862,8.0,736.7134592903906,-125.65097861362659
P07T18,Other,617.567,364.883,505.945,590.256,694.046,556.851,9.0,734.7225761411287,-124.2075238980645
P07T18,Other,613.706,364.863,505.978,592.193,694.007,556.901,9.0,717.9650808253673,-216.07747992988382
P07T18,MidHip,607.86,364.858,505.964,596.088,692.043,556.908,10.0,733.9490528318664,-129.2804072229163
P07T18,Other,603.946,362.899,505.964,596.046,692.029,556.946,10.0,718.7059059853036,-213.57589336851925
P07T18,Other,601.976,362.889,507.821,594.126,692.022,558.841,10.0,732.7267095144421,-123.62783807475223
P07T18,Other,598.039,362.945,505.941,594.106,688.124,564.721,10.0,729.8057007714747,-212.7427755822259
P07T18,Other,588.35,362.929,505.983,601.904,690.111,564.702,9.0,731.7179749998774,-123.09525777786956
P07T18,Other,586.291,366.766,507.888,602.003,693.965,558.926,10.0,737.5355183170902,-218.8365515571984
P07T18,Other,584.356,366.851,507.938,601.947,690.104,564.699,10.0,732.2878747607278,-122.69725655900865
P07T18,Other,582.345,366.918,507.954,601.964,692.068,566.701,10.0,728.2410047335989,-214.22393217562131
P07T18,Other,580.424,366.939,509.923,603.874,694.057,566.656,10.0,731.9445821455197,-120.97338181617047
P07T18,Other,582.396,366.913,509.927,603.899,695.904,566.669,10.0,727.7713895735571,-219.10395288005037
P07T18,Other,586.2,366.904,511.799,602.017,695.937,570.566,10.0,729.9644240707557,-120.03829271094523
P07T18,Other,586.267,366.915,515.727,601.926,696.055,570.661,10.0,729.3341907852404,-216.22092005919347
P07T18,RKnee,588.346,368.736,519.641,605.89,697.976,572.594,9.0,729.7428828570357,-124.62262150601495
P07T18,MidHip,598.004,366.937,519.684,609.766,701.91,570.586,10.0,730.6947486701008,-213.87306326367522
P07T18,MidHip,601.849,366.887,521.655,617.537,705.791,570.579,10.0,729.4033035522609,-128.74942504047823
P07T18,MidHip,603.923,366.816,523.51,617.542,707.775,572.513,10.0,713.9631152157234,-187.14819780063266
P07T18,MidHip,611.733,366.814,523.515,611.72,709.701,572.621,10.0,728.3358534606018,-116.26079295382277
P07T18,Other,617.513,366.785,523.618,611.775,711.701,572.497,10.0,714.3347787996539,-193.8404927686891
P07T18,Other,619.512,364.89,523.566,607.832,715.559,570.552,10.0,728.0484440829316,-115.67413042695947
P07T18,Other,621.524,362.895,523.594,607.852,717.566,570.647,10.0,718.3722099558059,-213.90317077084637
P07T18,MidHip,625.44,360.982,523.56,609.777,717.543,572.57,10.0,718.9095883003439,-121.58882786205481
P07T18,MidHip,629.338,362.898,523.496,605.914,727.235,570.547,10.0,729.7404421235428,-211.30233090558642
P07T18,Other,629.383,362.923,519.689,601.978,727.355,570.673,10.0,718.0087835489317,-118.26495738876062
P07T18,Other,629.345,362.903,515.72,594.13,729.289,570.579,10.0,730.6712754839061,-208.9072807648816
P07T18,Other,627.415,362.886,509.968,582.378,733.196,568.617,10.0,716.5539630194589,-115.54799687762323
P07T18,MidHip,623.499,361.006,509.949,572.578,729.31,570.578,10.0,722.3389390822356,-205.01095315192106
P07T18,Other,619.608,364.898,509.931,556.924,729.316,568.677,10.0,711.3519962211825,-111.17749865395993
P07T18,Other,617.563,366.82,505.981,551.039,727.356,560.788,10.0,724.9745287310157,-202.82786979239845
P07T18,Other,611.759,368.777,507.883,537.281,725.36,554.965,10.0,726.8218352653058,-97.92842085143704
P07T18,Other,605.915,368.89,502.036,525.605,715.601,554.929,10.0,726.7384468726354,-200.43053205779384
P07T18,Other,603.859,370.786,507.929,511.834,713.68,547.104,10.0,724.326781343186,-95.69428684974417
P07T18,Other,601.97,372.75,502.057,507.881,711.688,543.186,10.0,726.1781200781438,-205.36803289043286
P07T18,Other,601.865,374.728,498.105,505.962,709.649,541.29,9.0,723.4004549369586,-92.41685437133576
P07T18,MidHip,599.933,376.677,494.18,505.958,703.799,543.165,10.0,728.3150404838252,-202.45754939641216
P07T18,Other,598.016,380.517,492.264,505.962,701.887,543.205,10.0,722.4548038701722,-89.08235742166225
P07T18,Other,597.988,382.424,496.164,503.955,703.815,547.114,10.0,720.2471851861491,-198.5755326757473
P07T18,Other,596.089,382.601,496.13,505.957,703.829,554.869,10.0,723.1811471099178,-92.87690793633759
P07T18,Other,596.112,384.503,494.267,509.844,713.686,556.828,10.0,730.6964950144895,-205.24351010925946
P07T18,Other,599.934,386.41,500.08,507.984,721.46,564.714,10.0,732.7111908268017,-94.58613523884473
P07T18,Other,601.901,388.402,507.918,509.888,717.517,570.643,10.0,737.1052396787757,-218.23183131365153
P07T18,Other,603.908,390.344,509.908,511.881,719.526,572.626,10.0,783.6113510083853,-117.30888398656539
P07T18,Other,605.944,390.336,494.181,537.324,729.34,578.437,10.0,763.407130671235,-233.4029851179562
P07T18,Other,609.796,390.382,494.284,539.308,731.316,576.474,10.0,838.5776971686346,-134.46535655383312
P07T18,Other,613.655,388.392,496.141,543.183,729.313,584.292,10.0,839.6824872946586,-246.09541852993135
P07T18,Other,613.667,386.443,505.915,541.257,735.184,574.536,10.0,881.2323400343695,-145.45166536588587
P07T18,Other,617.602,384.574,509.855,545.13,741.029,578.428,10.0,877.734883611769,-257.60042494230356
P07T18,Other,619.643,384.426,507.918,541.203,744.972,574.544,10.0,898.4654321858511,-148.00593580265894
P07T18,Other,627.411,382.424,521.602,537.282,756.704,570.557,10.0,883.8066513233919,-229.1355889338065
P07T18,Other,631.367,376.637,527.509,539.208,758.741,570.535,10.0,912.3477265362847,-151.11782912658114
P07T18,Other,635.215,370.844,531.435,535.352,760.598,572.588,10.0,878.5770756387601,-163.4588953266466
P07T18,Other,637.245,368.874,537.26,527.483,762.65,572.527,9.0,912.6375333468668,-158.2670232658182
P07T18,Other,641.167,366.937,539.325,525.641,772.342,568.634,9.0,839.7640098869216,-84.76029034978697
P07T18,Other,646.961,362.954,543.177,525.612,774.342,564.749,8.0,752.0730082940362,136.13905521997717
P07T18,Other,649.056,355.068,549.046,523.636,780.209,556.926,8.0,902.5309463196618,-162.68685531483217
P07T18,Other,652.9,351.219,547.108,513.776,784.145,556.837,8.0,780.0647328542727,63.7701843895459
P07T18,Other,656.846,341.398,552.959,509.901,791.939,554.851,8.0,902.8141337247927,-160.9196637922702
P07T18,Other,662.666,335.412,552.927,507.852,795.926,545.154,8.0,770.084718766137,94.76709876459577
P07T18,Other,664.548,321.889,545.12,494.182,803.766,539.295,8.0,904.8542150360433,-160.91485271455622
P07T18,Other,666.58,311.997,0.0,0.0,805.756,539.258,9.0,787.6169411757899,48.452680338006076
P07T18,Other,668.625,302.221,527.503,488.344,819.405,537.266,8.0,903.434784209586,-160.21776593495642
P07T18,Other,676.409,290.444,525.527,466.791,827.24,533.351,8.0,778.0424545854501,78.56963909393083
P07T18,Other,680.202,278.727,533.39,460.897,839.034,535.354,8.0,902.624148102972,-159.3115045290465
P07T18,Other,676.384,272.742,592.157,400.182,848.793,533.364,8.0,768.910028677659,105.77665120010639
P07T18,Other,670.572,259.09,525.511,449.176,860.557,527.484,10.0,899.8484824841833,-160.1632152454283
P07T18,Other,668.631,247.394,507.892,455.042,870.411,519.649,10.0,757.9332332701972,136.28633762222552
P07T18,Other,666.695,239.529,490.303,458.962,882.06,509.887,10.0,899.8676080549226,-158.50276359913943
P07T18,MidHip,666.628,225.806,480.524,441.294,905.598,484.418,9.0,778.3810785549973,86.27513272670703
P07T18,LElbow,666.689,210.018,490.238,433.495,927.149,478.533,9.0,898.3514872623688,-156.95645413293377
P07T18,LElbow,674.414,192.448,496.23,433.519,944.803,431.547,9.0,665.4532690476036,351.1493758162146
P07T18,MidHip,680.301,176.793,0.0,0.0,974.198,413.902,10.0,895.7794941354309,-158.6561650350872
P07T18,LElbow,686.171,157.246,511.844,458.923,1015.33,427.587,9.0,488.7942719594446,744.2527974408182
P07T18,LElbow,693.987,135.702,523.544,472.649,1048.66,409.929,9.0,895.07506862525,-158.01248379091115
P07T18,LElbow,697.984,117.981,507.932,458.925,1072.09,398.174,9.0,551.5762936048396,606.6201709218087
P07T18,MidHip,713.543,114.108,505.97,458.919,1103.48,505.951,9.0,894.2709439853841,-158.07654715994258
P07T18,MidHip,729.36,114.14,523.64,456.996,1152.47,627.413,9.0,587.8147360160519,526.3165428884423
P07T18,MidHip,758.744,114.135,549.032,449.143,1093.72,572.563,9.0,892.5735313328792,-157.1430059937266
P07T18,MidHip,797.839,108.282,554.892,443.261,1123.07,568.655,5.0,620.2643955721982,453.68471695313997
P07T18,MidHip,840.996,104.303,666.552,413.934,1121.13,570.592,6.0,890.9232537765183,-158.06710480089802
P07T18,MidHip,882.09,96.5215,670.531,382.473,0.0,0.0,5.0,701.5782170950436,266.24331464225304
P07T18,MidHip,903.697,82.7307,699.89,366.903,0.0,0.0,5.0,889.7089603108565,-157.7718776212898
P07T18,MidHip,917.344,67.0706,709.677,349.259,1087.84,621.566,4.0,673.3413772887291,333.0797421724267
P07T18,MidHip,927.135,55.3447,727.353,335.573,1089.74,574.514,4.0,889.3497734887669,-156.47438135020084
P07T18,MidHip,931.145,49.4873,744.994,321.887,1070.21,572.597,4.0,702.1759102288388,266.3104279647425
P07T18,MidHip,933.042,39.6537,746.932,308.128,1074.15,537.256,5.0,888.1699123517416,-157.56637361670568
P07T18,MidHip,931.05,31.8144,756.722,288.563,1089.76,494.265,5.0,787.6097049032229,49.06295058429671
P07T18,MidHip,930.991,22.1319,750.828,268.904,1105.44,460.863,7.0,887.3886108383304,-158.28805430796425
P07T18,MidHip,931.022,16.1569,760.689,243.387,1121.14,421.702,7.0,797.1154274643991,24.78236628594118
P07T18,MidHip,927.177,5.34026,762.64,227.789,1130.91,409.942,7.0,886.4950260194955,-156.57501943694174
P07T18,MidHip,921.327,5.35374,760.652,212.149,1140.74,390.378,7.0,838.7097624732696,-71.02317089221859
P07T18,Other,917.376,5.35361,799.8,200.351,1150.53,384.481,8.0,886.6227980266477,-155.85374773953652
P07T18,Other,911.517,5.34042,741.051,219.898,1166.23,384.439,7.0,844.947118510361,-90.4293358887266
P07T18,Other,913.418,5.33665,770.429,214.04,1172.06,415.817,7.0,885.1822002708561,-155.4964554072722
P07T18,Other,905.618,5.34224,758.698,229.758,1162.22,421.708,7.0,790.0220925164336,54.23400195567009
P07T18,Other,899.737,5.33876,703.833,257.057,1142.65,443.24,7.0,885.4739675760079,-155.4462816754535
P07T18,Other,899.662,5.3472,695.982,259.144,1119.15,433.463,7.0,809.8416875389041,3.5914631185059687
P07T18,Other,884.067,5.35202,680.35,261.086,1099.55,415.859,7.0,884.5233408356689,-154.09842026520593
P07T18,LElbow,868.421,4.39593,664.666,274.753,1070.13,456.975,11.0,800.9125895366046,32.96155302635354
P07T18,MidHip,854.651,22.0562,650.895,292.464,1040.73,490.264,7.0,883.2824341449818,-153.06032942840633
P07T18,MidHip,848.815,37.8008,633.332,319.802,1040.75,502.04,6.0,706.9269173486344,256.3526327164055
P07T18,LElbow,842.938,67.138,690.099,353.126,1032.99,537.276,6.0,881.6614137807424,-152.55958563600802
P07T18,LElbow,842.906,92.5469,617.638,368.842,1040.76,558.889,5.0,739.1922474559277,181.19782760034997
P07T18,LElbow,850.794,125.857,607.823,406.031,1040.71,590.242,9.0,882.0033342954792,-151.67968936112945
P07T18,MidHip,854.682,157.206,603.948,445.21,1044.75,619.579,9.0,787.3163750845649,59.92975779590407
P07T18,MidHip,856.684,190.558,549.065,464.819,1046.69,650.955,5.0,883.848153583248,-151.83584160882126
P07T18,MidHip,852.722,229.683,590.198,523.595,1052.56,680.307,6.0,846.3662703719096,-85.83587258314698
P07T18,LElbow,858.576,274.825,607.847,556.91,1105.46,684.236,8.0,882.5301541248529,-151.645048282951
P07T18,Nose,870.296,310.084,641.159,568.627,0.0,0.0,13.0,838.6704906827756,-56.63430122897644
P07T18,Nose,880.139,335.492,668.562,558.854,1121.13,666.603,11.0,883.3770955172943,-151.09183257159899
P07T18,Nose,870.291,333.478,684.259,554.954,1148.56,599.968,11.0,772.1702642572111,106.93979835352067
P07T18,MidHip,852.749,319.852,697.942,545.144,1152.45,594.098,6.0,884.6223740508502,-149.8017104588158
P07T18,LElbow,833.125,298.314,670.527,533.372,1101.51,511.872,9.0,713.0847863738879,241.85319705286014
P07T18,MidHip,809.615,284.564,668.609,537.288,0.0,0.0,6.0,884.1830369453971,-149.07238640742088
P07T18,LElbow,790.098,272.841,652.931,527.542,1046.68,533.397,9.0,812.9147905523294,8.891364683273233
P07T18,MidHip,776.241,257.112,641.136,509.897,1011.42,507.927,9.0,883.7889811951729,-149.0924926845246
P07T18,Other,758.737,231.713,633.339,494.182,1101.48,521.601,9.0,882.5969507544788,-148.77258210017436
P07T18,LElbow,748.93,212.072,619.561,458.949,0.0,0.0,10.0,804.0050822110074,36.7643523103425
P07T18,LElbow,745.022,196.338,633.29,437.408,1032.97,445.229,9.0,882.1905853782332,-147.8148404672251
P07T18,MidHip,758.62,196.391,650.977,421.693,1034.93,417.817,9.0,850.3432465030069,-61.28171620862531
P07T18,LElbow,760.725,192.499,658.783,409.955,1040.76,400.179,9.0,882.0564340281663,-147.04825165724955
P07T18,MidHip,760.708,178.761,656.828,404.057,1083.85,415.878,9.0,868.4294927744238,-118.8965900431203
P07T18,MidHip,776.266,180.809,662.648,431.495,1107.4,431.557,9.0,881.9622433847669,-146.10536256329436
P07T18,MidHip,799.849,202.264,662.684,464.797,1119.18,427.609,9.0,874.119944331049,-133.376480923472
P07T18,MidHip,817.442,229.714,668.595,492.268,1175.97,478.543,9.0,882.2883416723007,-145.68488508107703
P07T18,LElbow,831.199,247.359,688.144,488.349,1197.5,460.885,9.0,885.3964066555163,-197.3904943969155
P07T18,MidHip,852.614,261.096,621.553,547.078,1146.58,376.679,9.0,883.7323854824525,-144.14002839569997
P07T18,LElbow,880.161,308.144,654.877,590.187,0.0,0.0,12.0,901.6010127544084,-204.8835489250721
P07T18,MidHip,925.185,317.815,729.317,568.662,0.0,0.0,10.0,882.8726103102788,-142.66782942284365
P07T18,LElbow,976.15,321.747,792.0,584.312,0.0,0.0,11.0,902.6307909397185,-213.33884798316015
P07T18,MidHip,1013.34,304.195,870.309,570.549,0.0,0.0,10.0,882.8482607030044,-141.04465349596336
P07T18,Neck,1040.77,266.952,938.917,525.52,0.0,0.0,12.0,904.2848115733465,-220.67386133948185
P07T18,Neck,1038.81,231.709,852.669,523.546,1027.11,715.612,10.0,882.5635865765821,-140.29560181894308
P07T18,LElbow,1007.49,216.027,815.514,492.263,1019.27,715.611,10.0,915.2506299209929,-235.65577500088443
P07T18,LElbow,962.402,225.784,748.924,503.986,1025.07,680.366,10.0,882.0049976893256,-137.9312273963954
P07T18,Neck,917.361,243.515,797.891,488.329,1021.19,680.279,10.0,919.2390283160487,-229.9846262517708
P07T18,Neck,893.88,259.064,786.112,494.238,1021.19,680.314,10.0,884.0086160704645,-134.70194034846028
P07T18,Neck,878.214,266.922,746.933,509.826,1044.74,670.539,10.0,919.5308669113967,-235.310813762645
P07T18,Neck,878.174,276.795,735.158,533.356,1072.16,668.554,10.0,884.9640178887473,-131.9766423242816
P07T18,Neck,878.193,286.558,733.216,539.257,1095.64,635.221,10.0,927.5862405417681,-242.0329079976128
P07T18,Neck,884.059,290.436,758.696,545.142,1162.24,633.275,10.0,884.592409939806,-129.86399296681643
P07T18,Neck,883.971,298.267,776.369,539.303,1093.72,656.796,10.0,928.3135590917947,-224.23673256173586
P07T18,Neck,886.001,310.072,831.167,521.612,1117.21,650.924,10.0,885.8149483368131,-128.4221367697145
P07T18,Neck,886.016,312.016,790.054,527.511,0.0,0.0,11.0,933.0710444743086,-220.66098310673414
P07T18,Neck,886.02,304.193,795.907,521.606,0.0,0.0,11.0,885.8591587702425,-127.04967550581459
P07T18,Neck,897.745,294.348,889.937,478.538,1089.77,697.989,10.0,934.0648972078038,-226.34647568362834
P07T18,Neck,888.054,280.625,815.512,492.175,1150.43,715.592,10.0,886.7420288176099,-125.23914698344582
P07T18,Neck,870.409,274.826,774.332,494.162,1117.15,695.938,10.0,938.6788215974228,-220.37797148426264
P07T18,LElbow,840.998,259.112,766.546,492.189,1089.8,664.641,10.0,886.4734096312916,-124.14834915474516
P07T18,MidHip,836.999,251.279,803.747,476.577,1087.78,645.027,10.0,939.6616475517054,-225.70275730185435
P07T18,LElbow,827.275,247.375,748.903,496.201,1066.28,592.193,10.0,887.2589537408459,-123.80235130508424
P07T18,LElbow,809.633,274.84,754.745,513.765,1042.77,570.631,10.0,931.039849180843,-223.34898891053336
P07T18,MidHip,795.898,288.523,0.0,0.0,1095.63,554.982,11.0,890.9096828538992,-135.55477053653595
P07T18,LElbow,789.918,282.577,744.979,498.147,0.0,0.0,11.0,919.4888056894036,-231.64504084406886
P07T18,Other,776.232,286.551,725.361,507.963,0.0,0.0,12.0,900.9509248860261,-166.85559276728435
P07T18,LElbow,774.322,321.767,748.887,568.639,1032.96,552.985,13.0,873.0747461445826,-214.71983598707624
P07T18,LElbow,780.256,380.514,731.243,619.587,993.8,676.378,13.0,896.881130514917,-191.28239837628354
P07T18,Other,791.948,384.529,725.344,605.876,1203.43,601.909,13.0,838.0003008134415,-174.45856592474962
P07T18,Other,846.875,390.365,778.279,621.515,1195.52,605.842,13.0,914.3658518741283,-211.60829610575232
P07T18,Other,886.105,368.854,848.785,588.209,1232.8,582.35,13.0,761.6714969903045,24.08564570694263
P07T18,Neck,901.638,298.266,842.939,523.558,0.0,0.0,11.0,929.0507127823823,-230.05082248887507
P07T18,Neck,870.281,257.18,895.833,427.583,978.059,586.227,10.0,605.0858857669435,601.0439970503006
P07T18,Neck,841.031,206.231,840.965,415.84,1148.54,490.259,9.0,910.8422359094533,-238.55357980901786
P07T18,Neck,821.304,168.976,797.883,392.322,931.032,509.915,9.0,652.8899942814201,434.9030365379953
P07T18,Neck,807.734,151.376,793.988,359.041,0.0,0.0,6.0,917.4843945506991,-248.8018954028426
P07T18,MidHip,809.645,147.452,792.012,335.529,0.0,0.0,6.0,256.74869098299985,3154.2091085940874
P07T18,MidHip,807.751,147.487,735.172,398.134,0.0,0.0,6.0,911.2732267654245,-250.6401250447436
P07T18,MidHip,807.753,149.439,741.028,398.194,1105.44,411.89,4.0,-480.1634577598237,10527.197425242768
P07T18,Neck,807.75,163.021,805.704,347.286,1132.9,409.906,5.0,912.4576969921269,-252.0759031894533
P07T18,LElbow,817.423,174.829,821.408,359.006,1072.15,331.587,9.0,-1252.4832254425523,18004.583592740957
P07T18,Neck,823.321,180.75,803.713,386.438,0.0,0.0,6.0,915.2837992584841,-250.09532587158424
P07T18,Neck,831.163,194.418,768.499,406.042,1083.88,615.665,10.0,-1053.100752347479,19755.24896313149
P07T18,Neck,839.084,190.541,713.648,421.725,1127.0,650.955,10.0,913.3561649965241,-249.1151030522406
P07T18,Neck,844.868,186.598,727.352,458.899,1154.41,715.594,10.0,-1868.2463160295897,28811.11042061013
P07T18,Neck,864.434,192.433,713.599,478.513,1101.52,682.31,10.0,912.9150542982816,-250.55563426134947
P07T18,MidHip,883.964,186.635,723.422,466.786,0.0,0.0,10.0,-1654.89110426143,28063.46914405994
P07T18,MidHip,868.421,176.841,709.726,445.161,0.0,0.0,11.0,905.9905369919579,-251.87765957813863
P07T18,MidHip,862.541,169.02,699.927,429.558,933.004,715.624,10.0,-2037.366869712408,37111.489929071475
P07T18,LElbow,858.579,167.003,729.332,396.217,872.376,690.113,5.0,-3277.8711037274747,54341.22185725231
P07T18,LElbow,848.755,165.053,682.268,407.976,872.375,631.32,9.0,903.5897464239051,-250.64409561596088
P07T18,LElbow,827.219,155.253,715.587,374.7,884.012,590.18,10.0,-3742.2008233051133,70669.41651515893
P07T18,LElbow,805.629,149.457,713.6,366.805,893.858,599.983,9.0,900.543233828213,-250.0358931828893
P07T18,LElbow,790.048,145.468,713.612,353.132,958.52,558.839,9.0,-9814.651352800522,72000.0
P07T18,LElbow,776.267,145.455,741.068,333.576,931.041,490.28,10.0,868.8260739714351,-185.5590776596432
P07T18,LElbow,770.416,149.395,684.289,357.043,1072.19,482.456,9.0,-18736.479859455136,72000.0
P07T18,LElbow,764.539,159.209,678.376,360.992,0.0,0.0,10.0,867.0479322313915,-186.66333776303347
P07T18,LElbow,768.483,161.113,682.308,349.175,0.0,0.0,10.0,-36152.77953987739,72000.0
P07T18,LElbow,776.379,163.178,686.219,351.12,1066.27,458.914,9.0,865.0013115427022,-188.7667282894971
P07T18,MidHip,790.055,167.04,694.04,355.142,1128.96,519.666,5.0,-19716.161446753547,72000.0
P07T18,MidHip,803.732,180.723,690.131,372.734,1181.84,515.742,5.0,862.471461850997,-189.95599528034748
P07T18,MidHip,809.656,188.592,639.162,429.518,1185.79,533.385,5.0,-8342.131896323259,72000.0
P07T18,MidHip,823.376,202.29,660.708,443.256,1193.61,535.349,5.0,860.9863597765423,-191.88886392255003
P07T18,MidHip,850.714,217.936,682.332,447.185,1248.46,547.117,9.0,-5420.863865514137,72000.0
P07T18,MidHip,864.465,229.722,774.33,413.884,0.0,0.0,7.0,857.124530923321,-192.40491555137652
P07T18,MidHip,854.667,235.624,746.926,423.673,0.0,0.0,10.0,-19313.889010040257,72000.0
P07T18,MidHip,837.134,235.559,729.294,429.554,0.0,0.0,8.0,855.4152933961457,-194.50468180855367
P07T18,MidHip,807.647,227.745,617.648,474.557,0.0,0.0,11.0,-8014.848301043286,72000.0
P07T18,MidHip,778.285,223.86,596.074,480.474,0.0,0.0,12.0,853.4232160346943,-197.80836039422482
P07T18,MidHip,760.681,225.778,588.258,494.186,0.0,0.0,7.0,4028.120343765884,72000.0
P07T18,Neck,750.855,219.941,590.212,484.39,0.0,0.0,11.0,850.8714559552818,-201.9289475036261
P07T18,MidHip,731.265,206.164,580.414,476.534,0.0,0.0,7.0,27977.415473447913,72000.0
P07T18,LElbow,709.64,196.397,574.558,470.703,1030.99,592.143,10.0,852.0616143570213,-202.6442177410468
P07T18,LElbow,688.146,196.462,568.662,474.615,978.162,539.316,10.0,19240.21715380834,72000.0
P07T18,LElbow,668.563,206.215,592.174,429.54,1019.27,411.924,10.0,851.1772517373646,-203.65974139229252
P07T18,LElbow,650.861,214.038,598.031,431.488,1072.16,427.584,10.0,24905.03923235781,72000.0
P07T18,LElbow,641.114,214.013,525.578,484.41,0.0,0.0,11.0,847.877447036334,-206.35799435806365
P07T18,LElbow,647.035,210.124,623.52,415.822,0.0,0.0,10.0,44127.0779769472,72000.0
P07T18,LElbow,650.955,206.175,613.722,411.873,0.0,0.0,10.0,849.4910730888762,-206.3777656236866
P07T18,LElbow,654.883,204.267,619.57,415.831,0.0,0.0,10.0,52782.17061942186,72000.0
P07T18,LElbow,662.663,208.186,635.287,415.831,0.0,0.0,10.0,845.5499854045468,-207.63971697098356
P07T18,MidHip,662.608,217.936,629.389,431.501,0.0,0.0,10.0,101689.5305265192,72000.0
P07T18,LElbow,650.94,227.837,627.448,437.393,0.0,0.0,10.0,843.6561887385756,-208.74771695552366
P07T18,Neck,645.024,239.548,623.518,441.299,1174.02,313.97,9.0,117554.23802488847,72000.0
P07T18,Neck,648.892,245.368,652.908,445.132,1093.71,368.81,9.0,842.9204551950972,-210.0660062936176
P07T18,Neck,662.716,257.152,664.634,445.156,1070.19,488.327,9.0,128000.0,72000.0
P07T18,Neck,678.382,257.134,680.283,437.374,0.0,0.0,9.0,842.6858370726611,-210.19834582917338
P07T18,Neck,697.889,257.097,693.997,435.412,0.0,0.0,9.0,128000.0,72000.0
P07T18,Neck,719.469,270.885,682.288,447.258,0.0,0.0,11.0,843.2960482063867,-210.95650056960008
P07T18,Neck,739.117,274.763,703.836,458.913,997.693,686.185,9.0,128000.0,72000.0
P07T18,Neck,750.868,276.782,703.85,456.949,1031.0,699.899,10.0,839.146008339725,-211.884489151269
P07T18,LElbow,748.915,284.581,707.737,458.907,1023.14,682.242,10.0,128000.0,72000.0
P07T18,LElbow,744.993,290.41,686.209,466.808,1058.42,602.001,12.0,842.988055340977,-212.21558389041564
P07T18,Neck,741.056,292.437,678.323,480.469,1119.17,527.523,10.0,128000.0,72000.0
P07T18,Neck,741.044,308.113,621.569,525.54,1052.56,682.294,11.0,842.9002612114014,-212.8291739933904
P07T18,LElbow,750.814,288.536,697.957,484.401,0.0,0.0,11.0,89987.15633474398,72000.0
P07T18,LElbow,760.676,284.599,650.96,525.532,0.0,0.0,11.0,842.8038552974269,-214.87346468023824
P07T18,LElbow,776.266,284.58,664.689,523.534,0.0,0.0,11.0,73621.4889002036,72000.0
P07T18,Neck,801.767,276.789,676.39,509.95,0.0,0.0,10.0,839.2750394442653,-214.67054858340245
P07T18,LElbow,825.344,270.873,750.849,484.4,0.0,0.0,11.0,128000.0,72000.0
P07T18,LElbow,852.687,259.178,754.778,474.559,0.0,0.0,10.0,838.5947270441499,-216.24690599255555
P07T18,Neck,878.16,259.09,774.321,476.521,0.0,0.0,11.0,128000.0,72000.0
P07T18,RKnee,1258.25,259.2,1234.72,333.582,1248.51,335.45,5.0,838.5297937198355,-216.14971425713452
P07T18,Neck,917.33,257.148,793.985,478.503,0.0,0.0,11.0,836.7181840031707,-217.6593885428652
P07T18,RKnee,1213.15,257.226,1191.65,321.827,1209.31,323.734,1.0,128000.0,72000.0
P07T18,RKnee,1183.91,257.151,1168.23,321.817,1181.9,321.805,1.0,839.1579701814701,-218.29705655554886
P07T18,Neck,913.489,286.531,789.98,480.48,0.0,0.0,10.0,128000.0,72000.0
P07T18,RKnee,1130.89,241.437,1119.17,310.033,1134.87,308.131,0.0,837.972613658869,-215.96656769073363
P07T18,Neck,884.128,288.465,764.541,474.62,0.0,0.0,10.0,128000.0,72000.0
P07T18,Neck,870.309,286.546,760.593,476.588,0.0,0.0,9.0,836.9327466428663,-213.71338203138407
P07T18,Neck,854.615,274.852,737.149,462.864,0.0,0.0,10.0,128000.0,72000.0
P07T18,RElbow,1242.59,310.092,1211.25,353.062,0.0,0.0,11.0,837.408361106762,-212.13526920544072
P07T18,MidHip,811.578,257.165,701.862,447.146,1044.75,697.942,5.0,128000.0,72000.0
P07T18,RElbow,1213.11,302.219,1179.92,347.223,1207.35,351.158,10.0,834.6250097345002,-211.34934764305197
P07T18,RElbow,1199.5,304.047,1166.21,345.331,1191.68,349.234,10.0,72047.04189813859,72000.0
P07T18,RElbow,1185.84,302.233,1152.46,343.365,1183.79,351.185,10.0,834.5190098848614,-209.56803809440905
P07T18,RElbow,1179.86,300.211,1138.79,339.465,1172.06,351.191,10.0,60364.173141177416,72000.0
P07T18,RElbow,1166.15,298.247,1127.02,337.555,1160.33,345.325,10.0,833.6732021879627,-207.61348571436457
P07T18,RElbow,1154.48,298.268,1121.16,339.499,1152.41,351.2,10.0,22862.58449730029,72000.0
P07T18,LElbow,760.663,262.996,717.532,433.48,1125.06,609.798,5.0,832.6875223486236,-205.95486680574825
P07T18,LElbow,770.433,270.798,742.952,429.49,1132.82,635.259,9.0,19296.108479123075,72000.0
P07T18,RElbow,1146.59,306.178,1103.49,351.199,1142.65,362.95,9.0,833.5444933580532,-207.2305701702673
P07T18,RElbow,1134.89,290.464,1101.54,339.452,1134.85,347.262,10.0,20624.760183557635,72000.0
P07T18,RElbow,1126.99,278.668,1085.84,329.668,1123.11,335.458,10.0,832.4276743034281,-206.06695921179355
P07T18,RElbow,1117.21,270.788,1074.03,317.906,1115.2,319.904,10.0,11757.304549630833,72000.0
P07T18,RElbow,1107.44,259.093,1062.34,308.136,1105.46,311.99,10.0,832.4555107393245,-204.8104380861919
P07T18,RElbow,1099.57,249.332,1054.49,302.144,1099.6,302.171,10.0,12462.478898775651,72000.0
P07T18,MidHip,1089.71,241.38,1048.65,290.503,1087.77,290.386,11.0,830.9024507396379,-201.99031919587694
P07T18,RElbow,1076.09,233.62,1042.75,286.517,1074.18,284.578,10.0,9200.0703728884,72000.0
P07T18,MidHip,1070.2,225.796,1058.46,272.892,1072.06,274.723,10.0,832.5367663931988,-203.1770877466119
P07T18,MidHip,1064.29,219.897,1025.15,270.89,1060.41,261.094,10.0,5338.071090482082,72000.0
P07T18,MidHip,1050.62,210.044,1011.37,261.031,1044.74,257.118,10.0,831.5638944925167,-201.12932690191616
P07T18,Other,1036.88,204.266,995.776,259.083,1029.05,257.144,11.0,7961.392921991384,72000.0
P07T18,Other,1019.27,200.307,980.053,257.181,1015.35,245.405,10.0,835.4063830063615,-183.62496051801097
P07T18,Other,999.681,204.276,962.463,259.138,997.755,257.192,11.0,6078.925629192118,72000.0
P07T18,Other,978.179,214.113,933.065,272.793,980.062,272.826,10.0,831.7454021202243,-200.5553783159445
P07T18,Other,946.737,214.012,899.773,272.738,946.797,266.942,10.0,3614.209169078823,61259.17536551052
P07T18,MidHip,933.008,212.026,913.441,257.148,931.163,259.197,11.0,831.9571040867932,-200.8653967816217
P07T18,MidHip,923.256,212.037,901.716,259.068,0.0,0.0,12.0,2502.4661447536755,33629.75443057943
P07T18,MidHip,905.647,212.102,888.033,259.045,901.685,259.083,10.0,828.1486955970192,-204.46688439377382
P07T18,Nose,737.113,364.933,748.889,539.205,0.0,0.0,11.0,5012.38276995082,58039.71854391156
P07T18,Nose,743.092,355.12,756.732,539.208,1070.19,558.855,12.0,817.058379894904,-210.83042396267314
P07T18,Nose,743.03,351.182,754.758,527.546,1121.12,574.522,10.0,7381.047768302533,49495.63792057743
P07T18,LKnee,525.624,182.73,523.497,255.19,543.21,255.212,1.0,814.6314602868973,-240.4986683035541
P07T18,LKnee,507.921,184.687,502.014,255.118,523.626,251.234,2.0,13533.475674554038,72000.0
P07T18,LKnee,488.302,182.708,480.449,251.243,503.965,247.325,1.0,807.2913119721198,-246.40357623392737
P07T18,LKnee,466.746,178.843,460.872,245.423,478.495,245.396,1.0,18284.947075488675,72000.0
P07T18,LKnee,366.789,182.712,362.97,255.131,382.565,249.315,1.0,798.4278007318243,-221.9484892080206
P07T18,LKnee,349.249,184.647,347.25,257.19,366.868,255.183,1.0,25581.325305895654,72000.0
P07T18,LKnee,335.424,186.621,333.522,259.153,351.261,255.202,1.0,798.0050020369915,-223.40671554073748
P07T18,LKnee,319.882,182.736,317.892,259.091,337.388,257.069,1.0,26595.857624556633,72000.0
P07T18,LKnee,302.225,186.617,302.185,259.088,319.839,257.099,1.0,799.0454171974914,-222.3545325350149
P07T18,LElbow,568.681,192.475,525.614,259.119,572.551,243.374,10.0,39167.75852641456,72000.0
P07T18,LKnee,259.09,176.858,257.17,251.274,274.754,245.423,1.0,798.8026793986314,-220.42945923480926
P07T18,LKnee,241.477,168.967,241.367,241.519,259.099,239.441,1.0,29609.216283767666,72000.0
P07T18,LKnee,227.734,161.178,221.913,239.54,241.551,231.656,1.0,800.3107249340198,-218.66027554008073
P07T18,LKnee,210.045,165.027,200.324,239.504,225.73,233.638,1.0,32480.46427151109,72000.0
P07T18,LKnee,190.501,165.013,180.807,239.46,206.164,233.656,1.0,800.6705420207105,-218.53088864992466
P07T18,LKnee,172.913,159.176,165.12,229.743,182.78,225.877,1.0,18584.254403336774,72000.0
P07T18,LKnee,161.133,155.282,151.434,227.799,174.822,225.718,1.0,803.1371558855003,-217.44770111689718
P07T18,LKnee,147.337,159.219,141.524,229.786,161.157,227.728,1.0,20700.926579645406,72000.0
P07T18,LKnee,114.1,163.155,116.004,231.681,131.72,227.807,0.0,806.3183166770277,-217.8292666252602
P07T18,LKnee,374.695,133.636,341.424,198.43,370.797,163.168,0.0,21952.789966762568,72000.0
P07T18,Other,1003.6,380.508,0.0,0.0,1038.82,509.942,13.0,17030.782302636446,72000.0
P07T18,LKnee,53.4004,182.684,55.4043,239.463,74.9932,233.631,0.0,805.0242197699147,-216.25566224348196
P07T18,LKnee,41.6723,165.113,47.5218,227.871,65.1566,225.873,1.0,13592.699970081962,72000.0
P07T18,LKnee,43.6144,169.015,51.3621,225.721,69.0388,225.7,1.0,805.5599510707965,-215.6217693080552
P07T18,LElbow,909.512,304.203,529.45,696.009,1025.08,496.181,11.0,10863.026220600887,62326.29846212394
P07T18,LKnee,0.0,0.0,65.1333,208.114,82.8005,208.128,5.0,807.056659068131,-215.43162664541225
P07T18,LKnee,0.0,0.0,68.9795,202.331,86.7884,196.479,4.0,11582.753898229825,68486.3332800737
P07T18,LElbow,823.308,243.442,584.249,570.56,970.258,505.928,8.0,808.1806109989866,-215.63943586934508
P07T18,LKnee,351.116,125.918,329.645,180.799,351.249,172.903,0.0,16290.91203595226,72000.0
P07T18,LKnee,100.461,143.481,100.399,208.196,118.088,204.258,0.0,810.1897981425826,-214.4491812294107
P07T18,LKnee,102.31,145.47,104.346,212.009,127.809,210.017,0.0,12299.33253976901,72000.0
P07T18,LKnee,104.378,149.447,114.069,212.171,133.635,210.195,0.0,810.142575767049,-215.2012157082204
P07T18,LElbow,803.758,231.711,615.673,500.051,995.743,478.579,5.0,13133.137000194949,72000.0
P07T18,LKnee,378.598,139.574,347.296,210.112,382.531,186.642,0.0,811.8869489139986,-214.50397663021388
P07T18,LKnee,380.555,147.316,347.28,212.086,382.544,180.799,0.0,10179.043189022537,67054.65364052933
P07T18,LKnee,0.0,0.0,112.205,239.443,131.723,233.633,4.0,816.6521441386838,-202.4870689189464
P07T18,LKnee,102.368,174.832,102.476,243.527,123.946,241.474,1.0,10802.87369668292,72000.0
P07T18,LKnee,366.87,153.306,335.581,225.761,378.588,208.173,0.0,813.5705727507907,-211.8774626106851
P07T18,LKnee,355.101,155.282,319.846,225.764,361.008,196.386,0.0,11147.878453157055,72000.0
P07T18,LKnee,82.785,176.858,86.6312,255.225,106.271,245.412,0.0,813.3289239648177,-211.5872445579366
P07T18,LKnee,73.0601,178.862,74.9139,257.199,98.3764,253.184,1.0,8631.874574249649,62935.323681219495
P07T18,LKnee,329.596,161.079,294.38,229.7,335.415,188.596,0.0,818.3848647576824,-199.3379497441486
P07T18,LKnee,57.3274,180.695,57.3785,257.129,80.8164,247.39,1.0,9102.617982703723,69355.33773709813
P07T18,LKnee,49.4432,180.764,53.3053,255.215,70.9514,245.44,0.0,815.2752397831225,-209.4974333995069
P07T18,LKnee,41.6668,180.649,43.5877,257.046,67.0849,249.295,1.0,7066.432302729819,51914.34080935196
P07T18,LKnee,35.7559,180.793,33.8217,257.073,51.4756,247.389,1.0,814.6968258059949,-209.33431288585706
P07T18,LElbow,805.781,243.405,619.604,543.175,1128.94,494.198,10.0,9925.109557910615,72000.0
P07T18,LKnee,5.34827,163.041,0.0,0.0,27.9564,227.838,1.0,815.1714061161463,-209.4463068036092
P07T18,LKnee,5.35189,149.482,4.38374,225.718,0.0,0.0,3.0,5656.097006096042,41771.755798430226
P07T18,LElbow,950.644,225.843,782.206,521.601,1025.11,492.263,11.0,816.1612753605752,-208.81227638824856
P07T18,LElbow,995.773,214.045,762.581,511.812,0.0,0.0,12.0,8014.76089938203,62572.887734815034
P07T18,LElbow,1029.04,221.891,776.298,515.768,1105.45,615.645,11.0,817.200046253243,-208.47049886067654
P07T18,LKnee,210.083,145.407,180.786,216.039,225.747,198.42,5.0,10789.78682340028,72000.0
P07T18,Neck,1044.74,229.753,837.021,492.212,1074.08,688.176,10.0,817.0088846796514,-209.4647324136538
P07T18,Neck,1056.41,245.423,772.387,543.203,0.0,0.0,12.0,8106.921086689873,63896.260951399425
P07T18,Neck,1070.17,284.527,835.086,551.016,0.0,0.0,13.0,816.8085406246921,-208.91314535929615
P07T18,Neck,1072.1,323.766,903.645,617.599,0.0,0.0,15.0,11480.03299748085,72000.0
P07T18,Neck,1064.33,335.555,897.798,635.244,0.0,0.0,15.0,816.5452835589463,-209.54151640393545
P07T18,Neck,1056.49,317.887,0.0,0.0,1236.72,686.206,15.0,6436.920606064441,51512.90709074271
P07T18,Neck,1042.75,304.173,713.604,674.426,1262.2,666.636,14.0,819.2407326013374,-210.53127952098453
P07T18,Neck,1038.85,329.657,0.0,0.0,1279.84,615.637,15.0,5245.990785886523,40565.99451230386
P07T18,Neck,1025.1,319.821,0.0,0.0,0.0,0.0,16.0,819.9911751458094,-210.30838641847464
P07T18,Neck,1005.56,274.78,0.0,0.0,1187.72,613.704,15.0,4200.881968073153,31154.54343524653
P07T18,Neck,980.152,241.445,0.0,0.0,1072.12,623.516,14.0,819.7113139439969,-210.79175490861599
P07T18,RElbow,972.228,225.723,0.0,0.0,1113.28,586.254,15.0,4318.339932793123,33869.36152902535
P07T18,RElbow,976.126,223.816,0.0,0.0,1119.19,621.54,15.0,819.627521487504,-210.27749831780582
P07T18,Neck,989.826,212.138,0.0,0.0,1156.42,601.977,16.0,2557.876158644575,21824.276559233847
P07T18,Neck,1019.25,194.425,0.0,0.0,1201.42,637.222,12.0,819.6213688350308,-204.60381957147814
P07T18,Neck,1056.39,170.939,592.162,699.904,1226.88,625.453,14.0,829.7796383274051,3577.4158302572346
P07T18,Neck,1056.45,145.424,586.289,686.177,1187.76,715.62,14.0,808.0193708293602,-176.1175868908192
P07T18,Neck,1042.71,165.029,609.814,672.486,1156.38,715.601,10.0,649.7082389983091,-151.88147991411444
P07T18,Neck,1011.4,178.791,742.991,605.877,0.0,0.0,12.0,801.8612798770981,-142.58245424662377
P07T18,Neck,993.82,194.367,772.389,586.311,0.0,0.0,12.0,625.6134315206135,-280.2326291445808
P07T18,Neck,995.772,225.832,793.931,570.651,0.0,0.0,14.0,789.8949638305504,-109.30504614511565
P07T18,Neck,1011.37,286.533,803.751,586.221,0.0,0.0,15.0,646.5236469893441,-222.00278945885546
P07T18,Neck,1003.55,306.07,743.009,586.327,0.0,0.0,15.0,782.946723170887,-71.51837155601454
P07T18,Neck,993.836,292.387,729.295,613.686,0.0,0.0,15.0,663.9123526401868,-151.40162316348955
P07T18,Neck,995.812,300.199,719.523,605.88,0.0,0.0,15.0,782.3317493746372,-22.559290072065554
P07T18,Neck,995.674,278.691,709.724,617.593,0.0,0.0,15.0,706.0218271940576,-55.59828162241551
P07T18,Neck,991.817,286.46,774.323,617.642,0.0,0.0,15.0,782.1690544100809,21.243225928607984
P07T18,Neck,972.205,300.233,729.317,641.113,0.0,0.0,15.0,1162.9338449836982,346.9821027632067
P07T18,Neck,962.502,321.796,756.724,635.218,0.0,0.0,15.0,611.0004927045957,32.154374871577154
P07T18,Neck,931.09,300.265,729.341,635.252,0.0,0.0,15.0,157.424298510206,763.1536848927744
P07T18,Neck,899.681,274.782,715.608,611.729,0.0,0.0,14.0,1162.9338449836982,346.9821027632067
P07T18,Neck,848.759,259.148,688.144,566.669,0.0,0.0,15.0,157.424298510206,763.1536848927744
P07T18,Neck,778.292,227.7,627.43,523.613,0.0,0.0,15.0,1162.9338449836982,346.9821027632067
P07T18,Neck,727.262,194.431,584.335,511.826,0.0,0.0,14.0,157.424298510206,763.1536848927744
P07T18,Other,693.977,174.893,0.0,0.0,0.0,0.0,17.0,1162.9338449836982,346.9821027632067
P07T18,Other,668.581,167.039,0.0,0.0,0.0,0.0,16.0,157.424298510206,763.1536848927744
P07T18,Other,664.686,176.788,645.067,415.849,0.0,0.0,14.0,1162.9338449836982,346.9821027632067
P07T18,Other,674.47,192.505,654.88,429.588,0.0,0.0,14.0,157.424298510206,763.1536848927744
P07T18,Other,703.817,223.843,670.547,458.901,1025.13,594.14,11.0,1162.9338449836982,346.9821027632067
P07T18,Other,737.13,255.183,676.381,494.27,0.0,0.0,12.0,157.424298510206,763.1536848927744
P07T18,Other,741.074,272.742,633.306,554.927,899.727,715.604,13.0,1162.9338449836982,346.9821027632067
P07T18,Other,748.938,294.401,678.352,541.222,933.043,715.631,13.0,670.6017460424642,-207.3090482575737
P07T18,Other,778.314,335.553,676.413,599.987,0.0,0.0,14.0,1162.9338449836982,346.9821027632067
P07T18,Other,827.246,364.862,731.23,599.926,0.0,0.0,14.0,618.6572428380699,-180.2764992361149
P07T18,Other,852.763,341.376,754.734,574.54,1044.75,652.868,13.0,1162.9338449836982,346.9821027632067
P07T18,Neck,882.141,321.821,729.327,603.887,0.0,0.0,14.0,557.0575372053155,-219.16428514116473
P07T18,Neck,888.016,325.722,854.693,570.609,0.0,0.0,14.0,1162.9338449836982,346.9821027632067
P07T18,Neck,901.641,319.894,901.684,551.021,0.0,0.0,14.0,558.8169034114152,-216.48598611806793
P07T18,Neck,919.314,319.851,846.849,584.339,0.0,0.0,14.0,1162.9338449836982,346.9821027632067
P07T18,Neck,946.713,323.767,856.64,596.06,0.0,0.0,14.0,579.1681035303918,-276.1408215917488
P07T18,Neck,958.501,315.878,856.638,594.121,0.0,0.0,14.0,1162.9338449836982,346.9821027632067
P07T18,Neck,962.383,292.417,866.409,584.346,0.0,0.0,15.0,576.5930999638316,-277.24619467707
P07T18,Neck,976.139,276.737,854.706,570.613,0.0,0.0,15.0,1162.9338449836982,346.9821027632067
P07T18,Neck,995.814,259.135,835.069,558.897,0.0,0.0,15.0,573.5994618933873,-277.6369096677093
P07T18,Neck,1025.17,245.399,835.101,551.008,0.0,0.0,13.0,1162.9338449836982,346.9821027632067
P07T18,Neck,1054.45,257.166,801.779,531.43,0.0,0.0,15.0,570.8699995057931,-278.3338969396418
P07T18,Neck,1068.26,257.191,792.01,498.133,0.0,0.0,15.0,1162.9338449836982,346.9821027632067
P07T18,LElbow,1060.43,231.721,792.013,488.333,997.699,690.118,13.0,568.1074326974541,-279.00193871554916
P07T18,LElbow,1050.62,212.057,799.833,509.885,0.0,0.0,14.0,1162.9338449836982,346.9821027632067
P07T18,LElbow,1034.92,192.425,862.509,494.228,0.0,0.0,13.0,567.8586108746254,-283.27471020142553
P07T18,LElbow,1021.21,180.743,854.732,494.195,0.0,0.0,12.0,1162.9338449836982,346.9821027632067
P07T18,LElbow,1021.24,196.469,876.216,492.272,0.0,0.0,11.0,565.0057537294633,-283.47160629280535
P07T18,LElbow,1042.71,194.46,891.903,476.553,1121.07,449.142,11.0,1162.9338449836982,346.9821027632067
P07T18,Neck,1070.16,174.832,919.327,455.045,0.0,0.0,11.0,579.7799374345926,-275.6406452600336
P07T18,LElbow,1085.85,149.34,1005.54,429.489,1201.43,682.254,10.0,1162.9338449836982,346.9821027632067
P07T18,LElbow,1105.41,133.743,0.0,0.0,1224.94,684.263,12.0,575.7527236342959,-277.15929979427386
P07T18,LElbow,1121.08,129.807,0.0,0.0,1172.04,699.898,14.0,1162.9338449836982,346.9821027632067
P07T18,LElbow,1126.99,120.009,919.314,411.902,1185.75,690.117,11.0,580.7255708391876,-277.45365552169096
P07T18,LElbow,1105.53,100.416,878.18,413.904,1162.28,684.228,11.0,1162.9338449836982,346.9821027632067
P07T18,LElbow,1085.83,86.765,0.0,0.0,0.0,0.0,15.0,577.6339359919323,-278.14565131018765
P07T18,LElbow,1076.11,100.373,850.765,445.248,0.0,0.0,11.0,-128000.0,72000.0
P07T18,MidHip,1074.19,120.076,0.0,0.0,0.0,0.0,13.0,575.193689404116,-278.77013613875584
P07T18,LElbow,1054.49,145.401,676.401,535.348,0.0,0.0,11.0,-128000.0,72000.0
P07T18,Neck,1027.03,178.762,672.485,527.515,0.0,0.0,11.0,567.8563758993046,-283.2199475393248
P07T18,Neck,1007.49,223.869,750.842,539.282,0.0,0.0,11.0,128000.0,-72000.0
P07T18,Neck,985.98,264.977,762.617,539.286,0.0,0.0,12.0,128000.0,-72000.0
P07T18,Neck,964.401,290.463,774.324,545.139,0.0,0.0,12.0,564.6204130757358,-283.57001997611263
P07T18,Neck,948.781,306.08,778.28,547.093,0.0,0.0,14.0,128000.0,-72000.0
P07T18,Neck,921.306,304.151,803.718,525.495,0.0,0.0,11.0,562.2142846678449,-283.9264276021151
P07T18,LElbow,897.776,302.203,795.895,519.693,0.0,0.0,11.0,128000.0,-72000.0
P07T18,LElbow,889.929,306.102,793.943,523.553,0.0,0.0,11.0,562.608626109867,-286.6559014824434
P07T18,LElbow,884.125,304.159,791.951,525.503,0.0,0.0,11.0,128000.0,-72000.0
P07T18,LElbow,883.954,304.193,778.257,539.207,0.0,0.0,12.0,560.112754927084,-286.550241062122
P07T18,LElbow,882.092,306.094,780.214,541.229,0.0,0.0,11.0,128000.0,-72000.0
P07T18,Neck,882.135,306.101,782.211,543.233,1052.57,715.61,11.0,550.8036815730931,-285.68007094182
P07T18,Neck,884.077,315.943,789.998,556.966,0.0,0.0,12.0,128000.0,-72000.0
P07T18,Neck,883.981,333.561,788.063,570.648,0.0,0.0,14.0,549.1133737471181,-285.5090973873518
P07T18,Neck,897.71,364.88,741.049,603.869,0.0,0.0,14.0,128000.0,-72000.0
P07T18,Neck,946.743,417.771,776.302,668.552,0.0,0.0,15.0,540.0764936029045,-283.7725527780765
P07T18,Neck,983.986,460.889,791.98,715.585,0.0,0.0,15.0,128000.0,-72000.0
P07T18,Neck,976.082,480.476,0.0,0.0,0.0,0.0,16.0,538.4248344270757,-283.24259647287937
P07T18,Other,962.487,519.687,0.0,0.0,0.0,0.0,17.0,24691.91120160551,-72000.0
P07T18,Other,982.017,568.59,0.0,0.0,0.0,0.0,16.0,544.1034434223454,-277.12940463098545
P07T18,Other,1070.21,566.708,0.0,0.0,0.0,0.0,17.0,11473.051081974307,-72000.0
P07T18,Other,1138.75,551.011,0.0,0.0,0.0,0.0,18.0,623.8304638235926,-147.23063469596093
P07T18,Neck,1140.73,535.308,0.0,0.0,0.0,0.0,18.0,12814.83160448424,-72000.0
P07T18,Other,1044.74,509.933,0.0,0.0,0.0,0.0,16.0,652.9755641330942,-268.42254030738184
P07T18,Other,976.115,527.54,0.0,0.0,0.0,0.0,17.0,-41073.59389763874,-72000.0
P07T18,Other,948.701,492.305,0.0,0.0,0.0,0.0,17.0,695.5204737549486,-248.04342619708112
P07T18,Neck,964.393,431.565,0.0,0.0,0.0,0.0,17.0,-36475.77930660189,-72000.0
P07T18,Neck,962.426,429.512,0.0,0.0,0.0,0.0,16.0,691.1028408751347,-243.48339588804282
P07T18,Neck,948.787,413.883,0.0,0.0,0.0,0.0,17.0,1162.9338449836982,346.9821027632067
P07T18,Neck,968.354,394.242,0.0,0.0,0.0,0.0,17.0,702.6697967336597,-218.69422399741526
P07T18,Neck,978.034,368.804,0.0,0.0,0.0,0.0,18.0,1162.9338449836982,346.9821027632067
P07T18,Neck,964.497,335.509,0.0,0.0,0.0,0.0,15.0,700.9432953927491,-211.68902267705545
P07T18,Neck,978.124,304.176,0.0,0.0,0.0,0.0,15.0,1162.9338449836982,346.9821027632067
P07T18,LElbow,993.762,302.235,0.0,0.0,0.0,0.0,15.0,683.0983697119095,-291.4945102132085
P07T18,LElbow,1021.2,313.984,0.0,0.0,0.0,0.0,15.0,-45507.041591871086,-72000.0
P07T18,Neck,1058.47,343.356,0.0,0.0,0.0,0.0,16.0,693.644642047389,-270.8407360258992
P07T18,Neck,1093.67,337.427,0.0,0.0,0.0,0.0,15.0,-67734.6090181049,-72000.0
P07T18,Other,1079.98,366.826,0.0,0.0,0.0,0.0,15.0,696.454864960856,-124.97160988384415
P07T18,Other,1042.73,400.2,0.0,0.0,0.0,0.0,15.0,-22289.472246228775,-72000.0
P07T18,Other,1040.73,431.561,0.0,0.0,0.0,0.0,17.0,695.7982799062075,-129.7052535260081
P07T18,Other,1023.09,462.799,0.0,0.0,0.0,0.0,16.0,-46703.53368743113,-72000.0
P07T18,Other,1029.05,476.538,0.0,0.0,0.0,0.0,16.0,694.6143310309519,-112.79366283792591
P07T18,Other,1058.44,523.565,764.541,623.523,0.0,0.0,15.0,-37017.70713886299,-72000.0
P07T18,Other,1101.54,574.508,0.0,0.0,0.0,0.0,16.0,684.6243064486839,65.68999527733124
P07T18,Other,1103.55,615.637,813.549,658.748,0.0,0.0,15.0,-11926.902932711053,-60571.88282079271
P07T18,Other,1087.75,601.958,799.808,660.72,0.0,0.0,15.0,683.3164478397056,83.25043978443637
P07T18,Other,1089.74,545.155,803.742,629.406,0.0,0.0,15.0,-5078.640036015115,-24271.16527708948
P07T18,Other,1103.56,539.184,813.512,623.543,0.0,0.0,15.0,680.8435957452103,120.19560860793091
P07T18,Other,1103.41,527.542,819.348,623.482,0.0,0.0,15.0,-1952.4359597361872,-9669.595626100318
P07T18,Other,1070.2,519.636,794.008,633.256,0.0,0.0,15.0,678.1849872711744,160.19317287058144
P07T18,Other,1029.02,494.219,789.938,613.701,0.0,0.0,15.0,-1671.053588862566,-8456.166758267567
P07T18,Other,995.808,449.162,772.385,598.005,0.0,0.0,15.0,665.279008358159,356.460451078493
P07T18,Other,954.624,435.453,770.433,588.178,0.0,0.0,16.0,-1428.697064511331,-6076.426612088062
P07T18,Other,929.079,421.735,774.303,586.336,0.0,0.0,16.0,662.0868246456786,403.79480665536266
P07T18,Other,917.35,404.081,764.553,572.608,0.0,0.0,16.0,1162.9338449836982,346.9821027632067
P07T18,Neck,901.735,364.932,758.622,541.183,0.0,0.0,16.0,657.5914576466644,470.5168327559702
P07T18,Neck,899.777,349.17,758.63,527.494,0.0,0.0,16.0,1162.9338449836982,346.9821027632067
P07T18,Neck,899.67,333.481,758.718,521.658,0.0,0.0,15.0,652.7687381781674,614.4426821761535
P07T18,Other,917.346,341.365,774.396,549.031,0.0,0.0,15.0,651.5504311240707,473.21812672526346
P07T18,Other,933.016,351.164,790.065,562.797,0.0,0.0,16.0,1162.9338449836982,346.9821027632067
P07T18,Other,942.875,347.277,799.823,570.647,0.0,0.0,16.0,642.8554467531926,557.7525285506038
P07T18,Other,940.845,349.149,809.608,594.1,0.0,0.0,16.0,699.0791358620256,438.8825604442745
P07T18,Other,931.082,349.252,815.473,603.877,0.0,0.0,16.0,633.9565243736054,695.1809030866775
P07T18,Other,932.967,327.704,836.993,605.908,0.0,0.0,16.0,800.3812831982323,693.5123995257397
P07T18,Other,915.434,333.508,827.283,623.498,0.0,0.0,16.0,625.3947723281806,779.8154280791408
P07T18,Other,901.621,323.789,823.358,619.561,0.0,0.0,15.0,1162.9338449836982,346.9821027632067
P07T18,Neck,907.589,315.881,811.61,603.932,0.0,0.0,15.0,615.1470743030426,839.7533247893651
P07T18,Other,917.301,321.841,807.671,611.766,0.0,0.0,15.0,886.9388671581598,943.9041227118664
P07T18,Other,962.503,347.251,823.288,619.606,0.0,0.0,16.0,606.289896611273,983.8473582792625
P07T18,Other,995.739,337.488,782.2,617.564,0.0,0.0,15.0,876.5676614779695,956.7699822269639
P07T18,Neck,980.176,337.544,729.369,607.872,0.0,0.0,14.0,588.8943661905727,978.8115149213024
P07T18,Other,966.349,337.478,705.799,615.659,0.0,0.0,15.0,866.150844477176,940.8069150953756
P07T18,Other,946.656,353.13,684.225,619.568,0.0,0.0,14.0,575.4692755605156,1099.170007155313
P07T18,Other,917.342,360.995,682.319,617.584,0.0,0.0,14.0,1162.9338449836982,346.9821027632067
P07T18,Other,915.49,364.889,688.155,605.883,0.0,0.0,15.0,560.1495737469395,1222.1048022421076
P07T18,Neck,948.691,321.858,727.341,572.587,0.0,0.0,12.0,1162.9338449836982,346.9821027632067
P07T18,Neck,962.349,294.394,752.797,568.582,0.0,0.0,12.0,419.6989808773068,2475.15923823576
P07T18,Neck,964.457,298.276,760.637,568.584,0.0,0.0,14.0,1162.9338449836982,346.9821027632067
P07T18,Neck,950.644,284.56,756.695,547.11,0.0,0.0,12.0,511.23964741376994,2282.3907118247444
P07T18,Neck,923.24,266.915,731.277,539.249,0.0,0.0,11.0,1162.9338449836982,346.9821027632067
P07T18,Neck,878.207,259.13,709.644,537.312,0.0,0.0,14.0,621.2508153257285,1234.1486611821201
P07T18,Neck,841.002,268.908,682.23,556.972,0.0,0.0,16.0,1162.9338449836982,346.9821027632067
P07T18,Neck,795.905,296.3,666.671,580.382,0.0,0.0,16.0,640.3211768649321,2511.5054547127565
P07T18,Neck,748.87,319.825,0.0,0.0,0.0,0.0,17.0,1162.9338449836982,346.9821027632067
P07T18,Neck,682.313,351.144,0.0,0.0,0.0,0.0,18.0,157.424298510206,763.1536848927744
P07T18,Neck,590.228,406.039,0.0,0.0,0.0,0.0,18.0,1162.9338449836982,346.9821027632067
P07T18,Neck,494.261,482.422,0.0,0.0,0.0,0.0,18.0,157.424298510206,763.1536848927744
P07T18,Other,398.237,492.227,0.0,0.0,0.0,0.0,18.0,1162.9338449836982,346.9821027632067
P07T18,Other,294.364,521.592,0.0,0.0,0.0,0.0,18.0,157.424298510206,763.1536848927744
P07T18,Other,208.197,515.731,0.0,0.0,0.0,0.0,18.0,-3360.1154970726366,793.125021012626
P07T18,Other,147.498,490.268,0.0,0.0,0.0,0.0,18.0,157.424298510206,763.1536848927744
P07T18,Other,116.035,476.567,0.0,0.0,0.0,0.0,18.0,1162.9338449836982,346.9821027632067
P07T18,Other,82.7387,482.458,0.0,0.0,0.0,0.0,18.0,157.424298510206,763.1536848927744
P07T18,Other,53.4092,462.825,0.0,0.0,0.0,0.0,18.0,1162.9338449836982,346.9821027632067
P07T18,Other,22.0161,462.904,0.0,0.0,0.0,0.0,18.0,157.424298510206,763.1536848927744
P07T18,Other,5.35089,486.353,0.0,0.0,0.0,0.0,19.0,1162.9338449836982,346.9821027632067
P07T18,Other,5.35931,525.648,0.0,0.0,0.0,0.0,20.0,157.424298510206,763.1536848927744
P07T18,Other,0.0,0.0,0.0,0.0,0.0,0.0,21.0,1162.9338449836982,346.9821027632067
P07T18,Other,0.0,0.0,0.0,0.0,0.0,0.0,22.0,157.424298510206,763.1536848927744
P07T18,Other,nan,nan,nan,nan,nan,nan,nan,1162.9338449836982,346.9821027632067
P07T18,Other,nan,nan,nan,nan,nan,nan,nan,697.6855253073542,147.6113954680717
P07T18,Other,nan,nan,nan,nan,nan,nan,nan,1162.9338449836982,346.9821027632067
P07T18,Other,nan,nan,nan,nan,nan,nan,nan,700.0971854910649,181.58263676601254
P07T18,Other,nan,nan,nan,nan,nan,nan,nan,767.9706105684804,39.5503033347093
P07T18,Other,nan,nan,nan,nan,nan,nan,nan,699.975118021261,186.3971715444578
P07T18,Other,223.802,688.144,0.0,0.0,0.0,0.0,16.0,737.6912497553548,201.45724344019604
P07T18,Other,0.0,0.0,0.0,0.0,0.0,0.0,19.0,702.8936309488611,177.2513660231298
P07T18,Other,172.903,558.855,0.0,0.0,0.0,0.0,19.0,746.9739192260827,201.2263887419291
P07T18,Other,135.719,515.771,0.0,0.0,0.0,0.0,17.0,704.2305677423415,177.73276468532484
P07T18,Other,104.312,503.983,0.0,0.0,0.0,0.0,17.0,734.1684364217028,160.84982367915885
P07T18,Other,49.4765,480.455,0.0,0.0,0.0,0.0,17.0,731.5668152832116,188.77170998383164
P07T18,Other,5.33528,476.599,0.0,0.0,0.0,0.0,19.0,704.4083634754029,189.47192863350014
P07T18,Other,0.0,0.0,0.0,0.0,0.0,0.0,21.0,736.233599918499,188.76116864839682
P07T18,Other,5.33544,539.332,0.0,0.0,0.0,0.0,19.0,684.763853482009,159.63606329052172
P07T18,Other,39.6331,558.889,0.0,0.0,0.0,0.0,19.0,760.995526161586,101.45931313744447
P07T18,Other,157.255,480.484,0.0,0.0,0.0,0.0,20.0,693.5256680181221,179.3462952208488
P07T18,Other,nan,nan,nan,nan,nan,nan,nan,751.1836567028173,175.59230984832277
P07T18,Other,0.0,0.0,0.0,0.0,0.0,0.0,17.0,710.5973693572446,175.77318240141457
P07T18,LElbow,120.02,327.69,129.742,388.4,0.0,0.0,11.0,734.6886492322351,173.96478149393488
P07T18,Other,151.332,319.828,149.437,386.497,169.006,382.489,10.0,712.5010088359585,176.07397270983188
P07T18,Other,180.708,321.726,180.77,384.581,198.376,380.558,10.0,740.6996702404093,175.08367170359875
P07T18,Other,243.518,304.202,243.474,366.888,259.111,364.852,10.0,712.2552375518302,176.26660352781818
P07T18,Other,304.07,276.763,304.209,341.376,0.0,0.0,11.0,736.9712283932056,209.72530097550964
P07T18,Other,317.856,259.103,304.148,327.669,0.0,0.0,1.0,712.6596972051263,175.04946963946944
P07T18,Other,84.7521,268.908,82.7281,341.435,104.39,335.505,1.0,731.0003308121484,209.72545846280164
P07T18,Other,341.381,192.488,329.636,257.085,0.0,0.0,1.0,711.9545272123246,173.54569265283104
P07T18,Other,368.889,149.419,351.194,212.173,0.0,0.0,12.0,735.8492719638332,202.68403036253395
P07T18,Other,419.749,118.089,411.888,178.809,0.0,0.0,11.0,712.9965369297087,171.12314772095166
P07T18,Other,206.224,100.468,194.492,172.927,0.0,0.0,1.0,736.7986972361307,200.21571563339796
P07T18,Other,498.165,65.1782,486.338,127.818,505.923,122.018,2.0,712.2268304978511,170.39357097790673
P07T18,Other,523.657,51.4363,511.869,112.135,539.194,102.403,10.0,735.353272462191,203.84342377449906
P07T18,Other,570.677,22.0871,554.976,84.7427,578.44,80.7945,12.0,711.8379113777703,169.87735164346574
P07T18,LKnee,596.048,5.35526,576.502,67.0505,603.905,67.0394,9.0,733.3052715662834,200.29726236440976
P07T18,Other,306.122,5.34907,292.423,73.0214,333.51,69.0502,0.0,712.0147742245724,169.15808781400213
P07T18,Other,0.0,0.0,0.0,0.0,0.0,0.0,12.0,731.9966695255606,201.60647517098846
P07T18,Other,300.263,5.38545,0.0,0.0,343.329,51.4082,4.0,710.5127972592072,168.3319290291922
P07T18,Other,0.0,0.0,313.989,47.5391,374.651,22.0808,5.0,732.0642365548905,202.66991706916227
P07T18,Other,341.399,5.39143,323.791,39.7141,355.118,37.6196,4.0,710.9305227840443,166.92381040455436
P07T18,Other,0.0,0.0,335.514,41.6307,382.562,5.35379,5.0,728.5986489055618,200.5727389451557
P07T18,Other,0.0,0.0,345.289,53.4226,398.246,41.6395,5.0,710.0561586261205,165.77283003573766
P07T18,Other,0.0,0.0,351.21,55.4292,398.2,45.5639,4.0,725.178803685948,200.85065505197122
P07T18,Other,364.924,5.38632,0.0,0.0,404.077,35.7792,7.0,707.4417357150978,164.3125034724699
P07T18,Other,362.897,5.38055,359.057,68.9507,400.209,57.2982,3.0,671.0584592304369,252.57118901997612
P07T18,Other,366.9,5.37914,368.839,69.0831,415.822,55.3905,3.0,707.0841549738568,164.11474142945903
P07T18,Other,386.499,5.36074,376.656,76.8735,427.599,65.1271,1.0,686.1620405215507,215.58427117301866
P07T18,Other,398.178,5.35661,382.534,78.879,423.665,61.2484,1.0,705.8393339168631,163.13957190691735
P07T18,Other,398.248,5.36455,384.546,72.9822,0.0,0.0,4.0,689.5280128849392,218.92485966014507
P07T18,Other,398.234,5.36704,394.258,74.9541,0.0,0.0,3.0,705.3317247586049,162.63946655872135
P07T18,Other,415.905,5.38444,0.0,0.0,0.0,0.0,8.0,682.8105550100048,220.57084075628723
P07T18,Other,0.0,0.0,413.903,51.4372,488.338,31.8413,5.0,703.8407846856662,162.19663465062766
P07T18,Other,0.0,0.0,417.796,39.7917,0.0,0.0,6.0,675.4560412749028,211.43018563330983
P07T18,Other,0.0,0.0,0.0,0.0,0.0,0.0,12.0,702.3033415624569,161.7663471670936
P07T18,Other,0.0,0.0,0.0,0.0,0.0,0.0,12.0,680.463242875866,212.09800687597112
P07T18,Other,0.0,0.0,0.0,0.0,0.0,0.0,20.0,701.0057702615759,161.3191838134662
P07T18,Other,0.0,0.0,0.0,0.0,0.0,0.0,20.0,703.2046947634024,187.92345154982067
P07T18,Other,0.0,0.0,0.0,0.0,0.0,0.0,20.0,709.7940385123056,150.08972449890052
P07T18,Other,nan,nan,nan,nan,nan,nan,nan,742.3166754337432,130.55398250257647
P07T18,Other,0.0,0.0,0.0,0.0,1054.47,601.938,22.0,740.8344126864572,120.10124740650367
P07T18,Other,nan,nan,nan,nan,nan,nan,nan,739.4678649125105,102.56032043840408
P07T18,Other,nan,nan,nan,nan,nan,nan,nan,748.3062819706427,102.12227579648672
P07T18,Other,nan,nan,nan,nan,nan,nan,nan,725.9297674260179,76.28126645165231
P07T18,Other,nan,nan,nan,nan,nan,nan,nan,733.8618590038693,101.70572043586776
P07T18,Other,nan,nan,nan,nan,nan,nan,nan,730.9038678883006,75.05256627109881
P07T18,Other,nan,nan,nan,nan,nan,nan,nan,725.2013636606316,106.66027825387549
P07T18,Other,nan,nan,nan,nan,nan,nan,nan,785.4057943886442,98.29578672832967
P07T18,Other,nan,nan,nan,nan,nan,nan,nan,724.1150630289507,104.55054354974789
P07T18,Other,nan,nan,nan,nan,nan,nan,nan,723.6125513342777,71.26397989001484
P07T18,Other,nan,nan,nan,nan,nan,nan,nan,724.3462644987561,102.75999082039019
P07T18,Other,nan,nan,nan,nan,nan,nan,nan,722.4400604076969,68.91382458170563
P07T18,Other,nan,nan,nan,nan,nan,nan,nan,722.3560138742495,102.31037115928905
P07T18,Other,nan,nan,nan,nan,nan,nan,nan,769.9807298906354,113.87683539714536
P07T18,Other,nan,nan,nan,nan,nan,nan,nan,704.0366040026547,91.75703403650529
P07T18,Other,nan,nan,nan,nan,nan,nan,nan,700.7070020818915,92.05353073368295
P07T18,Other,nan,nan,nan,nan,nan,nan,nan,711.2233505490015,72.53507397384885
P07T18,Other,nan,nan,nan,nan,nan,nan,nan,698.6178166413335,91.26232969021564
P07T18,Other,0.0,0.0,0.0,0.0,0.0,0.0,20.0,707.5952707432605,72.39171230484502
