P07T10,Other,713.634,329.602,586.268,509.919,854.652,539.188,8.0,710.9800674444823,207.41442885354533
P07T10,Other,713.608,331.546,584.33,503.963,856.628,533.37,8.0,733.2449281437719,172.0251283243288
P07T10,Other,713.634,331.584,578.431,500.077,858.582,527.523,8.0,711.1794879809722,207.3413187538358
P07T10,Other,713.564,329.637,574.56,490.301,858.651,525.547,8.0,733.9485285801127,172.35045358379182
P07T10,Other,711.688,325.764,572.645,492.261,854.767,521.613,8.0,711.443931142355,207.85448185653627
P07T10,Other,709.642,325.724,570.514,482.485,854.603,517.676,8.0,733.4424728248559,172.7629640012578
P07T10,Other,699.935,321.831,562.804,480.51,852.613,515.766,8.0,713.648348567202,208.80096362851995
P07T10,Other,695.903,321.735,558.825,488.328,839.115,507.946,8.0,734.5459736855611,172.9247297464933
P07T10,Other,688.168,319.818,554.923,476.625,835.015,509.824,7.0,713.2091713695366,209.48288763751063
P07T10,Other,680.238,315.91,545.121,476.603,821.458,505.912,8.0,734.3156280611572,172.75757880086888
P07T10,Other,666.635,308.1,543.185,478.503,811.57,507.902,6.0,713.3573163539452,209.30313489141665
P07T10,MidHip,660.743,304.096,541.195,468.762,805.687,504.003,5.0,733.9494112511657,173.18120390618162
P07T10,MidHip,658.768,290.465,527.576,476.566,795.952,505.967,2.0,713.1643285277675,210.54376503265883
P07T10,MidHip,652.877,290.444,521.601,478.524,792.044,498.119,2.0,733.5653233621044,174.14927657461365
P07T10,Other,648.978,288.413,523.549,478.559,790.03,492.306,0.0,713.0771187470098,211.1302565829217
P07T10,Other,645.001,288.552,521.607,482.445,788.066,488.309,0.0,734.3639651388639,174.7008494538044
P07T10,Other,639.185,284.564,521.657,482.473,784.173,478.476,1.0,713.2354024626427,211.9475937326059
P07T10,MidHip,637.229,282.625,521.553,484.423,786.125,482.468,0.0,732.9969136607874,174.03892297178825
P07T10,MidHip,635.219,278.74,513.802,476.58,788.082,488.292,0.0,713.7417590233617,211.81208287743405
P07T10,Neck,633.334,276.811,511.864,476.49,786.081,476.508,0.0,732.239114054277,174.10209952759797
P07T10,Neck,633.295,278.674,509.826,478.615,782.231,480.532,0.0,712.1825383859696,211.75807558752933
P07T10,Neck,633.29,282.628,511.804,478.513,784.17,482.478,0.0,731.0900048246679,174.3707715693854
P07T10,Neck,633.386,288.502,511.823,478.597,789.955,496.141,2.0,712.6906556256101,214.71484186971537
P07T10,Neck,635.351,294.37,521.596,478.547,790.054,498.128,3.0,731.0519750792159,175.49189760493016
P07T10,Other,648.965,300.27,539.315,462.881,794.008,507.924,1.0,712.158834429614,213.0894259432669
P07T10,Other,652.914,294.393,537.267,460.965,799.85,494.168,1.0,730.9799834346959,175.9037464156705
P07T10,Other,662.615,288.432,543.204,443.24,805.774,476.613,1.0,711.5488732663539,215.39377817789554
P07T10,Other,662.722,274.827,554.944,417.856,811.626,462.802,1.0,729.9455270300634,176.0320035966504
P07T10,Other,682.261,208.145,572.541,347.258,825.306,386.44,1.0,710.6564114777266,214.65602771332863
P07T10,Other,682.26,196.335,580.397,335.571,831.202,382.473,1.0,730.3855441260284,176.57690374200345
P07T10,Other,688.162,186.62,586.189,325.76,829.187,372.755,1.0,730.2790759449406,177.85588156810104
P07T10,Other,692.075,178.705,586.203,323.771,829.208,368.775,1.0,710.7183289452287,216.44927677766609
P07T10,Other,690.142,170.969,586.264,321.809,829.186,368.818,1.0,729.1189129026359,178.0976660390297
P07T10,RKnee,686.252,167.063,586.273,331.587,825.264,355.13,1.0,709.1168055209887,216.5343863974467
P07T10,RKnee,682.353,167.085,576.494,341.396,823.379,370.779,1.0,728.0283962111819,177.89045022051224
P07T10,MidHip,682.216,172.92,576.491,353.184,823.27,380.519,1.0,707.8267444481957,217.910335289065
P07T10,MidHip,678.397,182.72,582.322,364.918,809.671,396.198,1.0,726.2441410548117,178.20564880653936
P07T10,MidHip,668.556,212.067,566.722,398.255,793.976,423.656,1.0,705.9509833877778,218.1686723432829
P07T10,MidHip,666.623,225.767,570.518,404.089,797.839,431.565,1.0,724.9965381449381,178.68008067541155
P07T10,MidHip,666.657,235.573,558.853,427.595,795.911,445.179,1.0,704.5152212912973,217.81678572525024
P07T10,MidHip,666.691,243.455,556.937,439.337,801.734,460.917,1.0,725.1767552542475,178.85049614326374
P07T10,MidHip,674.414,255.132,558.851,447.241,795.957,462.907,0.0,703.0102545949851,218.78178243809882
P07T10,MidHip,674.448,259.109,558.88,460.839,803.772,470.692,1.0,723.415290033928,179.46999291400743
P07T10,Neck,680.248,264.962,556.98,464.832,813.523,472.678,4.0,702.5075470177351,218.39878574743688
P07T10,Neck,680.252,272.779,556.895,476.518,821.303,480.516,3.0,722.3104532390626,179.696904973873
P07T10,Neck,680.323,274.857,556.87,480.494,821.436,486.361,3.0,700.6326153185433,219.4520656070656
P07T10,Neck,680.353,276.815,554.946,484.43,823.37,492.27,4.0,720.3048208804581,179.754829303918
P07T10,Nose,678.318,270.888,539.327,466.779,823.401,488.31,4.0,699.8293163698393,218.42298019485239
P07T10,Neck,670.489,263.023,547.133,474.632,823.292,482.463,4.0,718.2658293339613,181.51767676516297
P07T10,Nose,668.6,263.073,552.984,492.229,823.43,482.445,4.0,696.3002087237633,220.31554642220868
P07T10,Neck,670.51,266.925,556.885,500.067,823.401,486.335,4.0,716.8737115695828,180.73155827386097
P07T10,Neck,676.39,268.902,558.864,498.113,823.405,484.4,4.0,695.8304801133395,220.83604403287106
P07T10,Nose,680.227,268.908,564.701,503.984,823.368,480.516,4.0,715.6923887150115,182.61424401508097
P07T10,Nose,680.33,272.712,568.612,503.99,823.334,482.433,4.0,692.4171573803344,220.37388081590555
P07T10,Nose,680.384,274.777,570.543,502.021,821.318,488.319,4.0,714.9795976091227,182.71843649281968
P07T10,Neck,680.342,282.646,570.57,521.582,811.581,498.097,4.0,691.4200082491288,222.61976697934554
P07T10,Neck,680.327,290.545,568.678,527.529,811.611,507.943,4.0,714.4117357474133,183.78422316888714
P07T10,Nose,676.426,304.179,564.727,519.659,807.691,523.625,6.0,689.8370095794578,221.95899210971564
P07T10,Nose,666.683,308.155,558.901,529.459,805.657,535.333,7.0,712.3696072713196,184.52478751997364
P07T10,Nose,664.662,321.735,562.752,539.221,797.877,541.266,7.0,687.3096416019383,222.16092847314056
P07T10,Neck,662.606,329.655,556.975,551.008,792.039,543.209,8.0,710.1454384978574,184.9166533511948
P07T10,Nose,654.896,335.539,552.943,535.328,778.315,558.904,8.0,685.1307625253601,222.01996424595026
P07T10,Nose,650.977,337.531,554.84,547.073,776.419,558.893,8.0,708.6682014272856,185.83690650557287
P07T10,Neck,650.849,339.401,541.288,547.086,784.16,549.078,8.0,683.2288163060235,222.60914317814724
P07T10,Neck,649.039,337.48,539.243,551.026,778.306,556.972,7.0,705.9725110580948,185.80453234081077
P07T10,Nose,649.012,335.479,537.271,541.16,782.164,543.219,7.0,680.2372858859869,222.701891931417
P07T10,Nose,649.045,331.548,539.179,539.263,786.126,556.938,6.0,703.8191138796801,186.00030797853785
P07T10,Neck,649.039,317.838,529.488,539.307,792.027,539.221,4.0,679.1810561372166,222.717322948049
P07T10,Neck,650.87,308.075,525.656,537.265,803.729,537.298,8.0,702.6309658059141,186.56882852571997
P07T10,Nose,650.887,302.217,525.543,525.561,811.554,525.585,6.0,676.7767644186677,223.72732082251284
P07T10,Nose,649.051,302.156,525.52,531.413,819.346,521.607,4.0,700.6639268413461,187.1560978737031
P07T10,Neck,648.994,300.275,527.485,531.418,821.297,509.906,6.0,674.3553975453219,223.67182593152455
P07T10,Neck,645.063,300.28,527.474,531.453,821.371,525.533,4.0,698.6922047594644,186.10314160071118
P07T10,Neck,637.216,296.362,537.309,531.449,821.262,517.715,4.0,671.7632557827784,224.58921285689175
P07T10,Neck,635.2,294.352,539.336,525.585,819.428,494.202,6.0,695.8962767741907,187.10427572718757
P07T10,Neck,633.257,292.445,543.211,523.608,815.511,484.427,6.0,668.5995572196996,224.7189295205948
P07T10,Neck,633.199,290.522,554.844,519.665,807.704,480.491,8.0,694.4989564272605,187.3887645811541
P07T10,Nose,631.332,290.383,570.591,511.856,803.735,468.727,8.0,668.4092303533598,225.88466428813095
P07T10,Nose,633.185,286.554,572.585,503.974,792.058,462.908,8.0,665.3833317210685,225.26950882530173
P07T10,Neck,633.341,276.805,607.852,492.228,790.013,460.814,7.0,691.496423867211,187.05458877255384
P07T10,Neck,635.273,274.699,613.706,478.545,784.134,451.114,8.0,662.5598561599475,226.2001169950003
P07T10,Other,637.285,265.017,617.677,472.601,778.336,447.194,8.0,689.7092221473415,189.2849108493389
P07T10,Nose,645.051,261.05,619.54,466.817,778.341,447.214,7.0,661.3924105576872,227.24066003036833
P07T10,Other,647.016,259.179,619.608,464.823,776.29,449.211,7.0,686.9158924434379,188.47401794629272
P07T10,Other,648.897,259.137,615.689,462.928,774.395,453.071,7.0,659.023261189544,226.1244441853095
P07T10,Other,648.871,259.123,615.657,462.874,772.421,449.213,6.0,684.7952944136454,189.96035812556286
P07T10,Other,645.083,259.202,617.622,472.643,762.612,458.907,6.0,656.9263768410264,227.156448663806
P07T10,Other,633.369,272.84,601.94,478.56,746.916,462.918,8.0,683.2755733658,191.87543456497554
P07T10,Other,629.357,274.816,588.243,480.547,742.933,464.814,8.0,655.2057793847082,228.15542739168376
P07T10,Other,619.608,278.696,580.391,480.554,731.246,468.713,8.0,682.1605877585507,193.10236665006997
P07T10,Other,617.512,286.568,578.459,478.534,727.28,464.856,8.0,653.9145181341219,229.42595604319266
P07T10,Other,613.665,290.465,572.598,490.246,727.289,462.951,8.0,679.973741160916,193.21105804486916
P07T10,Other,607.806,294.39,570.528,492.205,723.438,464.806,8.0,652.0098541066665,230.18675064851263
P07T10,Other,603.943,300.249,562.798,494.153,721.478,464.884,8.0,678.3940656901035,194.37682971725613
P07T10,Other,602.003,302.153,558.856,480.51,721.427,464.832,8.0,651.1273549784287,229.4269074173502
P07T10,Other,599.925,300.239,562.749,494.203,711.626,472.622,8.0,677.3066120483356,195.22159736945594
P07T10,Other,592.201,296.336,556.915,492.301,705.813,476.496,8.0,650.0424910502747,231.13852982080692
P07T10,Other,594.097,290.534,552.962,494.218,697.981,478.624,8.0,676.7782241626862,195.38364183490563
P07T10,Other,598.002,288.528,558.915,492.254,697.888,480.467,8.0,648.7650816948913,230.98736067935678
P07T10,MidHip,599.94,284.565,558.914,482.487,696.046,476.583,8.0,676.1495235941529,194.98638606826913
P07T10,Other,601.905,274.841,558.818,478.47,727.266,484.394,8.0,647.9709920278672,230.55867401649195
P07T10,MidHip,601.996,274.695,556.881,474.592,713.601,468.745,8.0,675.2780489236806,196.55064661650158
P07T10,MidHip,603.83,274.688,554.853,458.96,727.365,472.628,8.0,646.9021783025037,231.1416959432873
P07T10,MidHip,603.978,272.887,560.783,455.021,711.71,447.243,6.0,675.072113129319,197.76635402000386
P07T10,Other,607.836,272.77,566.658,447.157,729.232,455.031,5.0,646.1609415065044,231.9496206195804
P07T10,Other,613.698,270.798,570.535,447.22,723.447,447.2,2.0,673.1332719061874,198.6434980730659
P07T10,MidHip,617.58,264.978,562.765,462.87,729.324,445.231,2.0,645.8591240943272,231.41742949289684
P07T10,Other,623.516,264.967,580.373,460.886,727.321,445.265,4.0,672.6260427004495,198.71943485272396
P07T10,Other,633.195,263.024,586.327,470.68,729.355,447.21,4.0,643.6863476658585,231.81792281952565
P07T10,Other,635.24,261.075,588.305,470.703,735.158,449.159,3.0,671.5931948555123,200.5016964458929
P07T10,Other,639.192,261.08,601.927,466.782,742.911,447.231,3.0,644.3570653772963,232.84465322938865
P07T10,MidHip,647.026,263.016,601.936,464.794,742.97,449.124,8.0,671.2224005312503,200.12962186426918
P07T10,Other,650.839,265.007,603.966,466.781,746.899,455.003,6.0,644.2226147524572,233.19994304694262
P07T10,MidHip,652.867,270.785,601.897,464.837,756.677,460.907,8.0,670.985942214166,200.18013641893796
P07T10,MidHip,658.791,272.844,597.991,474.579,766.52,460.943,4.0,642.6214054418988,232.57347349807927
P07T10,MidHip,664.534,274.785,590.204,480.514,778.31,462.874,6.0,669.9746334666872,199.63500063613955
P07T10,Other,668.539,274.892,568.631,492.269,813.525,462.807,6.0,642.0383139226534,232.75729843211755
P07T10,MidHip,672.45,274.802,566.709,482.428,821.375,460.953,4.0,669.9447756000923,198.89030916137318
P07T10,MidHip,678.332,274.703,558.906,480.524,827.27,472.64,4.0,640.8189330483707,231.72919637851916
P07T10,Other,680.299,272.858,558.894,478.6,835.096,460.865,6.0,670.5858863315561,200.8422261440073
P07T10,Other,682.229,274.718,560.795,486.368,839.004,464.869,5.0,639.7328368672662,231.1298110302799
P07T10,Other,682.373,274.889,570.525,486.342,839.022,466.809,6.0,670.7370262477241,200.73583956405673
P07T10,MidHip,684.31,276.813,572.606,490.266,839.066,476.563,7.0,639.203335044838,230.4770649580702
P07T10,Other,684.241,282.64,578.478,492.251,837.103,478.589,8.0,670.1917329519422,200.57161933598724
P07T10,Other,682.28,288.528,578.457,488.279,833.107,478.535,8.0,640.2552087051965,230.84184944613446
P07T10,Other,680.317,290.47,576.528,494.262,827.241,478.617,8.0,670.3948098783566,200.5678657818841
P07T10,Other,672.464,300.268,572.573,482.478,811.579,484.386,8.0,640.0379863930671,229.20657826034406
P07T10,Other,666.604,304.245,566.683,478.507,811.55,484.42,8.0,670.084214059747,200.85275036530226
P07T10,Other,664.633,306.192,554.89,480.507,817.476,480.51,8.0,639.1771384339945,229.70239129437334
P07T10,Other,662.661,310.017,539.17,496.154,811.603,482.446,8.0,670.1665825271889,200.893100026199
P07T10,Other,658.779,311.975,535.344,513.779,811.556,492.186,8.0,639.1045015636265,229.6795569667991
P07T10,Other,658.775,313.964,535.314,523.638,809.64,478.547,8.0,670.1946163273535,200.872140036711
P07T10,Other,660.744,315.935,537.271,464.835,821.372,476.614,8.0,640.3478307915618,229.6955481471332
P07T10,Other,660.746,317.825,523.627,476.516,823.346,478.495,8.0,669.7915455120074,200.60721511848945
P07T10,Other,656.841,315.954,517.674,470.703,823.315,478.528,8.0,638.9841463438102,229.22961440759389
P07T10,Other,650.984,317.843,533.397,533.374,833.133,478.537,8.0,670.2324888792828,199.43131918874315
P07T10,Other,649.003,317.877,490.277,470.671,850.747,464.823,8.0,638.0090502783154,228.80006479420732
P07T10,Other,645.021,315.922,478.499,458.953,846.843,474.571,9.0,670.2517987636193,201.04568572042058
P07T10,Other,637.223,313.969,466.755,460.916,854.669,462.903,8.0,638.4142582285393,228.00621050603615
P07T10,Other,635.187,313.973,460.819,460.839,844.92,462.957,9.0,670.0788835308374,200.55257446818933
P07T10,Other,631.362,313.94,449.15,453.039,846.862,462.862,8.0,638.3844559364078,228.8099933399942
P07T10,Other,623.543,308.079,443.244,447.154,848.8,458.969,8.0,669.6175493171485,200.9798859136711
P07T10,Other,619.643,306.159,433.451,443.255,850.733,449.206,9.0,637.9108088425567,228.99618871895274
P07T10,Other,617.696,306.147,433.51,445.221,852.683,445.276,8.0,668.2476829284263,200.97088249076316
P07T10,Other,617.605,306.149,431.513,443.234,848.827,445.278,8.0,637.4145675113468,229.1532380249395
P07T10,Other,615.608,306.069,431.531,443.224,848.802,441.297,8.0,667.7959878221598,200.95003350314425
P07T10,Other,605.835,298.268,429.459,433.435,860.54,417.786,8.0,636.3021179798878,230.3144987349379
P07T10,Other,604.011,296.358,429.482,431.525,831.202,431.56,8.0,667.448833788951,202.06544821132695
P07T10,Other,604.028,294.357,427.613,429.467,833.141,427.61,8.0,637.9503347845932,237.8889800190692
P07T10,Other,605.901,294.347,429.583,429.453,835.114,423.646,8.0,667.1557006506322,204.923522992582
P07T10,Other,607.859,294.372,429.59,427.596,837.032,421.74,8.0,636.957578825249,270.95344669793656
P07T10,Other,611.712,296.298,429.476,421.723,837.016,423.658,8.0,668.8561535758112,227.9575139504688
P07T10,Other,615.637,300.24,429.574,421.698,837.026,427.54,9.0,631.1387761299696,312.945217579221
P07T10,Other,617.596,302.136,429.46,415.804,837.045,427.549,9.0,675.309051647964,270.14976042507834
P07T10,Other,619.508,302.135,429.59,415.842,837.038,429.455,8.0,681.7995832719155,308.4374156551476
P07T10,Other,633.361,306.1,449.124,423.663,839.039,433.456,8.0,625.8050214718435,350.5456835060172
P07T10,Other,637.297,306.133,456.948,417.812,840.956,437.375,8.0,686.2538992245595,342.7805403271389
P07T10,Other,648.906,306.189,464.789,415.915,846.813,433.487,8.0,619.7100941756044,380.88624789764066
P07T10,Other,651.005,306.132,484.418,431.489,848.78,435.455,8.0,683.5665703749289,353.3993612944681
P07T10,Other,660.739,306.223,494.122,431.49,852.656,435.433,8.0,611.8944754682763,392.646702145408
P07T10,Other,666.566,308.081,498.107,427.561,852.792,437.391,8.0,682.8029980772732,346.7260416001059
P07T10,Other,672.519,308.103,511.849,433.461,852.751,437.413,8.0,613.1921888157249,384.2460183454055
P07T10,Other,680.315,310.019,523.621,433.497,852.688,443.279,8.0,684.152539703126,343.47506970069924
P07T10,Other,682.38,308.1,537.325,437.366,852.789,443.212,8.0,617.2642095481378,382.865449075133
P07T10,Other,692.054,308.108,552.963,443.257,846.821,445.174,8.0,682.2649663629934,343.93387430332353
P07T10,Other,703.809,310.016,617.644,437.402,819.389,447.216,8.0,619.5805679845973,383.7141133423104
P07T10,Other,709.621,311.97,690.111,464.807,772.43,462.929,8.0,682.6386303415042,344.14165330310414
P07T10,Other,711.57,310.066,695.899,472.61,750.816,462.848,8.0,619.3900124931438,384.8963612157099
P07T10,Other,711.624,310.033,709.709,464.849,756.726,474.568,8.0,619.4436313752803,382.5149712324766
P07T10,Other,711.713,310.033,713.632,474.614,768.463,480.564,8.0,681.6139714094867,344.12647216025306
P07T10,Other,713.546,308.159,697.929,490.289,784.117,492.25,8.0,620.3437246490029,381.8166809654414
P07T10,Other,713.553,308.154,701.879,509.907,801.75,505.942,8.0,681.7710912003686,342.1633971967396
P07T10,Other,711.743,310.018,692.094,525.618,805.687,525.586,8.0,620.9614810678796,380.83059005989656
P07T10,RElbow,711.615,308.153,664.623,541.239,819.382,537.288,8.0,680.7439579172203,340.90915447741463
P07T10,LKnee,707.778,308.11,645.018,551.01,825.272,543.236,8.0,620.7174818667224,378.8042230258422
P07T10,LKnee,697.988,308.064,617.543,554.926,839.057,545.173,8.0,681.3260738716483,339.64767527932503
P07T10,LKnee,695.984,308.133,596.078,547.107,837.107,531.436,8.0,620.9717780572358,377.0729133510314
P07T10,Nose,690.134,308.097,576.497,537.279,837.079,525.622,8.0,681.1140258951398,339.4115287800181
P07T10,Other,682.29,306.196,564.695,537.267,837.021,523.593,8.0,623.113859426324,374.92407306232974
P07T10,Other,678.299,306.197,547.112,523.557,829.234,523.645,8.0,679.6039603315579,337.6569327357639
P07T10,Other,668.542,306.144,533.372,515.742,823.284,523.528,8.0,623.8833764055543,373.84595689092185
P07T10,Other,664.689,306.184,527.564,511.876,823.322,509.853,8.0,681.3231823544795,337.3789212582731
P07T10,Other,658.784,306.152,529.453,511.858,819.359,498.131,8.0,682.3327698626829,336.24422966839404
P07T10,Other,651.012,306.038,527.524,515.749,807.672,507.967,8.0,625.5251125741033,373.95601752324234
P07T10,Other,633.375,304.143,519.623,523.568,788.01,523.586,8.0,683.202368126442,335.7476629717817
P07T10,Other,629.371,304.111,509.918,523.634,788.08,525.491,8.0,627.3680476686337,369.6931478158874
P07T10,Other,619.651,304.104,507.968,539.308,766.495,537.274,8.0,628.5350462064481,369.82245447471627
P07T10,Other,617.708,302.21,507.915,547.12,758.675,539.302,8.0,683.5042119325713,334.122906092923
P07T10,Other,617.581,302.174,507.921,553.001,754.775,537.311,8.0,630.8040021495241,368.1235325531151
P07T10,Other,615.68,302.141,509.879,556.868,758.663,527.53,8.0,684.4640288883569,333.7598321904474
P07T10,Other,613.723,300.267,509.973,543.214,735.198,537.306,8.0,632.0885812816142,367.5854578269933
P07T10,Other,611.731,300.205,519.628,541.269,729.266,537.335,8.0,684.3467645389006,333.18787252946726
P07T10,Other,607.884,296.34,521.646,539.229,719.494,539.176,8.0,631.4569881201738,365.7467076890253
P07T10,Other,605.944,294.399,523.653,554.929,713.643,539.172,8.0,685.9602988526489,332.04215357176554
P07T10,Other,609.794,300.206,539.299,552.971,713.697,547.089,8.0,634.1463321556325,366.0502909474188
P07T10,RKnee,613.661,302.136,539.284,550.985,713.661,556.933,8.0,687.0343237549425,333.53051301213
P07T10,Other,617.551,302.157,541.187,551.035,727.362,554.928,8.0,635.4291558733299,367.07176799463315
P07T10,RKnee,619.496,302.198,541.237,554.903,729.365,558.881,8.0,687.344700053439,333.7700609465197
P07T10,Other,619.69,300.271,543.148,556.929,740.984,568.625,8.0,636.6365774377348,366.77326981990916
P07T10,Other,627.402,302.178,543.204,558.88,752.767,570.669,8.0,687.6914240941196,332.53760246339385
P07T10,Other,633.275,304.071,543.197,560.822,760.651,568.661,8.0,636.5184568822837,366.68841015855384
P07T10,Other,635.312,304.17,543.184,566.658,774.307,572.529,8.0,688.2072968988634,332.61533596166475
P07T10,Other,641.125,306.124,543.19,562.792,784.171,568.627,8.0,637.8890548686109,365.9929424969424
P07T10,Other,646.953,308.143,543.179,558.89,792.054,564.704,8.0,688.9092833773185,332.072202465854
P07T10,Other,656.805,321.905,550.986,556.938,809.649,570.546,8.0,638.8545600460131,365.8566259019682
P07T10,Other,662.711,327.66,554.825,558.884,817.416,570.661,8.0,688.7805167876489,330.7191690519985
P07T10,Other,664.668,333.572,554.883,560.844,819.388,572.657,8.0,640.5869647056895,355.7555830270063
P07T10,LKnee,666.632,337.406,556.848,558.838,821.265,580.423,8.0,688.2253117969866,324.82522460841307
P07T10,Other,670.51,337.563,558.9,558.867,819.428,584.337,8.0,645.5838837648242,322.16626143583306
P07T10,Other,670.563,339.438,568.607,564.714,811.587,586.242,8.0,690.3512507539026,297.15830364072707
P07T10,Other,674.427,341.353,570.662,570.62,807.747,588.277,8.0,654.2881666570856,268.6773008925741
P07T10,Other,674.438,341.364,574.541,572.549,805.606,590.206,8.0,703.5509434298931,249.2681815353108
P07T10,Other,674.447,339.436,576.532,562.758,792.079,590.207,8.0,660.3654390105894,221.67247565959252
P07T10,Other,672.485,337.457,584.298,570.636,789.979,588.299,8.0,719.8596432956592,198.83758954716916
P07T10,Other,670.485,333.589,586.209,570.62,778.319,588.308,8.0,651.2675560313471,173.4765180688819
P07T10,Other,666.689,325.699,584.302,558.877,776.259,586.319,8.0,719.3231461858556,152.56931104381604
P07T10,Other,664.731,321.782,582.366,556.969,772.376,586.333,8.0,636.9523424429763,135.93741050000406
P07T10,Other,664.53,317.875,574.585,554.865,764.603,586.249,8.0,709.5730570142691,108.64408365262896
P07T10,Other,658.747,310.043,572.651,554.895,760.709,584.342,8.0,632.9086021943332,104.65229595370472
P07T10,Other,652.885,306.081,570.59,562.767,758.762,576.513,8.0,697.9051766749242,73.34752374426589
P07T10,Other,648.963,302.241,560.833,550.994,758.725,572.589,8.0,638.0400855932221,79.64775009318872
P07T10,Other,643.125,298.256,555.01,552.961,756.675,570.636,8.0,694.4946299906685,53.52549722364895
P07T10,Other,635.279,292.428,547.096,537.293,748.86,570.519,8.0,639.8415209684171,78.20434444337702
P07T10,Other,623.551,290.439,529.435,545.141,745.021,562.783,8.0,691.949476515096,54.73874822915504
P07T10,Other,619.581,290.427,525.476,547.095,744.951,558.869,8.0,646.05207465001,84.01849814179897
P07T10,Other,617.561,290.44,521.593,541.219,742.99,556.911,8.0,689.1163437672813,62.74183614646927
P07T10,Other,609.825,290.364,511.833,531.419,741.029,554.864,6.0,649.4704016880188,84.9584071852635
P07T10,Other,605.836,288.498,507.975,541.212,735.203,549.052,6.0,687.1528577848085,63.81733706189928
P07T10,Other,603.835,288.43,505.923,539.26,729.366,547.085,7.0,651.8503554422623,88.68065800611271
P07T10,Other,601.917,286.569,502.06,539.182,729.252,549.077,7.0,688.3443402059532,66.52154019969592
P07T10,Other,601.866,286.54,502.015,537.29,729.21,549.029,8.0,654.3289083898107,91.45755049596676
P07T10,Other,600.013,286.547,500.069,523.565,729.239,543.183,8.0,689.1249219991347,69.16486179749619
P07T10,Other,599.915,288.396,500.114,525.547,729.303,541.288,8.0,658.2818204670916,95.64165498761633
P07T10,Other,596.078,288.492,500.073,519.672,729.315,543.183,8.0,688.5138924016112,72.53379254188064
P07T10,Other,596.034,288.582,498.135,523.591,727.406,547.065,8.0,659.5743800023803,99.26978618362966
P07T10,Other,594.147,290.399,502.063,525.537,729.297,545.134,7.0,691.2490398416867,75.80030390239632
P07T10,Other,596.096,290.471,505.936,527.509,731.328,543.181,8.0,661.8908995495008,103.4748398361997
P07T10,Other,599.943,292.373,505.987,537.302,741.058,543.23,7.0,691.272652233191,77.59848272951808
P07T10,Other,601.912,292.388,507.925,541.272,742.991,552.975,8.0,663.8762461708843,105.74959718840319
P07T10,Other,602.012,292.412,509.858,541.182,746.944,545.162,8.0,692.6331278563215,80.10768384439825
P07T10,Other,603.88,292.443,511.794,539.291,745.022,556.958,8.0,665.467041414268,108.33378636328429
P07T10,Other,605.845,292.434,515.767,539.247,746.938,558.889,8.0,692.5517856418778,82.32392765379521
P07T10,Other,609.826,294.392,521.658,554.933,748.929,560.821,8.0,668.2543118822857,110.85089538347255
P07T10,Other,619.532,296.296,529.443,554.879,758.661,568.638,8.0,693.5751969963756,84.61056782846731
P07T10,Other,621.548,294.418,537.265,556.842,760.68,568.636,8.0,669.6247202034356,112.97617454365918
P07T10,Other,625.459,296.344,539.279,564.712,762.605,570.615,8.0,694.2945184945049,87.42304560854252
P07T10,Other,633.194,300.207,541.315,560.83,766.556,568.631,8.0,671.570393836684,115.12012076549071
P07T10,Other,635.193,300.208,549.045,570.59,774.243,572.56,8.0,694.9212912747194,90.65928836095541
P07T10,Other,637.252,296.369,552.977,572.544,776.398,568.597,8.0,672.7043663977645,118.48871532812447
P07T10,Other,641.124,296.339,554.894,576.483,784.175,568.655,8.0,694.5522744529188,92.11505593445045
P07T10,Other,647.012,298.281,556.92,574.575,790.056,570.578,8.0,674.698387891764,120.11965347585667
P07T10,Other,649.029,294.36,558.929,572.5,794.003,568.635,8.0,696.11627432953,95.09595440778972
P07T10,Other,664.677,288.507,568.647,570.673,821.352,568.588,8.0,674.4408853147144,122.57543901512625
P07T10,Other,666.607,284.592,564.725,568.66,823.389,564.705,8.0,696.5985762431526,96.22467178232657
P07T10,Other,666.68,280.667,562.751,560.788,823.412,558.82,8.0,676.7637971925651,124.57208786374966
P07T10,Other,666.675,276.796,558.858,558.901,823.396,560.781,8.0,698.4615881481005,99.25777665176453
P07T10,Other,666.655,276.765,556.813,566.658,821.346,558.905,8.0,676.8968242583328,127.7154347648243
P07T10,Other,666.652,276.755,554.887,570.572,819.341,560.836,8.0,698.3787217850308,100.93739892408483
P07T10,Other,666.666,276.764,554.83,568.589,813.55,558.82,8.0,677.6195693442122,130.12655679173463
P07T10,Other,666.653,276.708,552.999,558.872,807.629,566.712,8.0,699.1035570623999,102.96561314083166
P07T10,Other,666.58,274.889,551.026,554.977,803.704,566.69,8.0,678.7555016807394,133.490019624483
P07T10,Other,664.731,276.791,543.229,551.002,795.906,562.781,8.0,700.8315596986452,106.1446899868375
P07T10,Other,662.69,278.716,541.158,554.857,789.917,568.664,8.0,678.9468329889861,135.93032122072339
P07T10,Other,656.793,276.759,539.217,554.859,778.34,568.639,8.0,700.7389553015186,108.71471907523166
P07T10,Other,650.976,276.712,537.238,554.924,774.285,570.589,8.0,680.2024466164994,138.88017598486994
P07T10,Other,648.975,278.667,527.556,551.024,766.505,570.553,8.0,700.990058189909,111.23361034275027
P07T10,Other,643.069,278.717,525.53,545.159,760.618,568.68,8.0,679.9544157270143,141.39871628059072
P07T10,Other,635.357,276.724,523.555,550.99,756.665,568.612,8.0,702.2219282848766,112.43770617413836
P07T10,Other,633.337,278.708,521.611,545.167,746.964,564.726,8.0,682.2056116324231,142.9256312516466
P07T10,Other,627.44,280.632,515.727,541.182,744.899,560.807,8.0,702.6416622070926,116.11061608832483
P07T10,Other,621.593,276.806,509.924,541.277,741.051,564.721,8.0,704.1492116353912,118.29423952046817
P07T10,Other,619.499,280.63,507.938,547.096,737.145,562.786,8.0,681.484057450041,147.0690233956675
P07T10,Other,615.648,284.547,507.879,549.087,731.255,556.942,8.0,703.5162668225491,120.97752188114836
P07T10,Other,607.851,282.646,505.951,547.123,727.367,562.749,7.0,682.9658754205618,151.61831154356503
P07T10,Other,603.898,286.481,505.882,549.054,727.246,562.765,7.0,705.9003106028364,125.51952711349853
P07T10,Other,601.897,286.516,501.999,541.285,725.346,560.837,8.0,685.0478033941084,154.88476155965563
P07T10,Other,598.063,286.544,500.101,545.177,725.378,556.972,8.0,706.5413712359309,127.33612926657847
P07T10,Other,596.068,288.39,500.11,543.195,725.345,556.851,8.0,686.3427581966178,158.02671644036513
P07T10,Other,592.186,286.524,502.026,543.168,725.348,556.846,8.0,705.2987919078773,129.02773120008715
P07T10,Other,592.138,288.411,500.067,549.056,725.312,549.072,8.0,683.2667895667909,158.5981931453243
P07T10,Other,592.177,288.508,502.038,549.034,725.41,554.912,8.0,687.1110128331127,116.71730873666775
P07T10,Other,596.054,288.58,505.912,554.897,727.406,554.94,8.0,659.8843400421158,142.9824905442183
P07T10,Other,598.027,290.421,507.863,556.974,731.286,554.961,8.0,656.2660875906718,95.48486994146322
P07T10,Other,601.84,290.461,507.956,558.857,737.109,554.886,8.0,628.1902855591279,123.32565450846096
P07T10,Other,602.0,290.453,509.855,560.779,742.974,554.898,8.0,651.533141099145,97.14938254527691
P07T10,Other,603.872,290.427,511.866,560.791,745.006,558.889,8.0,621.3614894111842,124.32707982505939
P07T10,Other,603.993,288.54,515.76,564.712,746.946,556.851,8.0,653.6133598078102,104.54752795274986
P07T10,Other,607.858,288.501,523.543,566.644,754.787,568.638,8.0,628.0782641849137,132.02001783514015
P07T10,Other,613.734,288.517,525.54,564.7,758.637,568.629,8.0,655.7957550690861,107.17579661858619
P07T10,Other,617.563,288.465,527.542,566.698,760.559,570.592,8.0,630.8903705584694,134.09359372011815
P07T10,Other,617.68,288.46,539.145,570.567,760.731,568.676,8.0,656.3571826867283,107.44012280789987
P07T10,Other,625.453,290.391,543.188,570.572,772.385,570.567,8.0,630.8290844921934,133.26210473709887
P07T10,Other,629.338,290.395,549.022,572.531,774.397,570.631,8.0,656.1600851965067,108.00445820237408
P07T10,Other,631.351,290.394,547.13,574.581,776.416,570.551,8.0,631.9112887997003,133.23581110328016
P07T10,Other,631.38,290.39,551.035,572.609,780.256,564.713,8.0,657.7697387901297,109.16430424229813
P07T10,Other,633.238,290.457,549.049,576.511,782.2,572.518,8.0,634.2296751034094,133.32709843621637
P07T10,Other,633.219,290.475,549.031,574.506,788.041,570.662,8.0,659.1595748911482,109.5672016458328
P07T10,Other,633.273,290.534,547.124,574.588,784.144,582.37,8.0,635.9096234577657,135.50617270054838
P07T10,Other,633.283,292.435,547.093,578.476,782.179,582.329,8.0,660.4386921999269,110.74758954455432
P07T10,Other,633.235,294.335,545.181,574.518,788.061,582.36,8.0,638.5328834791759,138.27213727014384
P07T10,Other,621.57,298.26,541.255,572.635,774.416,574.581,8.0,661.4196654575708,112.29487577149408
P07T10,Other,619.555,302.158,541.14,574.57,774.295,570.639,8.0,639.7584471398908,138.51732966245694
P07T10,Other,617.601,306.066,539.272,584.262,774.254,570.652,8.0,640.8139208625824,139.14601710989967
P07T10,Other,609.801,308.143,539.163,586.34,762.615,572.573,8.0,663.3572419363159,114.02875165808294
P07T10,Other,604.003,317.826,535.303,588.187,760.656,574.495,8.0,642.7974133486109,139.83270856549507
P07T10,Other,601.982,321.853,531.399,599.947,758.613,578.46,8.0,665.2891635875076,114.83259332185389
P07T10,Other,601.884,329.644,529.477,605.886,756.748,580.415,8.0,667.2681240148553,115.29418900769517
P07T10,Other,600.003,335.556,529.437,611.766,754.787,576.502,8.0,643.5745483847178,140.69695140313954
P07T10,Other,600.001,339.478,525.655,611.765,756.703,584.337,8.0,669.1050777972519,116.52707978340563
P07T10,Other,600.009,343.346,527.481,621.516,758.765,586.35,8.0,645.0221067701855,142.1007793566886
P07T10,Other,601.876,347.232,529.473,619.627,762.636,588.285,8.0,669.564916563583,118.04274396394385
P07T10,Other,603.843,347.296,537.226,619.647,774.262,588.291,8.0,646.3793583694969,143.05231988236676
P07T10,Other,605.924,343.389,539.244,615.7,776.373,588.286,8.0,671.4677435431498,117.46102370684854
P07T10,Other,613.739,337.405,543.253,601.898,790.007,586.24,8.0,648.6886459746167,144.670650326992
P07T10,Other,619.526,323.734,552.965,598.005,793.911,584.323,8.0,647.9427125845098,142.47291605277417
P07T10,Other,621.604,310.012,554.936,588.288,797.889,574.582,4.0,672.3019565602316,116.91223235471855
P07T10,Other,627.389,296.303,554.95,554.974,803.777,572.549,6.0,650.8109016544967,144.3076026506834
P07T10,Other,631.283,274.787,556.845,547.109,805.597,556.858,5.0,672.43235406976,117.80416996214265
P07T10,MidHip,633.304,245.419,556.83,533.398,805.653,537.242,4.0,651.1637464835143,144.48305872750623
P07T10,MidHip,635.32,225.692,556.858,523.593,805.604,525.52,4.0,672.6704877630964,117.7007108806881
P07T10,MidHip,664.682,86.71,556.885,419.778,813.56,431.49,4.0,650.8926961553982,145.32313897486287
P07T10,MidHip,664.574,55.3298,549.082,398.234,835.078,392.347,3.0,673.5587543591497,117.19253017414735
P07T10,MidHip,660.739,22.0552,545.16,366.814,805.619,400.175,1.0,659.6464683266279,143.31185737756638
P07T10,MidHip,666.607,5.35351,543.207,331.557,809.681,335.54,0.0,674.9259214735242,117.57565368531061
P07T10,MidHip,0.0,0.0,541.278,306.138,807.738,323.731,5.0,650.8088278989675,143.87055873838858
P07T10,MidHip,0.0,0.0,539.263,292.416,811.604,296.346,5.0,674.423706166492,117.39456075202636
P07T10,MidHip,0.0,0.0,533.359,272.821,827.286,288.533,5.0,651.7540127724648,142.95049645545248
P07T10,MidHip,0.0,0.0,533.4,261.08,0.0,0.0,8.0,674.8597254681604,117.35465462622001
P07T10,MidHip,0.0,0.0,537.305,261.045,819.394,261.066,5.0,651.7540873601592,141.5270126823097
P07T10,MidHip,0.0,0.0,539.216,245.378,837.033,257.127,5.0,674.5875161375533,116.09370653368136
P07T10,MidHip,0.0,0.0,0.0,0.0,827.273,243.445,8.0,660.5065224915379,139.68885597764597
P07T10,MidHip,0.0,0.0,543.175,243.426,837.025,257.14,5.0,674.9441544228132,115.37825391523667
P07T10,MidHip,0.0,0.0,549.061,259.16,852.661,270.86,5.0,652.4404379393746,141.67822279933046
P07T10,MidHip,0.0,0.0,0.0,0.0,854.672,280.66,8.0,675.2725245380768,115.44114012166723
P07T10,MidHip,0.0,0.0,556.916,280.634,0.0,0.0,8.0,663.0432157192455,148.00098937862964
P07T10,MidHip,0.0,0.0,560.785,302.172,850.689,317.891,7.0,675.4522468043863,117.11170384295568
P07T10,MidHip,0.0,0.0,566.71,321.811,850.772,329.644,9.0,651.6349362358856,172.52871484142526
P07T10,MidHip,0.0,0.0,568.685,343.361,856.664,359.038,8.0,674.15006831923,135.9368402907994
P07T10,MidHip,0.0,0.0,572.517,357.034,854.703,359.021,8.0,639.8882774441062,221.5183662328639
P07T10,MidHip,705.772,5.37542,572.617,366.807,856.675,368.832,8.0,674.813424886757,182.40352299739777
P07T10,MidHip,699.953,5.38044,576.451,376.666,864.448,374.708,6.0,637.316943302599,268.2525083482806
P07T10,MidHip,703.836,5.367,576.482,382.528,860.592,380.563,5.0,682.7277629670328,223.17970324125272
P07T10,MidHip,698.051,5.36545,574.491,386.441,868.323,384.462,5.0,639.9489021402705,312.11151803721015
P07T10,MidHip,699.901,5.36027,572.653,392.307,870.382,382.571,2.0,698.9915664972139,267.17782473360325
P07T10,MidHip,698.043,5.3634,574.549,396.197,870.432,382.522,4.0,646.434046207856,351.59166533393034
P07T10,MidHip,697.939,5.37377,576.456,384.503,876.221,384.482,6.0,710.1240277238753,305.70453399129593
P07T10,MidHip,696.053,5.36971,576.462,384.488,882.091,376.662,7.0,650.0431156514812,380.5671780646262
P07T10,MidHip,695.965,5.36491,572.626,364.891,884.081,409.937,5.0,719.8856733498576,335.3313244542695
P07T10,MidHip,690.095,5.35974,558.835,349.215,899.726,339.484,7.0,651.8526871488243,389.93110796083454
P07T10,MidHip,682.328,5.33802,541.182,335.465,899.782,306.137,4.0,723.1230556521809,347.54916861353036
P07T10,MidHip,680.33,29.9022,511.801,319.808,954.577,351.169,6.0,651.5709857297738,381.0407187416032
P07T10,MidHip,688.157,106.281,519.663,445.183,952.651,382.525,8.0,721.9785883563352,339.61269532915156
P07T10,MidHip,701.838,127.869,478.509,460.874,966.395,437.382,8.0,654.5341372141613,377.857775068325
P07T10,MidHip,721.425,137.677,513.765,494.229,962.392,505.938,8.0,720.9456004684989,332.7639574537618
P07T10,MidHip,742.966,165.079,554.936,511.862,915.373,564.725,8.0,657.3949024259098,375.8620980084038
P07T10,LElbow,752.773,180.781,515.753,515.761,917.354,556.953,8.0,719.7570131296595,331.2964579790505
P07T10,LElbow,758.737,212.155,492.223,511.821,903.633,576.487,9.0,656.2097364415046,372.8547644118855
P07T10,LElbow,754.731,215.971,494.152,554.951,905.624,574.524,8.0,717.9933885678572,327.56624171711445
P07T10,LElbow,744.995,227.762,492.175,547.093,897.743,586.293,9.0,655.9307094917515,369.83044830275935
P07T10,LElbow,735.201,229.738,513.78,558.885,897.759,582.376,9.0,716.4011876275217,324.73692504657083
P07T10,Neck,729.385,219.904,488.335,509.883,888.033,572.553,9.0,655.4390516386225,364.9243071636659
P07T10,LElbow,756.76,192.484,586.268,478.481,901.692,564.732,9.0,715.2363731422552,320.31445071635875
P07T10,LElbow,758.686,184.63,570.587,447.259,915.468,541.189,9.0,655.3065470354642,360.9370587476387
P07T10,MidHip,758.577,178.756,562.755,423.663,933.115,519.682,9.0,714.0645872084267,317.22249408490774
P07T10,MidHip,758.705,172.911,0.0,0.0,950.68,478.563,10.0,655.6509582470394,357.69533696136705
P07T10,MidHip,762.565,170.928,0.0,0.0,982.022,447.139,10.0,712.7989981692217,314.11954853194646
P07T10,MidHip,772.343,166.987,494.187,431.499,1019.23,482.442,9.0,655.1326001966006,354.8700613919578
P07T10,MidHip,778.337,165.008,0.0,0.0,1011.39,451.08,10.0,711.3791961731372,310.41176533759227
P07T10,MidHip,789.975,165.156,654.819,278.704,1040.81,413.943,8.0,653.2098403984209,350.63879463824503
P07T10,MidHip,790.001,176.827,607.829,337.441,0.0,0.0,5.0,709.1389588262059,307.3492707456568
P07T10,MidHip,789.957,180.778,621.56,347.241,978.086,341.389,4.0,652.5245059909269,347.44594006484743
P07T10,MidHip,786.098,159.181,682.298,339.47,976.118,435.42,4.0,708.436071445919,305.0794922735723
P07T10,MidHip,782.165,163.103,668.584,349.183,980.03,454.992,4.0,653.1978517142609,345.92906078584116
P07T10,MidHip,782.181,165.131,635.233,386.49,991.763,443.282,4.0,707.1557952392286,302.10012954945347
P07T10,MidHip,788.092,168.964,662.667,341.406,991.844,409.952,4.0,706.6087315446553,300.80051370378425
P07T10,MidHip,792.085,169.01,680.286,313.981,966.343,353.163,4.0,651.3784794031154,341.7847099326662
P07T10,MidHip,799.789,174.818,697.959,270.879,911.52,264.952,4.0,705.7426339993877,297.6602458017029
P07T10,MidHip,805.593,176.836,668.571,304.174,946.765,315.901,4.0,652.4448762490883,338.96205090882904
P07T10,MidHip,807.635,182.757,650.973,351.115,978.019,376.636,4.0,704.2785429542146,295.3103118746888
P07T10,MidHip,807.724,184.635,623.535,374.716,1019.24,415.813,8.0,652.6685389268712,336.4419896524787
P07T10,MidHip,807.749,182.664,637.23,368.805,995.741,321.852,8.0,703.2931675550938,293.62183344485373
P07T10,MidHip,797.842,182.675,0.0,0.0,0.0,0.0,11.0,652.769939747134,334.5320531379328
P07T10,MidHip,788.09,157.226,584.323,400.186,0.0,0.0,9.0,702.9613807701247,291.91723522330574
P07T10,MidHip,778.349,131.735,590.24,376.66,1040.73,476.62,6.0,651.1269180206064,330.6923751968209
P07T10,MidHip,776.297,120.0,603.972,341.416,1009.52,513.789,6.0,702.8162296385966,289.58873416523437
P07T10,MidHip,774.433,120.044,609.795,337.484,987.889,368.836,5.0,650.9626720465913,328.33329346468764
P07T10,MidHip,774.346,131.656,599.963,364.898,997.703,386.423,5.0,701.9414286226856,286.72432386403904
P07T10,MidHip,776.326,141.538,596.089,392.315,1009.45,445.25,5.0,651.3672873859937,327.42912179812265
P07T10,MidHip,782.22,151.411,625.455,382.529,982.051,368.863,9.0,701.3374314931547,283.62122535918115
P07T10,MidHip,788.001,167.007,664.676,382.544,1015.32,476.527,9.0,649.1698292167046,324.8531133776659
P07T10,MidHip,790.072,188.567,629.393,435.437,1007.49,476.534,10.0,701.5652892680969,282.88830351554645
P07T10,Neck,807.758,212.001,572.579,500.08,1011.36,494.181,10.0,651.1506123941906,320.509397060007
P07T10,Neck,846.835,229.765,652.929,533.41,0.0,0.0,12.0,700.6209539437484,280.35976916114083
P07T10,Neck,888.011,253.21,662.65,541.275,1046.65,523.585,11.0,650.7300417920193,320.0761808632611
P07T10,Neck,917.442,274.769,676.376,541.284,1076.03,464.788,11.0,700.1105777374307,277.8451830688376
P07T10,Neck,931.104,304.117,637.233,539.288,0.0,0.0,12.0,650.2930759473841,316.4911193241501
P07T10,Neck,933.106,321.85,705.797,554.972,1089.81,574.534,14.0,700.0109597173156,276.49384443154383
P07T10,Neck,931.145,327.699,637.239,582.338,1023.15,637.217,12.0,651.7158953286721,314.2175090582175
P07T10,MidHip,933.048,321.764,756.717,562.753,1056.47,629.358,11.0,700.2452036501606,273.5154457755223
P07T10,MidHip,933.093,302.233,770.442,527.564,0.0,0.0,12.0,652.7345903038552,312.839469434916
P07T10,MidHip,931.137,276.796,729.265,513.824,1031.01,523.57,11.0,652.4531559162615,309.5488780992072
P07T10,LElbow,907.609,229.739,621.562,539.265,1064.28,615.617,10.0,700.4116035118327,272.31503139581235
P07T10,LElbow,886.092,208.143,586.242,539.195,0.0,0.0,10.0,700.4688526391444,270.92060914724516
P07T10,MidHip,860.593,194.501,572.556,533.4,1019.25,549.03,10.0,653.0240294209577,308.1573621214398
P07T10,LElbow,839.048,190.518,611.759,521.606,1027.13,521.636,11.0,653.1245462200526,307.1387939556494
P07T10,LElbow,838.952,204.257,629.39,509.902,0.0,0.0,12.0,701.6505933344536,269.70387897701005
P07T10,MidHip,842.892,227.698,572.53,533.4,0.0,0.0,12.0,653.9554393622768,304.57742000834554
P07T10,LElbow,852.644,231.681,584.296,551.038,0.0,0.0,11.0,701.3492451706973,268.0705363307628
P07T10,Neck,864.453,227.845,586.301,578.47,1066.27,449.159,11.0,654.5354186995244,303.5337770934984
P07T10,MidHip,882.095,227.773,601.929,619.543,1148.47,400.104,11.0,701.82190548892,264.8573114237798
P07T10,Neck,907.615,229.736,619.546,664.591,0.0,0.0,12.0,654.4158048935215,302.1761607832436
P07T10,Neck,931.163,225.88,635.261,688.162,1042.81,439.371,11.0,701.9274089714631,263.734535011309
P07T10,Neck,958.468,229.729,0.0,0.0,1040.81,588.221,12.0,656.2241694225987,305.4973665519208
P07T10,Neck,989.815,249.323,0.0,0.0,1138.73,599.971,16.0,703.4636825762766,267.07412951617255
P07T10,RElbow,1025.19,272.736,0.0,0.0,1177.94,633.265,15.0,661.3103499281012,329.4619222934547
P07T10,Other,1048.62,304.159,0.0,0.0,997.736,682.261,16.0,708.8334528509109,288.3120353595099
P07T10,Other,1070.21,366.838,0.0,0.0,1140.75,678.294,16.0,668.067190355172,356.3121296081315
P07T10,Other,1070.2,364.93,0.0,0.0,0.0,0.0,17.0,724.4122574484345,320.7661032676272
P07T10,Other,1076.09,366.816,0.0,0.0,0.0,0.0,17.0,669.2146673004173,391.95770093236143
P07T10,RElbow,1058.44,304.21,0.0,0.0,0.0,0.0,16.0,737.4573801097595,342.14937488990466
P07T10,LElbow,1099.54,259.082,0.0,0.0,0.0,0.0,17.0,667.855898617923,410.79069761485096
P07T10,LElbow,1119.1,210.128,0.0,0.0,0.0,0.0,14.0,739.9164103901442,363.02407810212094
P07T10,LElbow,1107.38,180.751,0.0,0.0,0.0,0.0,16.0,666.778230832095,407.0695718879479
P07T10,RElbow,1246.55,243.428,0.0,0.0,0.0,0.0,19.0,739.636974578864,364.3040893166111
P07T10,Other,0.0,0.0,1044.76,588.27,0.0,0.0,19.0,669.6944459123115,402.9093159530673
P07T10,Nose,1279.9,178.813,0.0,0.0,0.0,0.0,21.0,739.4376486564756,357.73451227578715
P07T10,Neck,1279.89,210.031,0.0,0.0,0.0,0.0,19.0,670.838675296352,403.1609458774742
P07T10,Neck,0.0,0.0,0.0,0.0,0.0,0.0,21.0,738.6788931741212,357.3975653059181
P07T10,RElbow,0.0,0.0,0.0,0.0,0.0,0.0,21.0,671.8538519382062,403.8344912658888
P07T10,Other,0.0,0.0,662.685,486.362,0.0,0.0,20.0,739.3745095692901,357.976217379815
P07T10,Other,0.0,0.0,0.0,0.0,0.0,0.0,22.0,671.0352344974704,403.2907009752244
P07T10,Nose,0.0,0.0,0.0,0.0,0.0,0.0,22.0,740.2550099467035,357.8601682357753
P07T10,Other,0.0,0.0,0.0,0.0,0.0,0.0,20.0,671.287426567253,402.4287402216959
P07T10,Other,1187.76,468.706,0.0,0.0,0.0,0.0,18.0,740.0473111763516,358.20116272686704
P07T10,Other,1195.56,490.293,0.0,0.0,0.0,0.0,19.0,671.9859023752304,400.9030525240446
P07T10,Other,1197.45,525.631,0.0,0.0,0.0,0.0,17.0,742.2940073788443,356.8544174722957
P07T10,Other,1185.8,492.238,0.0,0.0,0.0,0.0,18.0,671.9238106388849,400.9271025203149
P07T10,Other,1179.91,470.665,0.0,0.0,0.0,0.0,19.0,742.4572036699805,356.3427927484201
P07T10,Other,1175.97,460.864,701.865,695.921,0.0,0.0,17.0,673.4442336456543,399.3618105312086
P07T10,Other,1183.77,419.783,713.624,650.888,0.0,0.0,17.0,742.9671766711679,356.7666462579492
P07T10,Other,1197.44,398.138,0.0,0.0,0.0,0.0,19.0,672.823320632086,398.93008625542603
P07T10,Other,1195.51,368.88,0.0,0.0,0.0,0.0,21.0,743.3077636743388,356.37171283012503
P07T10,Other,1177.92,345.31,0.0,0.0,0.0,0.0,19.0,672.4398234390202,400.69594479111936
P07T10,Other,1123.08,302.19,0.0,0.0,0.0,0.0,16.0,743.2122657976706,357.0823840200357
P07T10,Other,1087.85,265.012,0.0,0.0,0.0,0.0,17.0,672.1839445095567,399.8240570271263
P07T10,Nose,1058.35,247.384,0.0,0.0,0.0,0.0,17.0,743.377894470801,356.2611804740916
P07T10,Neck,1017.26,245.364,0.0,0.0,0.0,0.0,17.0,672.3363091828455,398.9476284734022
P07T10,Neck,964.467,286.489,0.0,0.0,0.0,0.0,18.0,743.361327340444,356.7560294375403
P07T10,Neck,915.381,302.137,0.0,0.0,0.0,0.0,18.0,672.209951716276,400.27321721376677
P07T10,Neck,895.848,306.153,0.0,0.0,0.0,0.0,18.0,743.0913400056364,357.8724344446435
P07T10,Neck,872.362,319.902,0.0,0.0,0.0,0.0,18.0,672.4677363293522,400.972510778048
P07T10,Neck,899.721,339.449,0.0,0.0,0.0,0.0,18.0,743.4977099688338,357.7783949925448
P07T10,Neck,962.423,372.706,0.0,0.0,0.0,0.0,18.0,672.5949857403299,402.70225096028844
P07T10,Neck,1011.46,400.148,0.0,0.0,0.0,0.0,16.0,742.7477959568888,358.6471473278722
P07T10,Neck,1060.39,449.19,0.0,0.0,0.0,0.0,17.0,670.3073328391474,416.877917679813
P07T10,Other,1136.82,490.264,0.0,0.0,0.0,0.0,19.0,741.0996175230803,368.4088493453825
P07T10,Other,1217.13,427.599,0.0,0.0,0.0,0.0,21.0,665.8836139804821,431.0222850498239
P07T10,LElbow,343.347,223.813,0.0,0.0,394.296,257.102,14.0,740.9863311458737,383.76576959235916
P07T10,Other,nan,nan,nan,nan,nan,nan,nan,664.5198351623374,428.07698712421717
P07T10,Other,1228.92,265.002,0.0,0.0,0.0,0.0,21.0,743.1000851345173,384.17849150184264
P07T10,Other,1230.87,194.387,0.0,0.0,0.0,0.0,19.0,664.6969342021732,427.089507243667
P07T10,Other,1248.44,170.926,0.0,0.0,0.0,0.0,21.0,741.8289872220577,379.61951460350565
P07T10,Nose,nan,nan,nan,nan,nan,nan,nan,664.4997297966289,427.1215310368368
P07T10,Nose,nan,nan,nan,nan,nan,nan,nan,741.0532317465994,381.26529971594107
P07T10,Nose,0.0,0.0,0.0,0.0,0.0,0.0,22.0,666.3482925681567,428.634911949077
P07T10,Nose,1199.44,261.054,0.0,0.0,0.0,0.0,20.0,742.3067538011396,383.9968141426351
P07T10,Neck,1150.44,261.066,0.0,0.0,0.0,0.0,18.0,664.4243216126497,428.7902876003766
P07T10,Neck,1115.2,259.113,0.0,0.0,0.0,0.0,19.0,741.5921948787459,386.4277590209107
P07T10,Neck,1089.73,282.635,0.0,0.0,0.0,0.0,17.0,663.9200823569606,429.4333102027168
P07T10,Neck,1072.11,327.708,0.0,0.0,0.0,0.0,17.0,742.4303154342955,386.98355617884926
P07T10,Neck,1074.13,351.117,0.0,0.0,0.0,0.0,18.0,664.9775417236548,431.9035390588144
P07T10,Neck,1089.79,353.146,0.0,0.0,0.0,0.0,19.0,741.8594914275081,388.7342210539866
P07T10,Neck,1089.78,333.532,0.0,0.0,0.0,0.0,19.0,664.852484108774,431.9531853302631
P07T10,Neck,972.232,194.48,0.0,0.0,0.0,0.0,19.0,742.7898592183498,390.9287950922727
P07T10,Neck,974.143,214.09,0.0,0.0,0.0,0.0,19.0,663.6750499315225,434.4555236484547
P07T10,Neck,1089.76,398.251,0.0,0.0,0.0,0.0,19.0,743.9873776992057,391.6694241713956
P07T10,Neck,1107.46,411.933,0.0,0.0,0.0,0.0,20.0,664.9351075920313,435.3851447430962
P07T10,Neck,1011.44,243.429,0.0,0.0,0.0,0.0,17.0,743.5083911229517,392.8283610684257
P07T10,Neck,1011.38,241.504,0.0,0.0,0.0,0.0,19.0,663.8725914126646,436.4955880072139
P07T10,Neck,997.728,245.392,0.0,0.0,0.0,0.0,18.0,743.8117439839608,395.06524646976914
P07T10,Neck,972.225,227.705,0.0,0.0,0.0,0.0,18.0,663.616534502451,436.10162207178985
P07T10,Neck,942.854,198.405,0.0,0.0,0.0,0.0,19.0,744.2879134596201,397.3495674878129
P07T10,Neck,899.768,165.151,0.0,0.0,0.0,0.0,18.0,663.2788553992293,437.86260323528614
P07T10,Nose,1034.92,253.23,0.0,0.0,0.0,0.0,21.0,744.4077581036468,398.08671353569497
P07T10,Nose,0.0,0.0,0.0,0.0,0.0,0.0,22.0,662.3823743658277,436.8111338359543
P07T10,Nose,978.125,227.817,0.0,0.0,0.0,0.0,22.0,744.3105097934679,397.25689692654834
P07T10,Nose,899.733,223.803,0.0,0.0,0.0,0.0,22.0,661.0177723704146,437.7653246549105
P07T10,Neck,754.732,263.022,0.0,0.0,0.0,0.0,19.0,743.8531986445523,397.90764133098503
P07T10,Nose,656.82,276.753,0.0,0.0,0.0,0.0,22.0,661.4220170538388,439.94807605018866
P07T10,Neck,0.0,0.0,0.0,0.0,0.0,0.0,19.0,744.0938216328641,398.89229087692337
P07T10,Neck,0.0,0.0,0.0,0.0,0.0,0.0,19.0,661.3038011722823,439.15368205233756
P07T10,Nose,nan,nan,nan,nan,nan,nan,nan,743.425650477863,399.3152054178661
P07T10,LElbow,0.0,0.0,0.0,0.0,0.0,0.0,22.0,659.9558444740404,438.90867368470424
